      1     -56302.19000
      2     -45040.94000
      3     -58722.53000
      4     -80492.28000
      5     -81435.94000
      6     -69102.09000
      7     -70857.25000
      8     -79363.91000
      9     -63319.16000
     10     -29153.09000
     11     -20636.50000
     12     -53155.97000
     13     -93537.94000
     14    -109863.40000
     15    -103533.20000
     16     -90758.75000
     17     -82867.16000
     18     -80599.09000
     19     -69046.75000
     20     -35427.47000
     21      -2909.81200
     22     -12878.38000
     23     -61300.94000
     24     -95751.62000
     25     -89023.44000
     26     -69941.16000
     27     -67624.94000
     28     -70860.09000
     29     -59287.81000
     30     -38444.38000
     31     -28474.94000
     32     -39169.56000
     33     -62915.38000
     34     -81175.66000
     35     -79814.12000
     36     -62883.66000
     37     -46296.75000
     38     -40234.09000
     39     -45659.03000
     40     -59388.78000
     41     -71266.56000
     42     -67905.50000
     43     -51105.94000
     44     -41373.84000
     45     -53591.62000
     46     -79490.41000
     47     -99113.59000
     48     -99512.56000
     49     -82331.94000
     50     -62805.34000
     51     -58398.72000
     52     -70599.84000
     53     -83572.28000
     54     -85270.09000
     55     -80283.06000
     56     -78179.12000
     57     -79372.62000
     58     -78654.47000
     59     -77196.59000
     60     -83043.31000
     61     -95158.84000
     62     -95492.03000
     63     -72722.88000
     64     -47179.09000
     65     -47403.47000
     66     -67799.50000
     67     -80532.41000
     68     -81662.75000
     69     -89529.19000
     70    -104631.80000
     71    -107957.70000
     72     -94782.06000
     73     -79245.72000
     74     -68427.12000
     75     -54776.38000
     76     -34836.31000
     77     -20305.75000
     78     -22937.50000
     79     -34263.03000
     80     -35310.81000
     81     -28530.38000
     82     -36258.44000
     83     -59320.94000
     84     -68222.69000
     85     -49862.78000
     86     -30833.31000
     87     -38513.22000
     88     -68129.06000
     89     -97836.94000
     90    -108633.60000
     91     -87997.47000
     92     -45406.53000
     93     -21208.50000
     94     -45367.75000
     95     -91536.25000
     96    -108293.20000
     97     -89068.38000
     98     -71079.06000
     99     -73898.59000
    100     -83366.38000
    101     -88919.09000
    102     -92411.12000
    103     -87094.78000
    104     -67591.03000
    105     -50526.03000
    106     -52266.12000
    107     -60222.00000
    108     -53089.91000
    109     -32631.44000
    110     -15028.06000
    111      -8306.68800
    112     -12573.88000
    113     -26090.19000
    114     -40287.81000
    115     -42834.84000
    116     -33978.69000
    117     -28714.12000
    118     -35814.38000
    119     -45473.78000
    120     -47170.50000
    121     -48252.75000
    122     -60045.34000
    123     -74523.66000
    124     -74562.16000
    125     -63227.00000
    126     -62649.94000
    127     -82040.22000
    128    -103188.20000
    129    -102814.20000
    130     -78729.12000
    131     -49601.84000
    132     -35888.56000
    133     -45548.28000
    134     -73104.72000
    135    -104244.20000
    136    -119852.30000
    137    -106107.20000
    138     -71876.28000
    139     -46435.84000
    140     -44089.69000
    141     -45778.94000
    142     -36676.06000
    143     -34095.25000
    144     -46342.38000
    145     -44944.25000
    146     -19974.69000
    147     -13967.38000
    148     -55161.50000
    149    -109424.00000
    150    -134234.50000
    151    -126213.40000
    152     -98941.44000
    153     -70892.19000
    154     -71443.09000
    155    -104278.00000
    156    -127103.80000
    157    -110652.30000
    158     -79304.22000
    159     -64179.22000
    160     -63530.47000
    161     -63969.38000
    162     -55461.44000
    163     -28825.56000
    164       4946.56200
    165      14230.44000
    166      -5420.62500
    167     -17277.62000
    168      -2149.00000
    169       8105.31200
    170     -18294.31000
    171     -62486.44000
    172     -85138.12000
    173     -82671.38000
    174     -79929.00000
    175     -82366.53000
    176     -75111.81000
    177     -63238.28000
    178     -68702.28000
    179     -85862.72000
    180     -82987.59000
    181     -54339.56000
    182     -33452.81000
    183     -45903.00000
    184     -76347.72000
    185     -93471.88000
    186     -90864.22000
    187     -86296.41000
    188     -84891.53000
    189     -68170.06000
    190     -31514.56000
    191      -3684.87500
    192      -6920.75000
    193     -26198.50000
    194     -39420.50000
    195     -46596.25000
    196     -51391.06000
    197     -48572.25000
    198     -43047.88000
    199     -48854.12000
    200     -63939.62000
    201     -74401.50000
    202     -80108.97000
    203     -89914.66000
    204    -100395.00000
    205    -101688.50000
    206     -94483.22000
    207     -84125.25000
    208     -69157.41000
    209     -49444.75000
    210     -34879.25000
    211     -33108.06000
    212     -37842.06000
    213     -42692.88000
    214     -55292.56000
    215     -79118.94000
    216     -92545.75000
    217     -71876.06000
    218     -28935.25000
    219       -530.93750
    220      -5457.31200
    221     -31104.25000
    222     -55384.56000
    223     -67248.50000
    224     -70662.84000
    225     -72868.12000
    226     -68303.94000
    227     -47207.88000
    228     -21387.56000
    229     -16591.88000
    230     -35529.31000
    231     -54589.25000
    232     -56967.44000
    233     -46879.94000
    234     -39636.94000
    235     -52855.94000
    236     -90959.41000
    237    -130159.10000
    238    -139351.80000
    239    -115620.40000
    240     -80533.66000
    241     -52013.50000
    242     -37238.50000
    243     -37330.00000
    244     -43626.75000
    245     -43337.06000
    246     -37082.75000
    247     -39893.00000
    248     -60311.31000
    249     -84616.19000
    250     -87739.31000
    251     -62985.94000
    252     -34002.06000
    253     -27303.06000
    254     -43840.75000
    255     -69589.00000
    256     -95464.62000
    257    -112650.30000
    258    -111097.80000
    259     -95277.16000
    260     -79608.03000
    261     -67333.00000
    262     -56983.00000
    263     -58456.25000
    264     -75038.28000
    265     -86048.97000
    266     -73031.84000
    267     -45592.75000
    268     -24260.44000
    269     -17958.12000
    270     -27632.69000
    271     -48842.88000
    272     -64875.75000
    273     -58363.50000
    274     -35361.19000
    275     -22910.12000
    276     -36175.25000
    277     -57079.88000
    278     -55592.44000
    279     -29958.81000
    280      -9782.50000
    281     -14968.31000
    282     -33035.81000
    283     -46071.19000
    284     -55252.44000
    285     -65977.19000
    286     -73267.50000
    287     -73700.62000
    288     -70949.69000
    289     -63396.56000
    290     -44993.69000
    291     -20889.25000
    292      -6333.43800
    293      -9185.25000
    294     -22287.81000
    295     -31977.06000
    296     -31245.06000
    297     -27669.00000
    298     -35025.75000
    299     -51786.06000
    300     -56776.69000
    301     -36646.62000
    302      -8955.50000
    303      -2967.06200
    304     -22469.81000
    305     -42196.06000
    306     -40204.94000
    307     -23059.88000
    308     -16733.44000
    309     -36303.44000
    310     -67008.44000
    311     -80642.62000
    312     -68952.88000
    313     -47353.81000
    314     -28955.88000
    315     -17714.69000
    316     -22268.88000
    317     -45475.50000
    318     -67085.38000
    319     -67551.31000
    320     -54165.19000
    321     -36366.62000
    322      -6415.43800
    323      27014.06000
    324      28947.19000
    325      -7587.18800
    326     -41271.50000
    327     -42186.75000
    328     -29631.06000
    329     -32528.56000
    330     -48555.75000
    331     -55155.44000
    332     -38713.62000
    333      -8737.68800
    334       9794.68800
    335       3746.93800
    336     -14323.12000
    337     -28750.75000
    338     -38661.88000
    339     -42216.12000
    340     -29679.88000
    341      -3576.12500
    342      19758.06000
    343      29622.94000
    344      19438.50000
    345     -19337.62000
    346     -76091.44000
    347    -114485.20000
    348    -110638.10000
    349     -78559.69000
    350     -46771.25000
    351     -30687.12000
    352     -30719.75000
    353     -38518.25000
    354     -46055.75000
    355     -54902.00000
    356     -67287.62000
    357     -72412.31000
    358     -59286.62000
    359     -36241.81000
    360     -19383.19000
    361     -10899.06000
    362      -4932.43800
    363      -5916.43800
    364     -24194.06000
    365     -53548.62000
    366     -67779.81000
    367     -50860.06000
    368     -22434.88000
    369     -14458.44000
    370     -26860.31000
    371     -31310.69000
    372     -18099.00000
    373     -10907.50000
    374     -28132.31000
    375     -54713.25000
    376     -65813.12000
    377     -61224.19000
    378     -57988.44000
    379     -57640.69000
    380     -44206.31000
    381     -15532.19000
    382       6701.18800
    383       6884.06200
    384      -3365.06200
    385      -4540.18800
    386       2131.75000
    387      -3080.18800
    388     -29278.25000
    389     -56252.81000
    390     -53285.75000
    391     -17195.69000
    392      18496.94000
    393      17072.88000
    394     -22461.25000
    395     -60479.06000
    396     -54063.25000
    397      -6792.18800
    398      28484.12000
    399      13555.56000
    400     -25444.94000
    401     -37958.25000
    402     -17330.50000
    403       3392.37500
    404       3797.25000
    405      -9018.75000
    406     -21426.88000
    407     -24647.06000
    408     -18800.75000
    409     -16444.00000
    410     -24941.50000
    411     -26545.44000
    412       1011.56200
    413      48987.12000
    414      86002.69000
    415      95236.19000
    416      83325.12000
    417      63332.06000
    418      46565.06000
    419      39195.12000
    420      32977.50000
    421      14086.25000
    422      -8927.50000
    423      -9461.43800
    424      12806.44000
    425      22478.62000
    426       2620.06200
    427     -16659.31000
    428     -10175.44000
    429        909.31250
    430      -6434.81200
    431     -10678.69000
    432      14027.38000
    433      45304.62000
    434      44862.50000
    435      18380.81000
    436       2048.06200
    437       5003.62500
    438       3048.06200
    439     -15096.56000
    440     -28062.62000
    441     -17311.75000
    442       2231.68800
    443       4578.56200
    444      -9484.43800
    445     -16986.94000
    446      -5800.25000
    447      15994.44000
    448      37417.62000
    449      55346.69000
    450      68694.94000
    451      73025.00000
    452      66972.75000
    453      60700.25000
    454      67887.19000
    455      86849.31000
    456     102710.80000
    457     108952.20000
    458     109625.50000
    459     104489.50000
    460      95582.94000
    461     100563.90000
    462     130623.10000
    463     165832.30000
    464     180740.20000
    465     181707.70000
    466     191650.50000
    467     213492.90000
    468     235265.40000
    469     257789.70000
    470     290938.40000
    471     330716.80000
    472     364206.90000
    473     392456.20000
    474     428533.00000
    475     477130.20000
    476     536716.60000
    477     615316.50000
    478     718175.80000
    479     826048.40000
    480     915574.90000
    481     999861.10000
    482    1119784.00000
    483    1296502.00000
    484    1516244.00000
    485    1754878.00000
    486    1996530.00000
    487    2237739.00000
    488    2490001.00000
    489    2762023.00000
    490    3029285.00000
    491    3243038.00000
    492    3375223.00000
    493    3431660.00000
    494    3421779.00000
    495    3343122.00000
    496    3196676.00000
    497    3000756.00000
    498    2789760.00000
    499    2595063.00000
    500    2413013.00000
    501    2209793.00000
    502    1983604.00000
    503    1792625.00000
    504    1683676.00000
    505    1626504.00000
    506    1562699.00000
    507    1485885.00000
    508    1423787.00000
    509    1370783.00000
    510    1297226.00000
    511    1213064.00000
    512    1164366.00000
    513    1162546.00000
    514    1166959.00000
    515    1147607.00000
    516    1118741.00000
    517    1099679.00000
    518    1088590.00000
    519    1085732.00000
    520    1100399.00000
    521    1128453.00000
    522    1155409.00000
    523    1176086.00000
    524    1187462.00000
    525    1180877.00000
    526    1159058.00000
    527    1135990.00000
    528    1111607.00000
    529    1074541.00000
    530    1030785.00000
    531    1002361.00000
    532     999149.20000
    533    1010482.00000
    534    1019393.00000
    535    1013366.00000
    536     986105.60000
    537     939185.90000
    538     886364.60000
    539     850334.20000
    540     841241.70000
    541     840126.00000
    542     820584.40000
    543     780703.50000
    544     733531.90000
    545     680183.10000
    546     618563.60000
    547     561829.90000
    548     521654.90000
    549     490384.50000
    550     460136.90000
    551     438136.50000
    552     424961.80000
    553     402364.20000
    554     362592.40000
    555     326514.50000
    556     310507.20000
    557     296470.90000
    558     259140.20000
    559     205654.50000
    560     163163.30000
    561     140682.00000
    562     125360.80000
    563     107181.80000
    564      92284.44000
    565      95480.12000
    566     120907.10000
    567     147661.90000
    568     146348.80000
    569     114380.90000
    570      78564.25000
    571      63191.44000
    572      74565.81000
    573     107138.90000
    574     139638.90000
    575     138094.70000
    576      90524.00000
    577      29630.44000
    578       1148.18800
    579      17327.50000
    580      51751.69000
    581      70379.06000
    582      61507.31000
    583      41781.88000
    584      35350.88000
    585      46207.25000
    586      54557.75000
    587      40205.50000
    588       4279.93800
    589     -31348.31000
    590     -43207.25000
    591     -27728.31000
    592      -3371.75000
    593      12203.44000
    594      18490.88000
    595      18579.19000
    596       7893.62500
    597      -8503.31200
    598     -10819.50000
    599       4458.25000
    600      15085.19000
    601      11541.31000
    602      13156.44000
    603      30791.62000
    604      48323.31000
    605      53588.62000
    606      53679.31000
    607      52583.81000
    608      46503.94000
    609      43390.62000
    610      54807.81000
    611      68699.62000
    612      61942.50000
    613      40023.88000
    614      32734.06000
    615      48276.00000
    616      63033.06000
    617      61785.50000
    618      56550.38000
    619      56906.62000
    620      52262.38000
    621      37178.12000
    622      28961.88000
    623      42249.56000
    624      62172.25000
    625      62267.88000
    626      42612.75000
    627      30738.88000
    628      43485.94000
    629      66920.75000
    630      79265.00000
    631      75505.38000
    632      63886.56000
    633      54130.50000
    634      51761.88000
    635      52626.50000
    636      47203.69000
    637      37072.56000
    638      35118.69000
    639      43960.12000
    640      49482.38000
    641      41823.88000
    642      29771.62000
    643      27059.62000
    644      32301.31000
    645      33191.38000
    646      28504.12000
    647      30343.81000
    648      41355.69000
    649      49500.06000
    650      51258.69000
    651      57714.81000
    652      71672.69000
    653      79968.50000
    654      73806.06000
    655      61041.75000
    656      54237.12000
    657      54573.50000
    658      51726.81000
    659      40127.56000
    660      30613.81000
    661      39916.25000
    662      71270.31000
    663     107053.20000
    664     117524.30000
    665      86838.25000
    666      38637.75000
    667      16687.19000
    668      31375.31000
    669      52595.00000
    670      60353.69000
    671      65485.06000
    672      75511.75000
    673      80276.88000
    674      79964.50000
    675      91792.69000
    676     114645.40000
    677     114950.40000
    678      71827.25000
    679      19879.12000
    680      13537.69000
    681      54803.00000
    682      94244.00000
    683      99332.50000
    684      80223.25000
    685      55521.38000
    686      37128.25000
    687      38856.69000
    688      59111.62000
    689      68884.94000
    690      50027.06000
    691      25790.31000
    692      24218.56000
    693      33328.81000
    694      24073.44000
    695       2063.56200
    696       1185.75000
    697      27899.50000
    698      46785.81000
    699      31782.44000
    700       1980.06200
    701      -9094.25000
    702       3757.25000
    703      18688.19000
    704      14154.81000
    705     -10698.88000
    706     -33241.62000
    707     -30120.69000
    708      -7762.06200
    709       4984.43800
    710      -2835.50000
    711     -11959.88000
    712      -4878.18800
    713       8509.68800
    714       5898.50000
    715     -13823.88000
    716     -23826.19000
    717      -6018.93800
    718      17517.25000
    719      14882.75000
    720      -5054.43800
    721      -8105.56200
    722       9204.81200
    723      18641.88000
    724       6123.00000
    725     -16515.19000
    726     -35799.06000
    727     -46804.12000
    728     -48758.00000
    729     -43736.44000
    730     -33725.19000
    731     -22034.25000
    732     -19249.88000
    733     -29547.19000
    734     -34275.06000
    735     -17760.75000
    736        837.81250
    737      -4390.00000
    738     -23255.56000
    739     -28943.56000
    740     -18978.44000
    741      -8128.25000
    742      -4623.18800
    743     -12888.69000
    744     -34774.12000
    745     -57673.50000
    746     -64567.50000
    747     -57945.69000
    748     -53764.81000
    749     -56123.44000
    750     -55717.81000
    751     -48530.69000
    752     -42633.88000
    753     -47696.12000
    754     -62393.56000
    755     -71854.69000
    756     -61415.19000
    757     -34750.19000
    758     -10702.31000
    759      -1319.12500
    760      -4402.37500
    761     -15060.94000
    762     -27398.81000
    763     -28622.69000
    764     -12122.12000
    765       7821.56200
    766      13812.69000
    767       9243.68800
    768       6172.81200
    769       2088.93800
    770     -12007.62000
    771     -30982.75000
    772     -40215.50000
    773     -36303.25000
    774     -31680.25000
    775     -35964.31000
    776     -39884.12000
    777     -31226.75000
    778     -24265.56000
    779     -46333.25000
    780     -88347.94000
    781    -104523.60000
    782     -77012.81000
    783     -42326.94000
    784     -32365.94000
    785     -30012.38000
    786     -11917.75000
    787       2709.87500
    788     -16288.00000
    789     -55190.31000
    790     -71402.94000
    791     -51087.00000
    792     -21732.38000
    793     -12545.12000
    794     -24686.62000
    795     -40917.12000
    796     -49455.62000
    797     -51028.25000
    798     -47000.50000
    799     -33834.00000
    800     -16312.12000
    801     -11355.12000
    802     -24323.81000
    803     -36270.69000
    804     -31348.38000
    805     -21899.62000
    806     -29995.94000
    807     -56213.25000
    808     -80229.19000
    809     -85660.38000
    810     -75142.19000
    811     -60781.75000
    812     -45771.44000
    813     -25448.12000
    814      -4491.18800
    815       4234.18800
    816       -543.87500
    817      -8227.68800
    818     -14411.12000
    819     -20777.88000
    820     -22106.69000
    821     -11291.19000
    822       6980.56200
    823      19942.25000
    824      21064.75000
    825      14646.56000
    826       5983.81200
    827      -9525.37500
    828     -36449.31000
    829     -57743.06000
    830     -48026.62000
    831     -18432.56000
    832     -14984.31000
    833     -54016.38000
    834     -93156.69000
    835     -88304.00000
    836     -50328.75000
    837     -24682.12000
    838     -36744.69000
    839     -72729.31000
    840     -99595.50000
    841     -94336.19000
    842     -63726.44000
    843     -39070.06000
    844     -43519.94000
    845     -64804.06000
    846     -69375.38000
    847     -42489.00000
    848      -3055.31200
    849      20202.69000
    850      15039.75000
    851      -9786.81200
    852     -33734.81000
    853     -41853.81000
    854     -40959.19000
    855     -46423.50000
    856     -50702.00000
    857     -33301.31000
    858      -6590.25000
    859     -10691.25000
    860     -51591.06000
    861     -87595.69000
    862     -88952.94000
    863     -68786.94000
    864     -46032.00000
    865     -19400.88000
    866      10340.94000
    867      24968.25000
    868       9555.81200
    869     -25438.88000
    870     -50936.44000
    871     -48900.06000
    872     -34429.12000
    873     -37131.06000
    874     -58054.31000
    875     -66430.06000
    876     -47380.69000
    877     -26747.50000
    878     -33587.06000
    879     -60087.00000
    880     -74408.94000
    881     -58205.88000
    882     -19969.56000
    883      16843.25000
    884      29818.88000
    885      11987.19000
    886     -19665.06000
    887     -36379.88000
    888     -28484.12000
    889     -17825.19000
    890     -26753.50000
    891     -44096.12000
    892     -43387.94000
    893     -26985.25000
    894     -22955.94000
    895     -41576.62000
    896     -64283.50000
    897     -73602.62000
    898     -67981.81000
    899     -52089.12000
    900     -34460.81000
    901     -27023.56000
    902     -31573.69000
    903     -37481.31000
    904     -39616.19000
    905     -42518.12000
    906     -45752.25000
    907     -43461.62000
    908     -35809.50000
    909     -24868.25000
    910      -8126.25000
    911       8406.12500
    912       5523.75000
    913     -22246.88000
    914     -49929.44000
    915     -53265.81000
    916     -44544.19000
    917     -54463.75000
    918     -85879.12000
    919    -109530.90000
    920    -104905.30000
    921     -83800.38000
    922     -69522.06000
    923     -69659.38000
    924     -74781.12000
    925     -72121.81000
    926     -56018.56000
    927     -33306.88000
    928     -19751.00000
    929     -22733.44000
    930     -28123.56000
    931     -16385.31000
    932       7713.25000
    933      17026.25000
    934      -2401.43800
    935     -34218.88000
    936     -56506.25000
    937     -66564.00000
    938     -72780.31000
    939     -76454.50000
    940     -71615.94000
    941     -55917.38000
    942     -35427.50000
    943     -18604.50000
    944      -6271.62500
    945       6650.43800
    946      16389.00000
    947       8935.62500
    948     -18706.88000
    949     -48504.50000
    950     -61959.38000
    951     -60506.94000
    952     -60167.69000
    953     -72674.12000
    954     -90134.31000
    955     -86023.75000
    956     -43930.00000
    957      13411.38000
    958      45383.69000
    959      43325.69000
    960      30673.06000
    961      17842.19000
    962      -3767.00000
    963     -25784.56000
    964     -26387.31000
    965     -11643.81000
    966     -10135.56000
    967     -24504.06000
    968     -29450.75000
    969     -19301.12000
    970     -18269.75000
    971     -38269.62000
    972     -59179.50000
    973     -59447.62000
    974     -44014.88000
    975     -34282.00000
    976     -42549.25000
    977     -60490.62000
    978     -68145.88000
    979     -54616.00000
    980     -28963.19000
    981      -6655.06200
    982       6698.62500
    983       8680.56200
    984      -8626.62500
    985     -43222.56000
    986     -72985.56000
    987     -78943.62000
    988     -66393.81000
    989     -52368.62000
    990     -48564.75000
    991     -59609.44000
    992     -77149.00000
    993     -78659.62000
    994     -53962.50000
    995     -24872.12000
    996     -18779.88000
    997     -34055.06000
    998     -46938.38000
    999     -41426.31000
   1000     -23435.81000
   1001     -12488.31000
   1002     -20151.44000
   1003     -35161.44000
   1004     -38593.75000
   1005     -31467.00000
   1006     -29992.62000
   1007     -35546.62000
   1008     -32019.31000
   1009     -16562.19000
   1010     -10338.06000
   1011     -27997.06000
   1012     -54761.50000
   1013     -68304.56000
   1014     -66921.38000
   1015     -58403.56000
   1016     -40407.25000
   1017     -15330.31000
   1018      -4561.75000
   1019     -20607.44000
   1020     -44085.69000
   1021     -53009.25000
   1022     -53822.94000
   1023     -61381.06000
   1024     -70742.50000
   1025     -69878.75000
   1026     -61107.44000
   1027     -53251.50000
   1028     -46917.25000
   1029     -37662.56000
   1030     -23212.19000
   1031      -4986.12500
   1032       7704.06200
   1033       -121.50000
   1034     -29144.38000
   1035     -54611.62000
   1036     -51912.12000
   1037     -28154.56000
   1038     -11849.19000
   1039     -16759.94000
   1040     -32253.12000
   1041     -44178.44000
   1042     -48576.81000
   1043     -46877.00000
   1044     -40650.25000
   1045     -32532.69000
   1046     -26563.19000
   1047     -27024.19000
   1048     -36826.44000
   1049     -53884.25000
   1050     -69752.88000
   1051     -75553.25000
   1052     -69552.69000
   1053     -56277.44000
   1054     -38730.00000
   1055     -16368.25000
   1056       7336.37500
   1057      20925.56000
   1058      13733.00000
   1059     -13899.75000
   1060     -49918.31000
   1061     -75833.06000
   1062     -77070.94000
   1063     -56507.88000
   1064     -31847.00000
   1065     -13222.00000
   1066       3376.43800
   1067      16355.75000
   1068      15058.31000
   1069       1197.00000
   1070     -12563.00000
   1071     -27112.50000
   1072     -50275.69000
   1073     -69404.25000
   1074     -64563.88000
   1075     -44477.56000
   1076     -35711.81000
   1077     -42057.62000
   1078     -45742.81000
   1079     -41360.50000
   1080     -38923.56000
   1081     -40376.12000
   1082     -40706.00000
   1083     -45195.94000
   1084     -59090.38000
   1085     -66596.25000
   1086     -47300.81000
   1087     -11211.00000
   1088       7319.56200
   1089      -6979.87500
   1090     -31820.38000
   1091     -38512.00000
   1092     -28237.62000
   1093     -25223.56000
   1094     -39303.94000
   1095     -52482.88000
   1096     -46139.94000
   1097     -23949.25000
   1098      -1656.43800
   1099      10157.06000
   1100      10457.06000
   1101       8474.43800
   1102      14866.88000
   1103      23032.44000
   1104      15322.56000
   1105      -6847.12500
   1106     -24082.44000
   1107     -30640.44000
   1108     -35046.31000
   1109     -36064.06000
   1110     -30346.25000
   1111     -30567.44000
   1112     -43645.62000
   1113     -48415.25000
   1114     -26004.38000
   1115       4626.50000
   1116       8520.18800
   1117     -19998.62000
   1118     -53197.94000
   1119     -63635.12000
   1120     -50469.62000
   1121     -35320.94000
   1122     -35542.62000
   1123     -42495.88000
   1124     -32310.00000
   1125         22.06250
   1126      27752.62000
   1127      21937.31000
   1128     -11615.38000
   1129     -36404.31000
   1130     -30941.38000
   1131     -18029.44000
   1132     -29674.69000
   1133     -53436.94000
   1134     -49515.12000
   1135     -17160.56000
   1136       2492.25000
   1137      -8710.81200
   1138     -26744.00000
   1139     -32542.06000
   1140     -33729.19000
   1141     -40344.06000
   1142     -51410.94000
   1143     -59764.31000
   1144     -55695.25000
   1145     -39388.00000
   1146     -28252.44000
   1147     -33288.12000
   1148     -40881.44000
   1149     -35486.31000
   1150     -22532.81000
   1151     -17088.00000
   1152     -25270.69000
   1153     -39980.56000
   1154     -46864.75000
   1155     -39521.31000
   1156     -27126.19000
   1157     -19144.75000
   1158     -14593.44000
   1159     -13256.69000
   1160     -18555.50000
   1161     -26791.38000
   1162     -30850.69000
   1163     -28461.81000
   1164     -18346.88000
   1165      -5577.12500
   1166      -9129.31200
   1167     -37751.81000
   1168     -67336.19000
   1169     -68954.25000
   1170     -45440.69000
   1171     -22577.62000
   1172     -22372.75000
   1173     -50972.75000
   1174     -92477.50000
   1175    -117551.90000
   1176    -112902.30000
   1177     -91032.31000
   1178     -66575.19000
   1179     -43365.62000
   1180     -24088.00000
   1181     -10429.25000
   1182       2473.93800
   1183      14728.69000
   1184      13605.06000
   1185      -9275.18800
   1186     -40037.62000
   1187     -53238.94000
   1188     -39816.81000
   1189     -18900.75000
   1190     -17399.62000
   1191     -39003.31000
   1192     -59333.56000
   1193     -53145.56000
   1194     -22896.00000
   1195       2062.50000
   1196      -2496.75000
   1197     -26704.81000
   1198     -40587.94000
   1199     -33993.19000
   1200     -24380.62000
   1201     -29004.38000
   1202     -48780.50000
   1203     -70959.25000
   1204     -74104.31000
   1205     -50644.44000
   1206     -30270.56000
   1207     -47494.19000
   1208     -86408.88000
   1209     -98809.25000
   1210     -71224.44000
   1211     -33033.75000
   1212     -10394.69000
   1213      -7340.75000
   1214     -17671.44000
   1215     -30744.00000
   1216     -36864.31000
   1217     -34245.06000
   1218     -24390.94000
   1219     -11750.88000
   1220      -9170.43800
   1221     -20048.75000
   1222     -22076.94000
   1223       -649.31250
   1224      18730.44000
   1225       8673.56200
   1226     -14037.88000
   1227     -19257.12000
   1228     -12744.81000
   1229     -17768.62000
   1230     -33260.00000
   1231     -41820.31000
   1232     -39760.00000
   1233     -36004.12000
   1234     -33781.06000
   1235     -29535.19000
