      1     -19052.38000
      2      15488.34000
      3      29445.22000
      4      11307.84000
      5     -15002.50000
      6     -29119.28000
      7     -40289.62000
      8     -57750.48000
      9     -64257.66000
     10     -43762.47000
     11     -15037.88000
     12      -9437.28100
     13     -27228.84000
     14     -44250.55000
     15     -50539.88000
     16     -51627.59000
     17     -45285.42000
     18     -30343.05000
     19     -23525.91000
     20     -34724.41000
     21     -42850.72000
     22     -26426.88000
     23          5.50000
     24       5804.31200
     25     -14929.91000
     26     -42487.47000
     27     -59850.70000
     28     -66788.98000
     29     -70173.62000
     30     -68929.23000
     31     -52846.66000
     32     -18894.03000
     33      15134.62000
     34      23635.84000
     35       1002.84400
     36     -33753.12000
     37     -61993.47000
     38     -81735.25000
     39     -95315.39000
     40     -97952.52000
     41     -88005.33000
     42     -74616.69000
     43     -64969.30000
     44     -55514.42000
     45     -44183.19000
     46     -40469.98000
     47     -52768.02000
     48     -70293.17000
     49     -69576.50000
     50     -44113.27000
     51     -19280.34000
     52     -23547.22000
     53     -47636.56000
     54     -53918.30000
     55     -30843.47000
     56     -11701.44000
     57     -25681.75000
     58     -57797.22000
     59     -77064.34000
     60     -77472.27000
     61     -68016.64000
     62     -49604.98000
     63     -25526.88000
     64      -9262.28100
     65      -4604.90600
     66      -3997.00000
     67     -12550.84000
     68     -40127.88000
     69     -70200.11000
     70     -75083.64000
     71     -59409.89000
     72     -51103.67000
     73     -54605.69000
     74     -49199.03000
     75     -29254.34000
     76     -13251.97000
     77     -11451.88000
     78     -11300.72000
     79      -3176.87500
     80       -410.81250
     81     -17698.09000
     82     -40787.34000
     83     -39035.62000
     84      -6344.93800
     85      29194.91000
     86      37263.94000
     87      11666.28000
     88     -33748.72000
     89     -78072.17000
     90    -100530.10000
     91     -90086.28000
     92     -56296.25000
     93     -24578.44000
     94     -13254.53000
     95     -15962.00000
     96     -13794.81000
     97      -4439.87500
     98      -5882.50000
     99     -26921.97000
    100     -50317.83000
    101     -55068.67000
    102     -42550.31000
    103     -32809.66000
    104     -43120.06000
    105     -69572.67000
    106     -84740.28000
    107     -64023.19000
    108     -19187.47000
    109      11711.34000
    110      10769.53000
    111      -4648.87500
    112     -12968.88000
    113     -12109.03000
    114     -11886.84000
    115     -19868.44000
    116     -35229.91000
    117     -50387.19000
    118     -59166.62000
    119     -58762.64000
    120     -45202.16000
    121     -22933.62000
    122     -15193.09000
    123     -37619.06000
    124     -65595.55000
    125     -60049.25000
    126     -22165.97000
    127       8927.31200
    128       7313.53100
    129     -19162.81000
    130     -51573.56000
    131     -78164.02000
    132     -94146.59000
    133     -99119.84000
    134     -93367.25000
    135     -75966.56000
    136     -52908.09000
    137     -38455.06000
    138     -37140.72000
    139     -36274.62000
    140     -28365.47000
    141     -25106.00000
    142     -35921.78000
    143     -48501.91000
    144     -43659.16000
    145     -18928.09000
    146      10227.09000
    147      23830.69000
    148      10045.44000
    149     -24733.72000
    150     -54363.00000
    151     -52614.56000
    152     -23353.09000
    153      -1987.50000
    154     -13133.59000
    155     -36524.38000
    156     -37165.94000
    157     -20133.81000
    158     -23561.47000
    159     -57616.06000
    160     -83183.19000
    161     -61711.62000
    162      -5476.00000
    163      34113.91000
    164      22123.28000
    165     -23762.03000
    166     -54973.91000
    167     -45333.97000
    168     -12970.41000
    169       9073.65600
    170       7072.06200
    171     -12418.16000
    172     -37174.91000
    173     -54613.25000
    174     -56116.69000
    175     -45086.81000
    176     -31081.53000
    177     -16154.78000
    178      -1256.84400
    179        553.93750
    180     -18576.50000
    181     -37908.47000
    182     -30920.28000
    183      -6289.65600
    184       2462.34400
    185     -16548.12000
    186     -43048.16000
    187     -56686.84000
    188     -58032.25000
    189     -55974.19000
    190     -50573.50000
    191     -38573.84000
    192     -27186.22000
    193     -24457.88000
    194     -20056.47000
    195      -1282.21900
    196      16597.72000
    197       9207.68800
    198     -14823.34000
    199     -28313.28000
    200     -29406.06000
    201     -30965.41000
    202     -25686.38000
    203      -3497.31200
    204      16085.94000
    205       6968.84400
    206     -24750.66000
    207     -51076.75000
    208     -55749.75000
    209     -41934.38000
    210     -21178.78000
    211      -5796.68800
    212      -4472.87500
    213     -19696.41000
    214     -46584.53000
    215     -71252.56000
    216     -77764.97000
    217     -65459.56000
    218     -51585.06000
    219     -48187.97000
    220     -46322.28000
    221     -31657.66000
    222      -7088.46900
    223       8921.06200
    224       3316.78100
    225     -16964.84000
    226     -32193.28000
    227     -30737.41000
    228     -17973.38000
    229      -4279.31200
    230       4719.50000
    231       2117.31200
    232     -19610.12000
    233     -51093.34000
    234     -64456.09000
    235     -42651.22000
    236       -619.90620
    237      31470.53000
    238      35399.53000
    239      11578.19000
    240     -26467.28000
    241     -58694.25000
    242     -72495.16000
    243     -73551.59000
    244     -73835.16000
    245     -73079.66000
    246     -61911.72000
    247     -36829.69000
    248      -4782.81200
    249      19011.69000
    250      17385.06000
    251     -11344.03000
    252     -45111.50000
    253     -60796.97000
    254     -59748.00000
    255     -59776.12000
    256     -70493.75000
    257     -85879.84000
    258     -94774.34000
    259     -94290.34000
    260     -92145.72000
    261     -91172.97000
    262     -78063.03000
    263     -43392.47000
    264      -5398.18800
    265       7099.09400
    266      -9702.93800
    267     -34190.72000
    268     -47810.06000
    269     -48756.78000
    270     -45007.94000
    271     -44859.78000
    272     -47536.22000
    273     -38724.75000
    274      -8499.90600
    275      22584.25000
    276      17093.88000
    277     -28456.50000
    278     -70115.28000
    279     -70783.53000
    280     -43149.91000
    281     -20939.50000
    282     -16903.22000
    283     -27761.50000
    284     -48336.31000
    285     -61748.19000
    286     -47359.03000
    287     -14234.47000
    288       1065.18800
    289     -19419.25000
    290     -53249.84000
    291     -68461.19000
    292     -60298.00000
    293     -51135.22000
    294     -59236.84000
    295     -74197.31000
    296     -69624.69000
    297     -37819.19000
    298        263.56250
    299      20523.34000
    300      18691.50000
    301       6171.03100
    302      -4460.31200
    303      -3626.03100
    304      13914.97000
    305      39005.84000
    306      46558.03000
    307      21766.00000
    308     -15555.44000
    309     -32229.22000
    310     -22945.31000
    311     -10701.38000
    312     -12300.03000
    313     -22695.66000
    314     -28237.72000
    315     -20848.34000
    316      -3264.59400
    317      13660.41000
    318      21809.34000
    319      22869.59000
    320      21792.06000
    321      19075.00000
    322      12904.56000
    323       5466.90600
    324       3987.84400
    325      12101.62000
    326      20923.84000
    327      17782.41000
    328       5351.93800
    329       -264.06250
    330       8904.96900
    331      24974.12000
    332      35670.47000
    333      34402.56000
    334      22833.06000
    335       7893.81200
    336      -6699.06200
    337     -20557.09000
    338     -25658.34000
    339      -9927.68800
    340      23304.25000
    341      53512.28000
    342      62103.06000
    343      42564.12000
    344        640.93750
    345     -43008.00000
    346     -62682.62000
    347     -50134.88000
    348     -16175.84000
    349      28140.84000
    350      71142.25000
    351      89754.47000
    352      71250.41000
    353      41241.41000
    354      34682.62000
    355      44624.56000
    356      39012.78000
    357      20625.25000
    358      22541.28000
    359      45349.66000
    360      49186.12000
    361      15208.44000
    362     -27353.91000
    363     -45047.94000
    364     -38141.06000
    365     -25331.75000
    366     -15828.72000
    367      -7320.59400
    368       3169.96900
    369      17264.94000
    370      36855.91000
    371      57114.56000
    372      61195.56000
    373      35232.97000
    374      -7845.43800
    375     -32883.00000
    376     -19234.56000
    377      16098.75000
    378      40211.31000
    379      41570.25000
    380      34518.12000
    381      31308.62000
    382      24963.56000
    383       5551.96900
    384     -19334.56000
    385     -31660.53000
    386     -24088.94000
    387      -4404.34400
    388      15205.84000
    389      25523.72000
    390      24285.50000
    391      18639.38000
    392      18312.53000
    393      26040.41000
    394      39740.12000
    395      55869.47000
    396      65096.12000
    397      61169.84000
    398      57055.03000
    399      67388.47000
    400      75895.66000
    401      55643.44000
    402      18289.97000
    403       1986.75000
    404      16110.81000
    405      37985.41000
    406      54552.97000
    407      69447.69000
    408      80682.62000
    409      81747.78000
    410      74666.25000
    411      64142.06000
    412      52261.97000
    413      47227.44000
    414      59683.97000
    415      84786.00000
    416     105096.80000
    417     116190.90000
    418     129316.10000
    419     142114.50000
    420     133625.80000
    421     105595.40000
    422     100460.30000
    423     148463.20000
    424     219037.70000
    425     256584.90000
    426     248865.90000
    427     230027.40000
    428     226748.90000
    429     232049.60000
    430     231806.50000
    431     229451.50000
    432     231475.20000
    433     231517.20000
    434     229022.80000
    435     240591.90000
    436     269563.30000
    437     292481.80000
    438     300386.70000
    439     315721.30000
    440     345352.30000
    441     363209.80000
    442     362173.90000
    443     372436.60000
    444     407906.50000
    445     440654.60000
    446     445681.50000
    447     437722.20000
    448     451590.80000
    449     503074.40000
    450     572456.80000
    451     624587.20000
    452     646631.50000
    453     656539.90000
    454     675735.90000
    455     714894.10000
    456     782796.90000
    457     876230.00000
    458     966004.60000
    459    1027198.00000
    460    1073275.00000
    461    1129878.00000
    462    1195328.00000
    463    1261886.00000
    464    1349240.00000
    465    1475884.00000
    466    1616116.00000
    467    1726795.00000
    468    1807543.00000
    469    1899912.00000
    470    2028742.00000
    471    2175732.00000
    472    2317786.00000
    473    2459689.00000
    474    2611797.00000
    475    2761114.00000
    476    2887810.00000
    477    2992096.00000
    478    3085238.00000
    479    3169670.00000
    480    3240046.00000
    481    3290622.00000
    482    3315443.00000
    483    3312555.00000
    484    3289366.00000
    485    3258294.00000
    486    3229235.00000
    487    3203929.00000
    488    3173570.00000
    489    3129159.00000
    490    3076271.00000
    491    3027621.00000
    492    2982224.00000
    493    2925716.00000
    494    2847883.00000
    495    2750242.00000
    496    2643344.00000
    497    2540246.00000
    498    2443313.00000
    499    2339870.00000
    500    2220958.00000
    501    2096840.00000
    502    1985064.00000
    503    1893204.00000
    504    1819732.00000
    505    1760871.00000
    506    1707522.00000
    507    1641015.00000
    508    1543182.00000
    509    1417953.00000
    510    1297301.00000
    511    1211831.00000
    512    1156753.00000
    513    1100642.00000
    514    1025811.00000
    515     943635.30000
    516     871349.60000
    517     811859.30000
    518     759241.60000
    519     710052.50000
    520     663923.10000
    521     622073.20000
    522     587718.00000
    523     561489.50000
    524     536650.80000
    525     505144.50000
    526     467173.60000
    527     432232.20000
    528     412167.90000
    529     407507.40000
    530     398553.80000
    531     366394.30000
    532     324952.50000
    533     303548.80000
    534     298495.90000
    535     283644.60000
    536     263980.20000
    537     266820.80000
    538     286502.80000
    539     290321.80000
    540     269308.60000
    541     240679.30000
    542     217582.50000
    543     206296.60000
    544     211177.80000
    545     225804.10000
    546     238297.30000
    547     244281.70000
    548     241249.20000
    549     228064.50000
    550     219040.60000
    551     232566.80000
    552     262931.50000
    553     288599.80000
    554     301021.30000
    555     302593.70000
    556     291946.60000
    557     272437.70000
    558     258783.70000
    559     258963.60000
    560     263077.10000
    561     259988.80000
    562     253126.40000
    563     250902.80000
    564     249473.90000
    565     237773.20000
    566     221047.80000
    567     224545.80000
    568     261231.90000
    569     307173.50000
    570     328040.80000
    571     323404.80000
    572     323257.30000
    573     343948.10000
    574     372372.20000
    575     396853.40000
    576     428063.10000
    577     478331.80000
    578     541084.00000
    579     605320.40000
    580     673862.50000
    581     749866.60000
    582     814645.70000
    583     836212.90000
    584     800661.10000
    585     726720.80000
    586     647041.80000
    587     579426.80000
    588     520546.90000
    589     464461.20000
    590     415779.80000
    591     379800.60000
    592     350702.30000
    593     319108.70000
    594     285311.90000
    595     257083.60000
    596     237371.70000
    597     218255.30000
    598     188208.20000
    599     149056.20000
    600     122744.90000
    601     128395.30000
    602     153246.40000
    603     164311.90000
    604     149531.60000
    605     127229.70000
    606     114974.60000
    607     112211.90000
    608     115162.50000
    609     124562.20000
    610     133080.10000
    611     126695.70000
    612     107559.10000
    613      97712.16000
    614     109668.60000
    615     128526.20000
    616     133151.70000
    617     119600.30000
    618      96425.94000
    619      76013.22000
    620      73782.31000
    621      90970.66000
    622      98459.50000
    623      67724.94000
    624      15968.94000
    625      -9048.25000
    626      14552.00000
    627      64651.88000
    628     106292.60000
    629     124306.80000
    630     129394.10000
    631     136595.30000
    632     139562.80000
    633     120096.10000
    634      82524.84000
    635      53296.31000
    636      44681.81000
    637      45038.06000
    638      44283.09000
    639      44859.09000
    640      49270.19000
    641      54631.16000
    642      58590.72000
    643      63097.25000
    644      73226.69000
    645      90481.56000
    646     105764.70000
    647     106144.40000
    648      90852.50000
    649      74467.22000
    650      73752.50000
    651      93169.19000
    652     119640.20000
    653     131210.80000
    654     115248.70000
    655      78804.38000
    656      42438.19000
    657      26279.34000
    658      35657.06000
    659      55379.31000
    660      65895.72000
    661      64933.97000
    662      59724.97000
    663      44990.62000
    664      14057.25000
    665     -13538.97000
    666      -8145.00000
    667      24526.47000
    668      45010.28000
    669      33137.62000
    670      11104.00000
    671       4141.46900
    672       5548.00000
    673      -3102.93800
    674     -19390.22000
    675     -26977.12000
    676     -19252.81000
    677       -684.68750
    678      21013.62000
    679      33789.84000
    680      28123.31000
    681      12359.34000
    682       6582.09400
    683      16852.22000
    684      27659.69000
    685      22738.16000
    686       5944.62500
    687      -2116.87500
    688      11279.31000
    689      33606.09000
    690      41963.53000
    691      30968.06000
    692      13216.81000
    693      -2199.21900
    694     -15850.00000
    695     -27924.53000
    696     -35884.94000
    697     -37228.84000
    698     -27424.47000
    699      -4560.18800
    700      20401.41000
    701      31093.22000
    702      26082.22000
    703      18569.94000
    704      16485.06000
    705      17259.00000
    706      18873.69000
    707      20221.66000
    708      16200.06000
    709       8140.93800
    710       8985.37500
    711      22290.41000
    712      30347.03000
    713      18275.34000
    714      -6495.93800
    715     -29655.56000
    716     -45308.09000
    717     -49004.19000
    718     -36122.44000
    719     -12480.78000
    720       8298.34400
    721      18811.34000
    722      21581.59000
    723      23419.69000
    724      28536.66000
    725      32187.09000
    726      25982.75000
    727      13605.53000
    728       7313.56200
    729       4469.00000
    730     -10401.50000
    731     -33599.06000
    732     -40174.88000
    733     -24088.12000
    734     -10282.16000
    735     -15095.78000
    736     -26606.50000
    737     -35127.12000
    738     -47328.88000
    739     -58391.09000
    740     -47941.31000
    741     -17765.25000
    742       -991.78120
    743     -19906.28000
    744     -56594.66000
    745     -75303.12000
    746     -62559.75000
    747     -36952.88000
    748     -19147.25000
    749      -5857.28100
    750       9502.15600
    751       9878.12500
    752     -16133.06000
    753     -38252.50000
    754     -23264.44000
    755      10217.62000
    756      20158.97000
    757       1918.40600
    758     -17340.94000
    759     -20907.72000
    760     -11422.72000
    761       -763.34380
    762      -6120.09400
    763     -33899.59000
    764     -61834.72000
    765     -57732.09000
    766     -19779.84000
    767      15562.81000
    768      11388.41000
    769     -28289.41000
    770     -62339.09000
    771     -59386.97000
    772     -30032.62000
    773      -7868.59400
    774     -13148.53000
    775     -38644.94000
    776     -56203.69000
    777     -41773.81000
    778      -8623.25000
    779       2215.21900
    780     -19976.81000
    781     -39907.25000
    782     -36057.91000
    783     -31576.41000
    784     -44246.81000
    785     -54028.41000
    786     -42966.78000
    787     -24234.47000
    788     -14569.72000
    789     -13617.91000
    790     -18666.34000
    791     -29643.34000
    792     -37248.91000
    793     -29549.72000
    794     -10851.91000
    795         60.71875
    796      -9338.71900
    797     -30650.31000
    798     -40687.62000
    799     -26968.69000
    800      -6919.21900
    801      -9434.28100
    802     -35918.00000
    803     -56755.81000
    804     -51272.41000
    805     -32563.31000
    806     -24262.09000
    807     -29297.19000
    808     -33165.56000
    809     -26894.81000
    810     -15441.53000
    811      -8659.96900
    812     -11435.50000
    813     -21951.09000
    814     -36335.34000
    815     -51254.19000
    816     -59325.72000
    817     -50016.50000
    818     -25663.47000
    819      -8860.09400
    820     -18479.91000
    821     -43834.97000
    822     -58154.94000
    823     -51963.66000
    824     -38585.16000
    825     -32494.31000
    826     -35097.84000
    827     -37471.91000
    828     -29135.16000
    829      -8772.93800
    830      11806.34000
    831      20706.03000
    832      20428.06000
    833      21233.56000
    834      24919.56000
    835      24225.62000
    836      14314.06000
    837      -1325.12500
    838     -15159.44000
    839     -25663.38000
    840     -40262.16000
    841     -58438.62000
    842     -59185.91000
    843     -28175.50000
    844       9810.46900
    845      16645.97000
    846      -8544.34400
    847     -36574.09000
    848     -50585.28000
    849     -48361.22000
    850     -26808.84000
    851       2437.87500
    852      12050.66000
    853        246.84380
    854      -4818.50000
    855       2831.78100
    856       -314.25000
    857     -14437.09000
    858     -13342.12000
    859       1592.09400
    860       1265.03100
    861     -18190.12000
    862     -33550.53000
    863     -38929.72000
    864     -47082.72000
    865     -55682.03000
    866     -49551.94000
    867     -29135.94000
    868     -11023.72000
    869      -5781.71900
    870     -10491.78000
    871     -18074.81000
    872     -25074.56000
    873     -32552.47000
    874     -42078.84000
    875     -48434.97000
    876     -39246.62000
    877     -10902.97000
    878      17414.69000
    879      21180.62000
    880       3718.37500
    881      -7796.09400
    882      -2930.06200
    883       -536.21880
    884     -14982.06000
    885     -35152.56000
    886     -44620.16000
    887     -40892.72000
    888     -30195.88000
    889     -21074.06000
    890     -22857.47000
    891     -35751.25000
    892     -46834.97000
    893     -46426.03000
    894     -38229.94000
    895     -26341.06000
    896      -9327.34400
    897       6229.06200
    898       8504.65600
    899       2216.03100
    900       2563.43800
    901       6084.15600
    902      -2480.40600
    903     -16946.69000
    904     -18536.69000
    905     -12319.06000
    906     -17084.66000
    907     -27312.56000
    908     -24801.81000
    909     -18624.34000
    910     -32237.41000
    911     -56745.34000
    912     -56538.94000
    913     -23103.00000
    914       9763.68800
    915      11684.81000
    916      -8570.53100
    917     -23290.47000
    918     -23070.91000
    919     -21042.50000
    920     -30060.22000
    921     -45562.19000
    922     -49064.47000
    923     -27929.34000
    924       7923.34400
    925      34042.97000
    926      36066.50000
    927      19851.69000
    928       1107.56200
    929      -8802.50000
    930     -13760.19000
    931     -30305.34000
    932     -60413.50000
    933     -74558.75000
    934     -47775.38000
    935      -2292.43800
    936      20722.75000
    937      21796.19000
    938      32815.69000
    939      52181.53000
    940      40128.94000
    941     -12349.91000
    942     -55462.19000
    943     -45353.44000
    944      -4384.06200
    945      13905.56000
    946      -1332.59400
    947     -15119.44000
    948      -7085.87500
    949       3253.12500
    950      -5687.31200
    951     -26036.75000
    952     -36635.09000
    953     -30917.44000
    954     -20902.75000
    955     -22902.12000
    956     -39261.34000
    957     -51157.78000
    958     -38591.00000
    959      -9293.34400
    960       7111.06200
    961      -4880.28100
    962     -31839.47000
    963     -50916.91000
    964     -49038.41000
    965     -28106.75000
    966      -5158.15600
    967        290.84380
    968     -11578.44000
    969     -22566.69000
    970     -23807.94000
    971     -22238.78000
    972     -17229.22000
    973       2467.09400
    974      30839.53000
    975      42052.78000
    976      28335.00000
    977      12939.91000
    978      10078.62000
    979         92.43750
    980     -34345.28000
    981     -71499.66000
    982     -75358.28000
    983     -41963.06000
    984        460.40620
    985      27894.09000
    986      38275.88000
    987      37538.19000
    988      26993.12000
    989      10751.16000
    990        335.50000
    991       -871.12500
    992      -4423.06200
    993     -14391.97000
    994     -16717.09000
    995      -6918.40600
    996      -3278.50000
    997     -14729.66000
    998     -24670.50000
    999     -22636.88000
   1000     -22102.19000
   1001     -35167.84000
   1002     -56099.12000
   1003     -73646.66000
   1004     -79799.84000
   1005     -72333.03000
   1006     -61065.31000
   1007     -58093.72000
   1008     -58479.50000
   1009     -50126.88000
   1010     -36970.53000
   1011     -28793.19000
   1012     -20734.56000
   1013      -8274.28100
   1014      -6407.68800
   1015     -27880.44000
   1016     -56521.56000
   1017     -63440.66000
   1018     -39018.16000
   1019       3265.09400
   1020      41219.03000
   1021      53507.47000
   1022      30474.62000
   1023     -12653.75000
   1024     -42452.75000
   1025     -38079.09000
   1026     -12714.22000
   1027       1772.59400
   1028      -9615.84400
   1029     -29822.72000
   1030     -30691.72000
   1031      -3564.56200
   1032      34024.41000
   1033      56957.34000
   1034      53109.69000
   1035      30264.47000
   1036       7222.81200
   1037      -4852.56200
   1038     -11527.06000
   1039     -21909.03000
   1040     -34231.00000
   1041     -42288.41000
   1042     -43959.47000
   1043     -35766.47000
   1044     -16700.16000
   1045      -2280.46900
   1046      -9788.43800
   1047     -28085.88000
   1048     -32234.34000
   1049     -23465.81000
   1050     -20836.12000
   1051     -24663.62000
   1052     -24780.69000
   1053     -28326.00000
   1054     -43054.41000
   1055     -51883.28000
   1056     -36049.09000
   1057      -6047.25000
   1058      13263.44000
   1059      10967.50000
   1060      -8514.75000
   1061     -32167.72000
   1062     -39934.16000
   1063     -21272.72000
   1064       4218.62500
   1065       4090.87500
   1066     -24131.34000
   1067     -49295.84000
   1068     -50628.62000
   1069     -40782.03000
   1070     -38823.72000
   1071     -46186.75000
   1072     -54502.16000
   1073     -53667.06000
   1074     -34791.44000
   1075      -7290.18800
   1076       1575.75000
   1077     -13840.75000
   1078     -22544.53000
   1079      -1816.87500
   1080      30348.12000
   1081      42317.94000
   1082      23002.12000
   1083     -14439.91000
   1084     -42682.91000
   1085     -41292.78000
   1086     -20313.81000
   1087      -7429.81200
   1088      -9444.50000
   1089      -9965.43800
   1090      -2387.87500
   1091        337.43750
   1092     -11656.94000
   1093     -29326.03000
   1094     -32930.50000
   1095     -13217.56000
   1096      14537.12000
   1097      23579.12000
   1098       6289.50000
   1099     -15819.41000
   1100     -17585.62000
   1101       -263.31250
   1102      11014.75000
   1103        814.50000
   1104     -15456.06000
   1105     -13220.44000
   1106       7835.43800
   1107      24464.38000
   1108      17775.25000
   1109      -7481.87500
   1110     -27558.88000
   1111     -25332.16000
   1112     -12903.25000
   1113     -15232.00000
   1114     -31754.34000
   1115     -37876.00000
   1116     -24800.41000
   1117     -10599.44000
   1118      -9625.62500
   1119     -13516.19000
   1120      -6284.06200
   1121      13676.00000
   1122      30677.19000
   1123      28979.69000
   1124       9246.50000
   1125     -15152.88000
   1126     -31333.75000
   1127     -31737.75000
   1128     -16339.06000
   1129       5400.93800
   1130      22211.94000
   1131      28852.38000
   1132      24223.56000
   1133      14064.62000
   1134      13699.12000
   1135      29249.50000
   1136      41615.25000
   1137      28709.44000
   1138      -5679.50000
   1139     -40252.75000
   1140     -59131.41000
   1141     -56951.16000
   1142     -38558.75000
   1143     -20896.31000
   1144     -20114.38000
   1145     -31529.69000
   1146     -33697.09000
   1147     -16236.38000
   1148       6505.00000
   1149      16491.12000
   1150      16165.69000
   1151      18218.69000
   1152      21002.81000
   1153      12690.62000
   1154      -6605.37500
   1155     -24350.94000
   1156     -32163.00000
   1157     -31673.56000
   1158     -29239.09000
   1159     -29922.75000
   1160     -32844.62000
   1161     -34080.25000
   1162     -34960.12000
   1163     -39743.56000
   1164     -46360.66000
   1165     -48278.66000
   1166     -42258.47000
   1167     -29465.38000
   1168     -16168.38000
   1169     -12135.88000
   1170     -16554.06000
   1171     -12738.94000
   1172       7922.37500
   1173      28078.81000
   1174      28082.06000
   1175      14345.25000
   1176       5966.31200
   1177       6528.75000
   1178       6416.00000
   1179       1218.12500
   1180      -7534.31200
   1181     -19922.12000
   1182     -33120.00000
   1183     -36526.09000
   1184     -21652.19000
   1185       4932.68800
   1186      24478.19000
   1187      24318.25000
   1188      10558.31000
   1189      -4248.87500
   1190     -21630.88000
   1191     -49445.16000
   1192     -77143.66000
   1193     -82675.06000
   1194     -63576.28000
   1195     -37498.31000
   1196     -15394.69000
   1197       3508.43800
   1198      16494.94000
   1199      16307.75000
   1200        518.12500
   1201     -25430.31000
   1202     -47992.53000
   1203     -52751.94000
   1204     -41318.69000
   1205     -31852.12000
   1206     -36153.25000
   1207     -48182.78000
   1208     -56150.22000
   1209     -52463.50000
   1210     -35542.06000
   1211     -13928.38000
   1212      -2903.25000
   1213      -8158.81200
   1214     -18012.06000
   1215     -16721.00000
   1216      -3770.81200
   1217       2325.75000
   1218     -17078.88000
   1219     -57642.94000
   1220     -93570.47000
   1221    -102235.80000
   1222     -81888.19000
   1223     -49650.69000
   1224     -27030.88000
   1225     -20545.56000
   1226     -16309.50000
   1227      -1887.12500
   1228      14141.25000
   1229      16285.19000
   1230       4646.68800
   1231      -8039.81200
   1232     -11550.44000
   1233      -5016.62500
   1234       2977.93800
   1235       3607.12500
