      1    -118414.70000
      2    -133100.80000
      3     -93657.33000
      4     -27630.39000
      5      16862.58000
      6      10185.53000
      7     -35363.91000
      8     -74504.47000
      9     -78657.62000
     10     -67886.83000
     11     -70978.14000
     12     -78059.61000
     13     -66817.77000
     14     -49777.69000
     15     -53664.22000
     16     -69414.59000
     17     -64005.50000
     18     -33283.98000
     19      -9482.79700
     20     -19478.17000
     21     -58977.23000
     22    -102632.70000
     23    -122184.20000
     24    -104688.00000
     25     -67171.28000
     26     -42209.56000
     27     -41046.95000
     28     -45799.84000
     29     -40286.52000
     30     -30088.86000
     31     -32282.94000
     32     -58857.39000
     33    -104877.00000
     34    -145293.90000
     35    -155180.80000
     36    -137078.00000
     37    -118608.80000
     38    -124088.60000
     39    -150082.30000
     40    -161465.50000
     41    -123925.20000
     42     -57740.78000
     43     -32055.95000
     44     -77738.03000
     45    -140764.70000
     46    -155141.50000
     47    -123507.50000
     48     -91606.22000
     49     -80530.45000
     50     -77032.47000
     51     -65741.75000
     52     -47297.08000
     53     -35000.75000
     54     -40518.42000
     55     -59999.89000
     56     -79589.53000
     57     -91030.95000
     58     -90123.94000
     59     -70853.28000
     60     -40888.98000
     61     -28235.47000
     62     -48322.36000
     63     -79622.20000
     64     -96540.62000
     65    -106621.10000
     66    -125153.70000
     67    -135179.00000
     68    -110627.60000
     69     -63309.38000
     70     -27788.95000
     71     -11384.80000
     72       2735.04700
     73      12857.16000
     74      -1805.89100
     75     -40860.16000
     76     -75513.31000
     77     -85388.00000
     78     -79689.44000
     79     -78531.98000
     80     -88835.42000
     81    -102231.80000
     82    -107464.30000
     83    -101495.00000
     84     -91256.66000
     85     -87726.16000
     86     -97990.75000
     87    -114999.50000
     88    -113486.40000
     89     -72876.28000
     90     -12058.14000
     91      21579.66000
     92       8333.28100
     93     -23664.12000
     94     -42631.22000
     95     -49054.02000
     96     -61196.67000
     97     -89646.42000
     98    -128292.70000
     99    -156049.10000
    100    -153541.50000
    101    -124635.70000
    102     -91107.03000
    103     -68824.44000
    104     -60432.58000
    105     -62025.92000
    106     -68149.62000
    107     -75860.97000
    108     -80848.61000
    109     -70634.17000
    110     -43427.03000
    111     -27306.41000
    112     -43302.42000
    113     -62969.30000
    114     -49937.22000
    115     -23745.47000
    116     -30329.73000
    117     -72145.61000
    118    -115022.30000
    119    -138878.40000
    120    -144889.20000
    121    -138081.30000
    122    -126732.20000
    123    -115599.70000
    124     -94739.66000
    125     -59461.61000
    126     -30351.11000
    127     -24772.69000
    128     -29185.91000
    129     -28281.30000
    130     -32244.20000
    131     -48935.12000
    132     -63670.84000
    133     -68633.17000
    134     -75511.42000
    135     -86550.69000
    136     -90278.50000
    137     -86361.67000
    138     -80758.14000
    139     -68984.09000
    140     -53678.94000
    141     -53399.86000
    142     -69835.30000
    143     -77509.59000
    144     -60931.69000
    145     -31195.22000
    146      -4402.95300
    147       5074.76600
    148     -17576.31000
    149     -62867.78000
    150     -88223.48000
    151     -68562.98000
    152     -36579.53000
    153     -39985.22000
    154     -77532.73000
    155    -108750.30000
    156    -110506.90000
    157     -93789.66000
    158     -78574.73000
    159     -76882.86000
    160     -87931.50000
    161     -95431.75000
    162     -85447.52000
    163     -69346.92000
    164     -64914.30000
    165     -63199.47000
    166     -47147.67000
    167     -30393.14000
    168     -40204.44000
    169     -72838.03000
    170     -98949.16000
    171    -103877.70000
    172     -98694.30000
    173     -98743.94000
    174    -106404.30000
    175    -111578.90000
    176    -103533.80000
    177     -84395.44000
    178     -69139.31000
    179     -69026.61000
    180     -77591.48000
    181     -77966.00000
    182     -63954.47000
    183     -50216.67000
    184     -58388.61000
    185     -93124.00000
    186    -133716.20000
    187    -150894.60000
    188    -132913.80000
    189     -93169.55000
    190     -52817.06000
    191     -23236.14000
    192      -7883.10900
    193      -9621.15600
    194     -26667.59000
    195     -48114.38000
    196     -61336.52000
    197     -62686.27000
    198     -57852.56000
    199     -53476.38000
    200     -54091.25000
    201     -66008.06000
    202     -89306.97000
    203    -103303.90000
    204     -87943.06000
    205     -63805.41000
    206     -67406.16000
    207     -83410.28000
    208     -64033.03000
    209     -17240.66000
    210       2752.96900
    211      -8181.03100
    212      -4946.81200
    213      12736.72000
    214      -2003.18800
    215     -53372.56000
    216     -92065.12000
    217     -93704.34000
    218     -83957.03000
    219     -86683.03000
    220     -94314.03000
    221     -89286.62000
    222     -67012.16000
    223     -39060.03000
    224     -25122.38000
    225     -34814.66000
    226     -53987.09000
    227     -61546.38000
    228     -58602.09000
    229     -63366.56000
    230     -78438.34000
    231     -85512.62000
    232     -75010.09000
    233     -59634.31000
    234     -55058.34000
    235     -63342.72000
    236     -77666.91000
    237     -91197.91000
    238     -99781.78000
    239    -101896.10000
    240     -99158.34000
    241     -97213.25000
    242     -99796.81000
    243     -95536.09000
    244     -64452.34000
    245     -15693.44000
    246        627.34380
    247     -48046.28000
    248    -119529.20000
    249    -137739.00000
    250     -86486.34000
    251     -24119.59000
    252      -4568.75000
    253     -21565.75000
    254     -39754.19000
    255     -46693.03000
    256     -54041.81000
    257     -65115.88000
    258     -62582.25000
    259     -33196.50000
    260       3026.81200
    261       5116.06200
    262     -38342.00000
    263     -89431.78000
    264    -106271.90000
    265     -89049.72000
    266     -66893.56000
    267     -61210.62000
    268     -74453.19000
    269     -94454.16000
    270    -103065.30000
    271     -93373.91000
    272     -74494.09000
    273     -54269.12000
    274     -35623.44000
    275     -31521.66000
    276     -53820.72000
    277     -85530.28000
    278     -96044.50000
    279     -85220.66000
    280     -79295.38000
    281     -81972.59000
    282     -66338.81000
    283     -24584.09000
    284       8418.31200
    285       1045.75000
    286     -30824.03000
    287     -47437.31000
    288     -36456.12000
    289     -21292.84000
    290     -26269.31000
    291     -47239.50000
    292     -59631.47000
    293     -54967.38000
    294     -56029.91000
    295     -80893.12000
    296    -109739.80000
    297    -114496.20000
    298    -102495.30000
    299    -100038.20000
    300    -109579.70000
    301    -109274.90000
    302     -84242.34000
    303     -45103.44000
    304     -21490.22000
    305     -32273.53000
    306     -57260.28000
    307     -56183.12000
    308     -20854.28000
    309      13764.66000
    310      16326.25000
    311      -4251.03100
    312     -16418.00000
    313      -7756.59400
    314        439.15620
    315     -19178.00000
    316     -66109.78000
    317    -113765.30000
    318    -137746.10000
    319    -130164.30000
    320     -94918.41000
    321     -44876.12000
    322      -1224.31200
    323      15997.62000
    324       -888.56250
    325     -44902.34000
    326     -96536.44000
    327    -126626.40000
    328    -109270.40000
    329     -49521.53000
    330       5266.06200
    331       6917.37500
    332     -37129.12000
    333     -75806.72000
    334     -83038.97000
    335     -76281.50000
    336     -67575.41000
    337     -45115.72000
    338     -10407.47000
    339      12651.06000
    340      15169.16000
    341      11321.12000
    342       5172.84400
    343     -16409.16000
    344     -52194.47000
    345     -74985.22000
    346     -62731.88000
    347     -28034.00000
    348      -4269.37500
    349      -3155.65600
    350      -2494.37500
    351      13827.19000
    352      25346.28000
    353      10439.78000
    354      -9682.28100
    355       -607.00000
    356      26723.09000
    357      29755.00000
    358       -636.71880
    359     -31348.16000
    360     -42086.78000
    361     -48667.66000
    362     -62108.78000
    363     -60716.47000
    364     -25707.50000
    365      19457.25000
    366      33682.00000
    367      11775.91000
    368     -11859.91000
    369      -6650.18800
    370      27141.59000
    371      67051.44000
    372      87284.44000
    373      75627.69000
    374      42383.91000
    375       6431.62500
    376     -23801.88000
    377     -42070.03000
    378     -32835.66000
    379       4033.59400
    380      31590.12000
    381      15334.12000
    382     -26432.69000
    383     -48189.91000
    384     -41829.47000
    385     -35133.03000
    386     -36988.78000
    387     -29235.91000
    388      -8356.78100
    389       7063.56200
    390      10232.53000
    391      12222.12000
    392      16466.16000
    393      15675.09000
    394      12499.41000
    395      21625.34000
    396      49220.12000
    397      81515.78000
    398      98423.06000
    399      98053.53000
    400      97911.81000
    401     105095.70000
    402     102923.20000
    403      82454.91000
    404      65145.75000
    405      71246.94000
    406      87545.47000
    407      89858.31000
    408      80991.72000
    409      84819.34000
    410     110878.10000
    411     139520.50000
    412     145875.20000
    413     133448.50000
    414     132468.80000
    415     162260.60000
    416     207038.40000
    417     233523.20000
    418     222608.30000
    419     185389.30000
    420     155079.90000
    421     154592.00000
    422     170877.70000
    423     176300.40000
    424     170444.00000
    425     176310.10000
    426     201863.70000
    427     231831.30000
    428     251710.50000
    429     258744.00000
    430     254941.80000
    431     246269.50000
    432     244223.30000
    433     259247.30000
    434     295160.40000
    435     349463.10000
    436     412680.90000
    437     469008.50000
    438     507042.70000
    439     527240.90000
    440     532360.00000
    441     520558.00000
    442     501352.20000
    443     501036.20000
    444     529895.20000
    445     561313.20000
    446     568867.50000
    447     567008.20000
    448     589205.90000
    449     644079.90000
    450     713635.40000
    451     777476.80000
    452     824470.80000
    453     857371.20000
    454     895685.50000
    455     958575.40000
    456    1042964.00000
    457    1132033.00000
    458    1220550.00000
    459    1312242.00000
    460    1399825.00000
    461    1477454.00000
    462    1564982.00000
    463    1684707.00000
    464    1823580.00000
    465    1961209.00000
    466    2117098.00000
    467    2320076.00000
    468    2552646.00000
    469    2781633.00000
    470    3024557.00000
    471    3336964.00000
    472    3745999.00000
    473    4213042.00000
    474    4641230.00000
    475    4924806.00000
    476    5027256.00000
    477    5003136.00000
    478    4916772.00000
    479    4765226.00000
    480    4511228.00000
    481    4163507.00000
    482    3784891.00000
    483    3431692.00000
    484    3117107.00000
    485    2834242.00000
    486    2585225.00000
    487    2374810.00000
    488    2197135.00000
    489    2045194.00000
    490    1918298.00000
    491    1810178.00000
    492    1706566.00000
    493    1603640.00000
    494    1516348.00000
    495    1461638.00000
    496    1439049.00000
    497    1429626.00000
    498    1410644.00000
    499    1370452.00000
    500    1314621.00000
    501    1266376.00000
    502    1255014.00000
    503    1286586.00000
    504    1331451.00000
    505    1360430.00000
    506    1382361.00000
    507    1422031.00000
    508    1476280.00000
    509    1519382.00000
    510    1540063.00000
    511    1549904.00000
    512    1560767.00000
    513    1571799.00000
    514    1584442.00000
    515    1621899.00000
    516    1712106.00000
    517    1844395.00000
    518    1973411.00000
    519    2080138.00000
    520    2191429.00000
    521    2325393.00000
    522    2468511.00000
    523    2620044.00000
    524    2799630.00000
    525    2998550.00000
    526    3185047.00000
    527    3363263.00000
    528    3565233.00000
    529    3783750.00000
    530    3965324.00000
    531    4065468.00000
    532    4073034.00000
    533    3992408.00000
    534    3832470.00000
    535    3609962.00000
    536    3350061.00000
    537    3076324.00000
    538    2794152.00000
    539    2496761.00000
    540    2198986.00000
    541    1941460.00000
    542    1745210.00000
    543    1588159.00000
    544    1438393.00000
    545    1286472.00000
    546    1145667.00000
    547    1037800.00000
    548     966091.50000
    549     898432.60000
    550     806252.40000
    551     711983.90000
    552     653335.60000
    553     615908.60000
    554     558303.30000
    555     491617.10000
    556     468490.80000
    557     493307.90000
    558     506299.00000
    559     470218.30000
    560     417572.90000
    561     390772.20000
    562     385217.30000
    563     377359.80000
    564     366283.50000
    565     360286.30000
    566     353748.70000
    567     337866.20000
    568     315168.80000
    569     294888.00000
    570     283980.50000
    571     284549.10000
    572     298968.70000
    573     332915.80000
    574     377555.00000
    575     395794.00000
    576     359454.70000
    577     294850.50000
    578     252906.20000
    579     244163.00000
    580     244731.80000
    581     249387.90000
    582     272083.20000
    583     306940.20000
    584     330245.40000
    585     333830.30000
    586     329402.20000
    587     328723.20000
    588     335880.10000
    589     347989.30000
    590     352900.00000
    591     335686.30000
    592     294424.50000
    593     248162.00000
    594     229276.00000
    595     258432.40000
    596     314434.90000
    597     344101.40000
    598     325406.50000
    599     303181.60000
    600     331629.80000
    601     397958.20000
    602     438008.40000
    603     419080.10000
    604     375522.80000
    605     360177.90000
    606     384475.10000
    607     420957.30000
    608     452615.10000
    609     493463.30000
    610     554926.20000
    611     618500.60000
    612     659558.20000
    613     680414.50000
    614     700105.70000
    615     722373.10000
    616     733848.80000
    617     730459.60000
    618     725041.30000
    619     724212.60000
    620     717979.90000
    621     701787.90000
    622     688191.70000
    623     684346.50000
    624     677224.80000
    625     651265.40000
    626     603237.60000
    627     537018.10000
    628     465328.80000
    629     417898.00000
    630     422370.10000
    631     466084.40000
    632     493055.90000
    633     456684.60000
    634     373502.40000
    635     307915.20000
    636     298723.50000
    637     320229.80000
    638     326592.00000
    639     308708.10000
    640     285191.60000
    641     263575.40000
    642     243681.40000
    643     238623.30000
    644     254094.40000
    645     262398.70000
    646     237085.10000
    647     199902.00000
    648     191939.60000
    649     210726.20000
    650     218707.10000
    651     203253.70000
    652     185332.20000
    653     175596.20000
    654     161703.20000
    655     138798.70000
    656     122229.90000
    657     125438.20000
    658     140817.60000
    659     145267.20000
    660     122046.90000
    661      80766.28000
    662      51660.84000
    663      51277.91000
    664      61346.31000
    665      54064.78000
    666      30194.31000
    667      17562.53000
    668      35838.78000
    669      73791.16000
    670     103146.50000
    671     112243.40000
    672     118491.20000
    673     137913.60000
    674     152523.90000
    675     130473.70000
    676      73779.53000
    677      22777.34000
    678      14813.09000
    679      52382.50000
    680     104554.80000
    681     132124.70000
    682     121959.30000
    683      96816.25000
    684      81684.38000
    685      73534.78000
    686      60279.84000
    687      50125.03000
    688      57616.75000
    689      74441.56000
    690      78085.31000
    691      61418.41000
    692      34415.69000
    693       5339.03100
    694     -19488.72000
    695     -26048.66000
    696      -6386.68800
    697      23688.44000
    698      41595.38000
    699      45255.09000
    700      47631.28000
    701      56703.50000
    702      71891.31000
    703      84097.72000
    704      76473.47000
    705      44802.84000
    706      12003.28000
    707       2259.46900
    708      12409.19000
    709      25355.19000
    710      34300.44000
    711      41916.38000
    712      51688.62000
    713      61520.91000
    714      56386.47000
    715      24998.44000
    716      -8369.37500
    717      -4097.90600
    718      31148.22000
    719      47384.12000
    720      24948.84000
    721      -1612.75000
    722       -994.81250
    723      15514.16000
    724      18422.47000
    725      -3829.93800
    726     -35178.03000
    727     -49559.72000
    728     -42409.09000
    729     -34108.75000
    730     -31735.00000
    731     -14385.75000
    732      25215.44000
    733      56646.62000
    734      51410.53000
    735      21094.47000
    736       -528.81250
    737       3401.59400
    738      21996.69000
    739      37130.91000
    740      44438.84000
    741      47404.38000
    742      40609.03000
    743      17983.78000
    744     -10397.81000
    745     -31284.62000
    746     -47511.88000
    747     -66662.50000
    748     -84080.50000
    749     -87816.56000
    750     -69523.12000
    751     -35950.06000
    752     -18532.28000
    753     -45683.12000
    754     -92865.72000
    755     -98302.94000
    756     -45466.16000
    757       9736.00000
    758      10468.56000
    759     -36410.09000
    760     -78192.84000
    761     -72630.09000
    762     -23841.22000
    763      20448.31000
    764      15488.75000
    765     -27034.56000
    766     -53292.81000
    767     -40787.97000
    768     -21665.66000
    769     -24661.66000
    770     -38907.34000
    771     -47668.28000
    772     -52993.97000
    773     -56022.91000
    774     -52371.56000
    775     -48949.16000
    776     -53280.38000
    777     -57000.94000
    778     -53151.91000
    779     -46209.31000
    780     -32206.59000
    781      -4432.87500
    782      18922.66000
    783      15248.75000
    784      -2320.03100
    785      -9202.18800
    786     -14380.91000
    787     -35632.03000
    788     -54963.06000
    789     -45182.91000
    790     -20032.91000
    791     -16516.88000
    792     -40986.16000
    793     -65007.84000
    794     -65557.59000
    795     -42205.34000
    796      -2031.06200
    797      41085.47000
    798      54777.94000
    799      14358.88000
    800     -52590.00000
    801     -86728.47000
    802     -70432.66000
    803     -42621.41000
    804     -37711.69000
    805     -51618.47000
    806     -69907.50000
    807     -87884.59000
    808     -97282.56000
    809     -83996.56000
    810     -45898.81000
    811       1300.40600
    812      37177.53000
    813      49806.75000
    814      38378.41000
    815       9486.71900
    816     -23267.94000
    817     -41405.69000
    818     -37911.78000
    819     -28998.47000
    820     -32944.91000
    821     -43533.66000
    822     -43220.88000
    823     -31705.44000
    824     -22806.94000
    825     -24528.53000
    826     -33561.16000
    827     -38125.97000
    828     -28699.50000
    829     -19520.69000
    830     -40273.38000
    831     -87687.38000
    832    -116885.90000
    833    -103018.10000
    834     -71773.91000
    835     -47353.69000
    836     -18458.66000
    837      20234.12000
    838      40414.50000
    839      19944.44000
    840     -24090.75000
    841     -58827.00000
    842     -69758.94000
    843     -65319.50000
    844     -62361.69000
    845     -71244.94000
    846     -90331.41000
    847    -107953.50000
    848    -104206.90000
    849     -65972.06000
    850     -14794.19000
    851       4381.78100
    852     -19111.53000
    853     -48433.34000
    854     -59179.72000
    855     -66638.50000
    856     -78304.94000
    857     -70515.25000
    858     -30868.19000
    859      14708.53000
    860      29526.91000
    861        764.09380
    862     -50758.25000
    863     -86919.81000
    864     -87580.91000
    865     -67018.59000
    866     -47430.06000
    867     -34008.06000
    868     -25764.69000
    869     -24404.66000
    870     -24198.06000
    871     -20669.59000
    872     -28979.12000
    873     -62204.94000
    874     -99002.50000
    875    -106316.90000
    876     -82647.59000
    877     -49234.16000
    878     -17549.50000
    879       6269.53100
    880       7452.71900
    881     -21447.38000
    882     -66150.81000
    883    -101285.30000
    884    -103712.60000
    885     -68605.91000
    886     -28425.28000
    887     -28403.06000
    888     -66871.16000
    889     -95530.69000
    890     -89530.56000
    891     -73654.56000
    892     -71904.19000
    893     -78315.38000
    894     -85123.91000
    895     -96927.97000
    896    -106869.10000
    897     -92079.78000
    898     -45902.44000
    899       3389.93800
    900      16649.38000
    901     -19173.53000
    902     -79786.53000
    903    -123988.90000
    904    -126319.50000
    905     -93375.44000
    906     -49596.50000
    907     -16255.75000
    908     -11027.62000
    909     -44728.75000
    910     -94095.22000
    911    -104583.80000
    912     -53658.72000
    913      13854.75000
    914      42040.00000
    915      25523.31000
    916      -5364.03100
    917     -25193.53000
    918     -24478.88000
    919     -11779.34000
    920     -11148.78000
    921     -35583.59000
    922     -68604.94000
    923     -86257.38000
    924     -83794.12000
    925     -71114.53000
    926     -54100.38000
    927     -28458.78000
    928       7457.15600
    929      34844.59000
    930      26480.94000
    931     -12859.09000
    932     -44588.34000
    933     -52834.44000
    934     -66259.66000
    935     -98009.62000
    936    -110677.00000
    937     -79546.19000
    938     -43181.19000
    939     -44205.66000
    940     -65793.12000
    941     -74809.53000
    942     -77532.50000
    943     -83618.66000
    944     -69738.09000
    945     -29804.19000
    946      -7220.93800
    947     -30737.75000
    948     -67981.25000
    949     -78828.28000
    950     -69580.69000
    951     -66752.38000
    952     -74682.88000
    953     -79699.69000
    954     -71930.78000
    955     -49798.31000
    956     -15001.44000
    957      26730.62000
    958      59706.75000
    959      61569.06000
    960      25329.19000
    961     -24659.38000
    962     -54339.44000
    963     -57425.31000
    964     -55640.22000
    965     -62362.06000
    966     -66535.69000
    967     -58480.88000
    968     -49218.25000
    969     -49278.12000
    970     -50048.19000
    971     -45400.19000
    972     -47943.44000
    973     -62151.75000
    974     -69211.75000
    975     -61782.19000
    976     -63367.94000
    977     -90813.31000
    978    -124834.20000
    979    -134864.90000
    980    -113604.60000
    981     -80494.81000
    982     -62560.81000
    983     -67099.69000
    984     -71103.19000
    985     -51695.28000
    986     -20454.91000
    987      -5328.68800
    988     -11065.69000
    989     -23940.00000
    990     -40539.41000
    991     -63551.22000
    992     -81821.00000
    993     -81365.03000
    994     -68362.19000
    995     -61746.88000
    996     -68571.50000
    997     -78104.44000
    998     -72397.38000
    999     -38676.56000
   1000      12492.81000
   1001      42296.81000
   1002      24465.50000
   1003     -11218.75000
   1004     -14940.06000
   1005       7163.50000
   1006       3268.12500
   1007     -39678.25000
   1008     -78206.81000
   1009     -81938.19000
   1010     -66724.94000
   1011     -53143.94000
   1012     -40134.25000
   1013     -28506.31000
   1014     -32104.88000
   1015     -51881.06000
   1016     -65272.53000
   1017     -56526.62000
   1018     -38960.50000
   1019     -31216.19000
   1020     -31672.50000
   1021     -36056.09000
   1022     -53526.00000
   1023     -78885.41000
   1024     -82833.88000
   1025     -62393.19000
   1026     -61313.75000
   1027    -105176.40000
   1028    -155884.40000
   1029    -160548.80000
   1030    -108587.20000
   1031     -25827.69000
   1032      47251.12000
   1033      70502.50000
   1034      41160.62000
   1035       8460.31200
   1036      11899.06000
   1037      26049.25000
   1038       7141.00000
   1039     -35075.31000
   1040     -56455.28000
   1041     -45737.59000
   1042     -32232.75000
   1043     -38265.88000
   1044     -51771.38000
   1045     -47593.91000
   1046     -25133.94000
   1047     -12279.81000
   1048     -25534.88000
   1049     -45717.75000
   1050     -50311.12000
   1051     -43979.75000
   1052     -37759.69000
   1053     -30393.31000
   1054     -26069.25000
   1055     -33821.50000
   1056     -42678.69000
   1057     -37687.69000
   1058     -35744.56000
   1059     -61968.38000
   1060     -99226.84000
   1061    -102456.30000
   1062     -59131.38000
   1063      -7308.81200
   1064       7006.93800
   1065     -21551.69000
   1066     -56357.84000
   1067     -64668.12000
   1068     -51950.38000
   1069     -41565.94000
   1070     -39879.94000
   1071     -40017.94000
   1072     -41474.75000
   1073     -45000.94000
   1074     -40155.06000
   1075     -15497.62000
   1076      22597.38000
   1077      49758.25000
   1078      44461.88000
   1079      10130.38000
   1080     -26295.38000
   1081     -43501.00000
   1082     -50378.62000
   1083     -69538.84000
   1084     -97103.38000
   1085     -99725.47000
   1086     -62324.84000
   1087     -16397.00000
   1088       -692.37500
   1089     -14110.25000
   1090     -29579.12000
   1091     -33611.94000
   1092     -28880.88000
   1093     -18366.50000
   1094      -9295.93800
   1095     -14443.12000
   1096     -31692.38000
   1097     -39027.06000
   1098     -23506.88000
   1099       2255.68800
   1100      22930.00000
   1101      38394.94000
   1102      46601.31000
   1103      34344.62000
   1104       2050.93800
   1105     -27390.19000
   1106     -39761.50000
   1107     -44714.88000
   1108     -51574.94000
   1109     -57934.88000
   1110     -64630.94000
   1111     -74726.72000
   1112     -80326.03000
   1113     -71251.12000
   1114     -49764.94000
   1115     -26367.31000
   1116     -11974.69000
   1117     -13054.00000
   1118     -22874.06000
   1119     -27782.81000
   1120     -28963.38000
   1121     -40664.81000
   1122     -65752.88000
   1123     -92812.50000
   1124    -111664.70000
   1125    -114865.90000
   1126     -97138.50000
   1127     -67116.88000
   1128     -45444.06000
   1129     -43991.44000
   1130     -58424.88000
   1131     -77595.62000
   1132     -89372.06000
   1133     -85497.06000
   1134     -68812.00000
   1135     -48219.00000
   1136     -28108.94000
   1137     -12234.38000
   1138      -9987.25000
   1139     -28507.50000
   1140     -64317.00000
   1141    -103696.00000
   1142    -124661.50000
   1143    -110519.10000
   1144     -72972.38000
   1145     -43823.62000
   1146     -35629.31000
   1147     -36367.69000
   1148     -45537.12000
   1149     -77016.62000
   1150    -120066.30000
   1151    -137528.20000
   1152    -113183.90000
   1153     -71658.12000
   1154     -44667.50000
   1155     -38762.38000
   1156     -40042.62000
   1157     -36183.75000
   1158     -27430.19000
   1159     -20752.56000
   1160     -19364.06000
   1161     -21128.62000
   1162     -25129.44000
   1163     -34825.25000
   1164     -51733.75000
   1165     -66969.06000
   1166     -66875.75000
   1167     -50941.25000
   1168     -33502.62000
   1169     -24060.62000
   1170     -22707.25000
   1171     -35188.88000
   1172     -63411.69000
   1173     -80517.62000
   1174     -53023.81000
   1175       7653.62500
   1176      51736.81000
   1177      52034.69000
   1178      25647.88000
   1179      -3429.75000
   1180     -30312.38000
   1181     -55047.00000
   1182     -68707.44000
   1183     -62221.00000
   1184     -39005.06000
   1185     -16161.06000
   1186     -12123.62000
   1187     -26510.56000
   1188     -36079.88000
   1189     -23229.94000
   1190      -2778.18800
   1191      -5396.25000
   1192     -40062.94000
   1193     -84839.12000
   1194    -107372.10000
   1195     -90926.12000
   1196     -53846.31000
   1197     -37715.69000
   1198     -57454.62000
   1199     -79547.19000
   1200     -73573.19000
   1201     -56529.19000
   1202     -54456.75000
   1203     -56343.06000
   1204     -43507.31000
   1205     -29412.75000
   1206     -33736.81000
   1207     -47870.62000
   1208     -53859.31000
   1209     -50091.50000
   1210     -43603.06000
   1211     -41190.12000
   1212     -48161.94000
   1213     -54376.31000
   1214     -38779.94000
   1215      -9048.37500
   1216      -5439.00000
   1217     -40475.75000
   1218     -70053.38000
   1219     -49689.06000
   1220       9159.37500
   1221      55584.88000
   1222      52621.44000
   1223       7335.06200
   1224     -41596.81000
   1225     -62822.12000
   1226     -54367.00000
   1227     -28722.88000
   1228       1044.25000
   1229      16768.81000
   1230       7305.50000
   1231     -10262.00000
   1232     -10491.94000
   1233       2898.50000
   1234       7207.62500
   1235      -4494.18800
