      1    -103043.40000
      2    -128121.70000
      3    -137380.90000
      4    -121642.80000
      5     -99457.80000
      6     -92998.59000
      7     -98422.89000
      8     -99695.03000
      9     -96546.81000
     10     -96505.55000
     11     -93485.59000
     12     -78233.72000
     13     -59654.77000
     14     -55563.53000
     15     -69217.22000
     16     -87388.00000
     17     -94868.02000
     18     -85432.16000
     19     -68356.28000
     20     -65431.06000
     21     -88587.00000
     22    -120379.40000
     23    -131638.50000
     24    -118398.20000
     25    -103762.50000
     26    -104071.30000
     27    -113775.00000
     28    -122508.30000
     29    -124316.80000
     30    -112101.40000
     31     -85453.73000
     32     -58774.31000
     33     -44713.84000
     34     -42348.66000
     35     -52067.34000
     36     -77335.80000
     37    -104550.50000
     38    -112544.90000
     39    -105814.10000
     40    -105620.80000
     41    -110215.30000
     42     -97959.52000
     43     -67808.69000
     44     -48096.81000
     45     -61805.64000
     46     -97109.75000
     47    -118114.60000
     48    -105299.30000
     49     -77989.75000
     50     -65658.22000
     51     -69931.03000
     52     -74695.22000
     53     -75915.66000
     54     -76618.62000
     55     -72767.11000
     56     -67825.09000
     57     -76915.80000
     58     -97159.08000
     59    -102453.60000
     60     -84660.56000
     61     -68956.50000
     62     -72033.66000
     63     -75241.41000
     64     -58987.97000
     65     -39979.19000
     66     -49418.77000
     67     -84969.56000
     68    -108636.80000
     69     -95890.80000
     70     -68276.28000
     71     -63400.25000
     72     -82677.94000
     73     -89362.06000
     74     -60132.56000
     75     -17703.25000
     76      -1389.93800
     77     -21579.88000
     78     -56826.38000
     79     -82103.53000
     80     -86649.06000
     81     -76741.03000
     82     -69973.09000
     83     -75436.16000
     84     -80634.25000
     85     -73496.16000
     86     -65577.28000
     87     -69537.38000
     88     -69934.94000
     89     -45419.97000
     90      -6983.84400
     91      10822.19000
     92     -11873.41000
     93     -62454.89000
     94    -107242.20000
     95    -118951.10000
     96     -99861.25000
     97     -72996.25000
     98     -52895.94000
     99     -41580.16000
    100     -44183.69000
    101     -62505.91000
    102     -81079.56000
    103     -83340.00000
    104     -72143.19000
    105     -59434.34000
    106     -51423.75000
    107     -52588.88000
    108     -66735.44000
    109     -89264.69000
    110    -109604.50000
    111    -117931.30000
    112    -106379.00000
    113     -77348.59000
    114     -48950.59000
    115     -35574.62000
    116     -31383.66000
    117     -28700.78000
    118     -34409.72000
    119     -51005.41000
    120     -64713.47000
    121     -68037.02000
    122     -70925.92000
    123     -78783.23000
    124     -82321.72000
    125     -75885.38000
    126     -66882.31000
    127     -64078.02000
    128     -70241.05000
    129     -84806.19000
    130    -101770.30000
    131    -106576.80000
    132     -85608.64000
    133     -43173.03000
    134      -4575.62500
    135       4840.25000
    136     -15206.78000
    137     -41693.88000
    138     -56065.03000
    139     -60727.38000
    140     -65373.81000
    141     -69915.31000
    142     -70405.92000
    143     -72479.84000
    144     -85442.09000
    145    -105524.80000
    146    -116284.80000
    147    -108534.80000
    148     -92865.59000
    149     -87134.84000
    150     -93228.31000
    151     -93106.94000
    152     -72010.05000
    153     -39889.09000
    154     -21257.59000
    155     -26606.62000
    156     -43545.91000
    157     -54001.97000
    158     -51063.19000
    159     -40272.00000
    160     -31631.69000
    161     -30040.16000
    162     -31532.03000
    163     -31938.41000
    164     -36086.31000
    165     -49866.25000
    166     -66366.75000
    167     -73051.62000
    168     -71896.86000
    169     -76696.56000
    170     -89648.31000
    171     -98067.50000
    172     -95434.19000
    173     -85324.50000
    174     -65719.41000
    175     -34611.19000
    176      -7641.96900
    177      -3031.93800
    178     -16898.22000
    179     -39439.56000
    180     -76175.36000
    181    -124734.30000
    182    -156588.40000
    183    -150819.90000
    184    -120070.20000
    185     -85219.25000
    186     -55690.81000
    187     -42629.50000
    188     -55102.41000
    189     -78412.66000
    190     -88265.75000
    191     -83944.84000
    192     -81048.56000
    193     -81646.50000
    194     -76536.56000
    195     -66848.00000
    196     -61672.75000
    197     -62104.91000
    198     -64177.47000
    199     -70433.00000
    200     -82380.89000
    201     -86804.06000
    202     -69474.97000
    203     -41554.09000
    204     -31206.69000
    205     -46878.75000
    206     -70027.94000
    207     -84554.84000
    208     -91892.53000
    209     -98284.78000
    210    -106299.70000
    211    -114170.60000
    212    -110553.40000
    213     -83329.28000
    214     -42986.59000
    215     -18347.22000
    216     -21569.88000
    217     -36312.59000
    218     -42571.88000
    219     -34771.91000
    220     -18978.66000
    221     -10010.84000
    222     -26130.84000
    223     -70301.94000
    224    -119213.30000
    225    -140705.50000
    226    -120728.10000
    227     -72049.66000
    228     -23598.78000
    229      -3607.18800
    230     -21926.47000
    231     -59737.78000
    232     -84236.47000
    233     -81588.70000
    234     -66543.91000
    235     -54204.47000
    236     -41501.00000
    237     -26809.34000
    238     -24441.56000
    239     -42849.16000
    240     -67023.81000
    241     -76593.84000
    242     -68479.97000
    243     -53878.38000
    244     -42093.06000
    245     -33241.16000
    246     -25259.50000
    247     -24797.16000
    248     -42455.19000
    249     -73580.41000
    250     -94329.00000
    251     -84944.91000
    252     -54062.66000
    253     -34296.22000
    254     -47635.19000
    255     -75678.75000
    256     -80503.44000
    257     -57788.56000
    258     -40586.12000
    259     -45294.72000
    260     -52812.75000
    261     -50985.34000
    262     -52141.00000
    263     -61645.19000
    264     -68831.22000
    265     -69390.78000
    266     -63591.69000
    267     -43899.91000
    268     -13619.34000
    269       1825.71900
    270     -13853.88000
    271     -47046.78000
    272     -79023.81000
    273    -105176.10000
    274    -121172.90000
    275    -117621.20000
    276     -96335.41000
    277     -73156.09000
    278     -61577.94000
    279     -62623.75000
    280     -65338.38000
    281     -54725.47000
    282     -30390.75000
    283     -13516.84000
    284     -20982.62000
    285     -42185.19000
    286     -58160.88000
    287     -67459.38000
    288     -74054.25000
    289     -70110.16000
    290     -53247.38000
    291     -42821.34000
    292     -55950.00000
    293     -80228.34000
    294     -89798.59000
    295     -81172.09000
    296     -74727.25000
    297     -80381.88000
    298     -79145.53000
    299     -50483.91000
    300      -5537.65600
    301      25594.81000
    302      30194.03000
    303      16333.75000
    304      -9104.00000
    305     -42189.06000
    306     -71090.62000
    307     -83843.41000
    308     -78593.28000
    309     -57279.31000
    310     -24991.34000
    311        311.96880
    312       -605.78120
    313     -23290.91000
    314     -45608.03000
    315     -56739.72000
    316     -61358.00000
    317     -59389.97000
    318     -43898.56000
    319     -21971.31000
    320     -19353.59000
    321     -49005.31000
    322     -82204.56000
    323     -74755.66000
    324     -28433.09000
    325       1525.18800
    326     -22380.97000
    327     -70349.03000
    328     -89995.44000
    329     -71895.38000
    330     -43674.69000
    331     -25177.03000
    332     -17826.38000
    333     -19113.38000
    334     -23777.66000
    335     -20964.62000
    336      -5542.68800
    337      12749.53000
    338      19346.81000
    339      12984.81000
    340       7920.50000
    341      12553.62000
    342      14776.81000
    343       2766.56200
    344     -12462.06000
    345     -17616.22000
    346     -21267.41000
    347     -29123.69000
    348     -23025.62000
    349       2282.40600
    350      15247.94000
    351      -3204.37500
    352     -21634.16000
    353      -4268.96900
    354      34601.22000
    355      52738.59000
    356      37103.78000
    357      15894.44000
    358      18495.72000
    359      37326.19000
    360      41030.78000
    361      21313.62000
    362       4733.28100
    363      14314.75000
    364      41941.59000
    365      62374.38000
    366      57042.31000
    367      27868.91000
    368      -1338.46900
    369      -6489.87500
    370      10514.28000
    371      27237.78000
    372      26068.53000
    373       6298.81200
    374     -14795.88000
    375     -12122.81000
    376      19256.84000
    377      54733.66000
    378      71392.38000
    379      69128.34000
    380      55849.94000
    381      42666.34000
    382      49304.94000
    383      77287.88000
    384      90100.53000
    385      58959.38000
    386       9930.03100
    387     -10215.25000
    388       5002.15600
    389      25302.97000
    390      30032.84000
    391      23703.56000
    392      16040.12000
    393       9637.56200
    394       7705.40600
    395      16517.19000
    396      32407.59000
    397      40199.34000
    398      35377.12000
    399      34792.22000
    400      50884.22000
    401      69072.75000
    402      69154.00000
    403      56558.03000
    404      50744.16000
    405      53440.09000
    406      55450.75000
    407      64528.72000
    408      92231.84000
    409     119771.80000
    410     117789.70000
    411      97495.88000
    412     101082.70000
    413     140602.20000
    414     181400.80000
    415     187267.20000
    416     157854.20000
    417     125296.10000
    418     125410.30000
    419     163015.20000
    420     203755.10000
    421     212749.40000
    422     195803.80000
    423     187190.10000
    424     206599.70000
    425     243570.90000
    426     275863.80000
    427     289482.20000
    428     286121.70000
    429     281133.40000
    430     288208.50000
    431     299851.40000
    432     294948.80000
    433     275877.10000
    434     277455.80000
    435     318883.80000
    436     371661.10000
    437     400880.00000
    438     409804.40000
    439     414583.20000
    440     409858.20000
    441     391726.10000
    442     381859.80000
    443     398490.40000
    444     431992.90000
    445     469390.20000
    446     514274.00000
    447     567681.20000
    448     613501.20000
    449     637114.80000
    450     646013.50000
    451     666009.00000
    452     718792.80000
    453     798362.70000
    454     872874.10000
    455     920874.50000
    456     959608.80000
    457    1019399.00000
    458    1099623.00000
    459    1176093.00000
    460    1244546.00000
    461    1326111.00000
    462    1430188.00000
    463    1542382.00000
    464    1651479.00000
    465    1763244.00000
    466    1885664.00000
    467    2022988.00000
    468    2179392.00000
    469    2344447.00000
    470    2484646.00000
    471    2579178.00000
    472    2655103.00000
    473    2753738.00000
    474    2871374.00000
    475    2963780.00000
    476    2999618.00000
    477    2984075.00000
    478    2942372.00000
    479    2899420.00000
    480    2863545.00000
    481    2822819.00000
    482    2766395.00000
    483    2700341.00000
    484    2632377.00000
    485    2562554.00000
    486    2499495.00000
    487    2458070.00000
    488    2432016.00000
    489    2395523.00000
    490    2339129.00000
    491    2284957.00000
    492    2260718.00000
    493    2265680.00000
    494    2268796.00000
    495    2248385.00000
    496    2223794.00000
    497    2222968.00000
    498    2229926.00000
    499    2204168.00000
    500    2145818.00000
    501    2098459.00000
    502    2090227.00000
    503    2110718.00000
    504    2142186.00000
    505    2177262.00000
    506    2206120.00000
    507    2216064.00000
    508    2207513.00000
    509    2191939.00000
    510    2174546.00000
    511    2150425.00000
    512    2111367.00000
    513    2049015.00000
    514    1964196.00000
    515    1877223.00000
    516    1810297.00000
    517    1757210.00000
    518    1689758.00000
    519    1593928.00000
    520    1482027.00000
    521    1371792.00000
    522    1267133.00000
    523    1161289.00000
    524    1056511.00000
    525     973746.40000
    526     926628.60000
    527     891011.90000
    528     827718.40000
    529     733100.80000
    530     639410.00000
    531     570352.90000
    532     523873.20000
    533     490121.10000
    534     459592.10000
    535     420996.50000
    536     373201.10000
    537     332953.00000
    538     313512.30000
    539     305411.30000
    540     295135.40000
    541     288220.50000
    542     291113.80000
    543     286536.20000
    544     256641.90000
    545     216554.50000
    546     195476.50000
    547     197364.50000
    548     204876.30000
    549     207596.60000
    550     205205.30000
    551     195508.40000
    552     176202.90000
    553     153405.20000
    554     140302.50000
    555     147110.10000
    556     171255.60000
    557     197490.10000
    558     210642.10000
    559     208276.50000
    560     199084.40000
    561     191319.50000
    562     187716.30000
    563     190182.40000
    564     199701.00000
    565     208945.50000
    566     207839.50000
    567     201465.00000
    568     207593.80000
    569     231469.00000
    570     257583.40000
    571     269266.50000
    572     265186.00000
    573     256756.70000
    574     254094.70000
    575     252277.60000
    576     236844.20000
    577     209143.70000
    578     193465.30000
    579     207543.80000
    580     237555.80000
    581     255974.20000
    582     259809.80000
    583     275672.30000
    584     319171.30000
    585     367911.70000
    586     397202.80000
    587     420795.40000
    588     463172.20000
    589     517304.90000
    590     566214.70000
    591     615608.20000
    592     671300.80000
    593     714420.80000
    594     721688.10000
    595     687023.80000
    596     621099.80000
    597     549354.00000
    598     497533.20000
    599     465054.90000
    600     430640.30000
    601     386369.80000
    602     343516.70000
    603     308331.30000
    604     273311.60000
    605     232137.20000
    606     192680.80000
    607     171021.20000
    608     170833.30000
    609     174702.90000
    610     163803.00000
    611     139534.50000
    612     119023.30000
    613     114454.50000
    614     118385.80000
    615     110433.80000
    616      85521.81000
    617      64820.34000
    618      62826.19000
    619      65177.34000
    620      61072.50000
    621      66041.94000
    622      86279.22000
    623      96746.22000
    624      81784.53000
    625      63404.97000
    626      66587.69000
    627      85092.94000
    628      97825.81000
    629      96336.56000
    630      85494.22000
    631      73862.59000
    632      69600.09000
    633      73161.94000
    634      71792.91000
    635      54004.22000
    636      30141.59000
    637      22153.41000
    638      29459.84000
    639      25370.94000
    640      -2176.59400
    641     -26481.62000
    642     -15515.66000
    643      25947.06000
    644      64138.19000
    645      71296.81000
    646      39449.19000
    647     -19235.06000
    648     -69823.56000
    649     -77083.81000
    650     -47794.66000
    651     -26038.62000
    652     -34085.97000
    653     -46898.91000
    654     -37333.62000
    655     -17032.34000
    656     -14922.69000
    657     -33289.78000
    658     -44066.69000
    659     -26502.09000
    660       6807.00000
    661      30900.28000
    662      42277.75000
    663      54581.22000
    664      72058.59000
    665      85751.50000
    666      86183.91000
    667      68898.00000
    668      39937.75000
    669      17719.34000
    670      14753.81000
    671      23456.84000
    672      32561.56000
    673      42605.94000
    674      53795.56000
    675      57320.34000
    676      48519.94000
    677      33801.56000
    678      21328.25000
    679      15441.94000
    680      15902.38000
    681      13782.31000
    682      -3195.84400
    683     -32717.62000
    684     -54894.03000
    685     -55243.19000
    686     -40344.78000
    687     -23175.09000
    688      -7653.28100
    689       1373.56200
    690      -7558.78100
    691     -30751.44000
    692     -42238.62000
    693     -29030.41000
    694     -14290.25000
    695     -25687.19000
    696     -57271.53000
    697     -78350.62000
    698     -67996.09000
    699     -33177.47000
    700      -2372.06200
    701      -2638.65600
    702     -34816.66000
    703     -70607.44000
    704     -78035.22000
    705     -52109.97000
    706     -20511.56000
    707     -13825.97000
    708     -30221.25000
    709     -42602.25000
    710     -40346.91000
    711     -40638.06000
    712     -55166.19000
    713     -71867.75000
    714     -75023.59000
    715     -63619.84000
    716     -49840.16000
    717     -50543.38000
    718     -70715.56000
    719     -91709.94000
    720     -93203.72000
    721     -83316.41000
    722     -84131.69000
    723     -94387.53000
    724     -90755.06000
    725     -62060.19000
    726     -26126.94000
    727     -12079.50000
    728     -28282.06000
    729     -50981.66000
    730     -52848.66000
    731     -33761.72000
    732      -9018.78100
    733      12813.66000
    734      19777.44000
    735      -7061.34400
    736     -62590.94000
    737    -111471.60000
    738    -129724.70000
    739    -123566.00000
    740    -103033.80000
    741     -72391.97000
    742     -47944.69000
    743     -50115.75000
    744     -73866.12000
    745     -92387.00000
    746     -91646.81000
    747     -82283.44000
    748     -77395.03000
    749     -75865.72000
    750     -69341.81000
    751     -52214.81000
    752     -26578.72000
    753      -9211.03100
    754     -22220.19000
    755     -60611.19000
    756     -89096.66000
    757     -89616.09000
    758     -83786.09000
    759     -90103.00000
    760     -94913.62000
    761     -83113.78000
    762     -61735.47000
    763     -42195.03000
    764     -29502.41000
    765     -28741.50000
    766     -38305.19000
    767     -47036.91000
    768     -52271.28000
    769     -60879.72000
    770     -67010.06000
    771     -56010.31000
    772     -31931.00000
    773     -13549.41000
    774      -6156.59400
    775      -2764.87500
    776      -5311.78100
    777     -18035.81000
    778     -27986.97000
    779     -20288.25000
    780      -7328.21900
    781     -13819.22000
    782     -34274.50000
    783     -35616.47000
    784      -6935.31200
    785      21013.66000
    786      15924.06000
    787     -18010.50000
    788     -52811.62000
    789     -70824.34000
    790     -74687.75000
    791     -73333.78000
    792     -70354.31000
    793     -66952.97000
    794     -69066.59000
    795     -81391.38000
    796     -92557.69000
    797     -81814.59000
    798     -50929.31000
    799     -31198.72000
    800     -41363.53000
    801     -58539.84000
    802     -52767.16000
    803     -29335.31000
    804     -13661.44000
    805     -14910.25000
    806     -25420.44000
    807     -36370.91000
    808     -39246.28000
    809     -30154.06000
    810     -19419.41000
    811     -20939.25000
    812     -33960.19000
    813     -48605.03000
    814     -58902.16000
    815     -59147.12000
    816     -43331.56000
    817     -18434.03000
    818      -2589.75000
    819      -4600.62500
    820     -18765.25000
    821     -36600.75000
    822     -48642.69000
    823     -43833.38000
    824     -24653.75000
    825     -12779.66000
    826     -24466.19000
    827     -50416.62000
    828     -68825.81000
    829     -66195.44000
    830     -42556.31000
    831     -11142.59000
    832       6832.87500
    833       -272.65620
    834     -23161.47000
    835     -41674.78000
    836     -41456.81000
    837     -25264.12000
    838     -15441.75000
    839     -33022.88000
    840     -67304.59000
    841     -84833.34000
    842     -73167.62000
    843     -52960.66000
    844     -45650.53000
    845     -52031.91000
    846     -59584.19000
    847     -52375.25000
    848     -22505.34000
    849      13830.41000
    850      24832.06000
    851       -915.62500
    852     -40443.69000
    853     -65869.84000
    854     -73030.81000
    855     -71732.22000
    856     -62821.47000
    857     -43188.78000
    858     -25919.50000
    859     -29885.19000
    860     -47186.03000
    861     -50114.16000
    862     -37739.78000
    863     -41504.59000
    864     -71589.66000
    865     -94126.59000
    866     -80007.66000
    867     -45294.75000
    868     -27044.88000
    869     -41400.03000
    870     -72098.25000
    871     -85352.88000
    872     -62681.84000
    873     -27166.31000
    874     -16948.91000
    875     -31449.06000
    876     -38021.03000
    877     -28446.16000
    878     -23947.84000
    879     -29465.53000
    880     -30891.69000
    881     -30734.34000
    882     -40823.91000
    883     -49175.97000
    884     -36619.38000
    885     -17069.28000
    886     -22136.19000
    887     -49374.34000
    888     -60185.88000
    889     -34079.16000
    890       1775.71900
    891       8722.78100
    892     -16877.03000
    893     -48205.50000
    894     -65494.12000
    895     -72830.69000
    896     -82748.31000
    897     -95541.22000
    898     -97428.56000
    899     -80450.41000
    900     -58415.38000
    901     -51373.16000
    902     -59088.72000
    903     -66144.50000
    904     -67315.59000
    905     -67982.00000
    906     -65053.50000
    907     -49496.19000
    908     -27553.94000
    909     -20139.06000
    910     -34225.56000
    911     -48615.06000
    912     -41666.47000
    913     -25437.91000
    914     -31374.72000
    915     -61870.56000
    916     -81255.16000
    917     -64297.66000
    918     -30338.97000
    919     -13207.66000
    920     -16534.81000
    921     -20184.25000
    922     -17485.81000
    923     -19959.84000
    924     -29559.22000
    925     -31462.53000
    926     -16695.12000
    927       4968.62500
    928      15478.19000
    929       4285.50000
    930     -19761.03000
    931     -33161.16000
    932     -28729.06000
    933     -30843.12000
    934     -55150.66000
    935     -72259.66000
    936     -48713.19000
    937      -5606.71900
    938       6147.06200
    939     -23076.19000
    940     -54067.94000
    941     -56453.12000
    942     -42462.97000
    943     -41931.53000
    944     -63536.44000
    945     -86992.25000
    946     -87079.50000
    947     -61772.19000
    948     -34430.94000
    949     -25045.72000
    950     -25146.31000
    951     -13016.84000
    952      10362.44000
    953      19640.53000
    954         -3.06250
    955     -34926.38000
    956     -60064.44000
    957     -59366.66000
    958     -36320.06000
    959     -17265.94000
    960     -30842.34000
    961     -73628.62000
    962    -112043.70000
    963    -121256.40000
    964    -102943.90000
    965     -69432.75000
    966     -33415.66000
    967      -7223.78100
    968       6507.84400
    969      16544.00000
    970      25659.78000
    971      23153.50000
    972       1463.25000
    973     -28660.97000
    974     -43123.94000
    975     -25016.47000
    976      13687.44000
    977      35331.91000
    978      15970.69000
    979     -23123.91000
    980     -41604.69000
    981     -31379.59000
    982     -19255.72000
    983     -23821.97000
    984     -36043.44000
    985     -41688.56000
    986     -40309.44000
    987     -41380.44000
    988     -54542.47000
    989     -77151.16000
    990     -87393.81000
    991     -67136.25000
    992     -30493.69000
    993      -5850.87500
    994       1922.84400
    995       1950.25000
    996     -12689.00000
    997     -48711.41000
    998     -83102.56000
    999     -86552.66000
   1000     -64758.59000
   1001     -47927.78000
   1002     -49506.25000
   1003     -57404.44000
   1004     -58083.62000
   1005     -50093.12000
   1006     -36769.34000
   1007     -22097.66000
   1008     -13769.94000
   1009     -16409.84000
   1010     -23154.12000
   1011     -26608.44000
   1012     -30738.97000
   1013     -38351.31000
   1014     -41094.91000
   1015     -35714.19000
   1016     -31266.50000
   1017     -29286.69000
   1018     -20107.97000
   1019      -6378.46900
   1020      -5431.78100
   1021     -21876.44000
   1022     -38421.19000
   1023     -38563.94000
   1024     -23990.47000
   1025      -6618.31200
   1026       6157.31200
   1027      12253.94000
   1028       7590.18800
   1029     -10341.50000
   1030     -32059.25000
   1031     -41884.91000
   1032     -35941.12000
   1033     -22913.88000
   1034      -8495.87500
   1035       6627.62500
   1036      14186.31000
   1037        533.43750
   1038     -32336.09000
   1039     -60271.91000
   1040     -61606.12000
   1041     -41725.03000
   1042     -23785.66000
   1043     -21887.50000
   1044     -32301.31000
   1045     -42816.66000
   1046     -43481.75000
   1047     -37758.38000
   1048     -43601.62000
   1049     -69220.88000
   1050     -93551.78000
   1051     -89253.16000
   1052     -56941.91000
   1053     -20557.75000
   1054      -1021.56200
   1055      -5554.50000
   1056     -26861.09000
   1057     -46514.44000
   1058     -52809.06000
   1059     -50765.41000
   1060     -41875.31000
   1061     -13033.91000
   1062      33552.75000
   1063      61830.62000
   1064      41176.50000
   1065      -9645.81200
   1066     -43550.62000
   1067     -43721.34000
   1068     -37868.12000
   1069     -50836.38000
   1070     -65697.41000
   1071     -51966.12000
   1072     -17794.62000
   1073      -1183.81200
   1074     -11377.06000
   1075     -15954.69000
   1076       5643.00000
   1077      29594.19000
   1078      24189.88000
   1079      -6456.00000
   1080     -34255.91000
   1081     -47159.91000
   1082     -55678.91000
   1083     -64760.06000
   1084     -64175.06000
   1085     -52761.09000
   1086     -48086.75000
   1087     -60374.41000
   1088     -77850.47000
   1089     -87354.56000
   1090     -87239.34000
   1091     -73217.94000
   1092     -35798.03000
   1093      17458.38000
   1094      54230.62000
   1095      46156.81000
   1096       1952.56200
   1097     -39117.25000
   1098     -50398.16000
   1099     -41602.00000
   1100     -33988.59000
   1101     -34178.03000
   1102     -43331.00000
   1103     -63176.38000
   1104     -78816.44000
   1105     -65350.84000
   1106     -24309.38000
   1107      10764.75000
   1108      11448.81000
   1109     -18472.19000
   1110     -49704.34000
   1111     -53305.50000
   1112     -29045.59000
   1113      -7419.18800
   1114     -12534.62000
   1115     -33158.25000
   1116     -43842.22000
   1117     -38785.06000
   1118     -29364.38000
   1119     -22865.97000
   1120     -18636.56000
   1121     -17403.06000
   1122     -23056.62000
   1123     -34670.50000
   1124     -41585.75000
   1125     -33661.84000
   1126     -17739.06000
   1127     -13436.06000
   1128     -28806.00000
   1129     -51660.53000
   1130     -67204.62000
   1131     -71136.91000
   1132     -66294.69000
   1133     -58942.06000
   1134     -53374.91000
   1135     -41971.50000
   1136     -13769.06000
   1137      22548.38000
   1138      43190.75000
   1139      35541.56000
   1140       2085.43800
   1141     -45808.28000
   1142     -78692.31000
   1143     -65954.62000
   1144     -23998.19000
   1145      -5795.43800
   1146     -25236.19000
   1147     -42372.97000
   1148     -34516.19000
   1149     -24548.62000
   1150     -30998.69000
   1151     -44063.44000
   1152     -53212.56000
   1153     -54238.31000
   1154     -37151.47000
   1155      -5371.37500
   1156       9161.81200
   1157     -14221.44000
   1158     -47004.53000
   1159     -46885.59000
   1160     -16714.12000
   1161       3838.81200
   1162      -4325.18800
   1163     -22681.00000
   1164     -32721.56000
   1165     -37605.59000
   1166     -39034.09000
   1167     -23631.56000
   1168       9271.68800
   1169      29929.81000
   1170      13122.50000
   1171     -23036.12000
   1172     -36840.94000
   1173     -13794.56000
   1174      21390.69000
   1175      36619.62000
   1176      21366.44000
   1177      -7828.00000
   1178     -20298.69000
   1179       -224.43750
   1180      31000.81000
   1181      34813.38000
   1182       1020.87500
   1183     -41001.38000
   1184     -55943.91000
   1185     -34188.62000
   1186       4881.00000
   1187      28569.50000
   1188      17844.38000
   1189     -12176.19000
   1190     -27699.06000
   1191     -14192.38000
   1192      14087.62000
   1193      37630.19000
   1194      45836.44000
   1195      33739.38000
   1196       5378.62500
   1197     -21954.88000
   1198     -31685.44000
   1199     -24866.44000
   1200     -16901.75000
   1201     -19987.12000
   1202     -29696.06000
   1203     -28286.19000
   1204      -5751.43800
   1205      22331.81000
   1206      26141.56000
   1207      -5555.62500
   1208     -48601.75000
   1209     -66298.12000
   1210     -50220.81000
   1211     -26118.12000
   1212     -13629.44000
   1213      -4118.06200
   1214       7374.43800
   1215       3572.31200
   1216     -18866.56000
   1217     -33389.56000
   1218     -25985.19000
   1219     -14187.56000
   1220      -9827.25000
   1221      -3629.50000
   1222       6245.00000
   1223       6386.81200
   1224      -8642.50000
   1225     -28169.44000
   1226     -37801.88000
   1227     -32213.00000
   1228     -21229.31000
   1229     -17663.25000
   1230     -17136.50000
   1231      -8879.93800
   1232      -2980.25000
   1233     -16204.06000
   1234     -37031.56000
   1235     -40544.12000
