      1    -124292.20000
      2    -124020.90000
      3     -99136.66000
      4     -78790.42000
      5     -85976.25000
      6    -103961.20000
      7     -97258.72000
      8     -61830.33000
      9     -39520.80000
     10     -65508.59000
     11    -114153.10000
     12    -127094.20000
     13     -88001.39000
     14     -39105.19000
     15     -25367.23000
     16     -46305.41000
     17     -68581.67000
     18     -71127.50000
     19     -63131.70000
     20     -58711.97000
     21     -53304.22000
     22     -35879.92000
     23     -10676.81000
     24       2451.54700
     25     -15937.06000
     26     -64759.70000
     27    -111757.30000
     28    -114998.30000
     29     -66458.55000
     30      -7751.56200
     31       5598.32800
     32     -40286.77000
     33     -99669.02000
     34    -116530.60000
     35     -89801.77000
     36     -65426.69000
     37     -67651.39000
     38     -72863.72000
     39     -52275.11000
     40     -11027.91000
     41      18112.84000
     42       9631.23400
     43     -22993.75000
     44     -41676.36000
     45     -38089.44000
     46     -43134.14000
     47     -71306.72000
     48     -98916.27000
     49    -109311.70000
     50    -114544.10000
     51    -124287.70000
     52    -129206.40000
     53    -117168.90000
     54     -87047.88000
     55     -51779.95000
     56     -29651.28000
     57     -22701.25000
     58     -17248.02000
     59     -12947.09000
     60     -23878.00000
     61     -46800.86000
     62     -65662.00000
     63     -85994.42000
     64    -120666.10000
     65    -147451.30000
     66    -131716.90000
     67     -88687.53000
     68     -70913.42000
     69     -92457.95000
     70    -114838.10000
     71    -111840.40000
     72     -99667.19000
     73     -94749.72000
     74     -88456.36000
     75     -75428.81000
     76     -66634.81000
     77     -63169.67000
     78     -52901.19000
     79     -40346.52000
     80     -44198.53000
     81     -60460.31000
     82     -64526.33000
     83     -54937.91000
     84     -56897.67000
     85     -76377.41000
     86     -89404.64000
     87     -82130.05000
     88     -64214.34000
     89     -41801.28000
     90     -16005.02000
     91      -3034.18800
     92     -18100.17000
     93     -49273.14000
     94     -77382.91000
     95    -100081.70000
     96    -114330.30000
     97    -109994.20000
     98     -97010.23000
     99     -97755.95000
    100    -103994.90000
    101     -86028.50000
    102     -46672.88000
    103     -24723.67000
    104     -44725.81000
    105     -90062.00000
    106    -120797.20000
    107    -107294.50000
    108     -59513.02000
    109     -25124.59000
    110     -44721.12000
    111    -110616.70000
    112    -175385.30000
    113    -194677.20000
    114    -162553.90000
    115    -113366.70000
    116     -87628.98000
    117     -97562.33000
    118    -129491.90000
    119    -161752.50000
    120    -168936.80000
    121    -135510.00000
    122     -82500.39000
    123     -53380.14000
    124     -61550.30000
    125     -80014.50000
    126     -88847.08000
    127     -99919.36000
    128    -125535.10000
    129    -151169.30000
    130    -154127.30000
    131    -133876.70000
    132    -109447.90000
    133     -95099.84000
    134     -92665.06000
    135    -101692.50000
    136    -118445.00000
    137    -127306.00000
    138    -114513.30000
    139     -90452.89000
    140     -80223.98000
    141     -93192.72000
    142    -115800.50000
    143    -128474.50000
    144    -117997.60000
    145     -85034.98000
    146     -50038.17000
    147     -37723.56000
    148     -48330.17000
    149     -62322.31000
    150     -73438.02000
    151     -88904.39000
    152     -99188.86000
    153     -86871.42000
    154     -65977.53000
    155     -68572.83000
    156     -91774.94000
    157    -101809.80000
    158     -90366.23000
    159     -85682.70000
    160    -107670.90000
    161    -143522.20000
    162    -166445.50000
    163    -161656.40000
    164    -137859.70000
    165    -116547.10000
    166    -104297.70000
    167     -87138.53000
    168     -61301.39000
    169     -46771.12000
    170     -56624.62000
    171     -76751.73000
    172     -90548.23000
    173    -101773.90000
    174    -118748.00000
    175    -131016.10000
    176    -115845.20000
    177     -68848.48000
    178     -22179.03000
    179     -18750.02000
    180     -60435.53000
    181     -99062.42000
    182     -93375.83000
    183     -57860.84000
    184     -38836.11000
    185     -59409.08000
    186    -102927.60000
    187    -134814.00000
    188    -131229.10000
    189     -99455.94000
    190     -71785.89000
    191     -67373.75000
    192     -70209.75000
    193     -60991.31000
    194     -51027.62000
    195     -58690.73000
    196     -70909.75000
    197     -61287.48000
    198     -34493.38000
    199     -20685.69000
    200     -33141.20000
    201     -58026.58000
    202     -79358.25000
    203     -90636.95000
    204     -89708.11000
    205     -81862.36000
    206     -80703.73000
    207     -91232.97000
    208    -100790.50000
    209     -95737.02000
    210     -77774.20000
    211     -59988.45000
    212     -55838.22000
    213     -71787.48000
    214    -100533.40000
    215    -122644.80000
    216    -123301.40000
    217    -108682.80000
    218    -101927.00000
    219    -118757.20000
    220    -147396.30000
    221    -161113.50000
    222    -154167.70000
    223    -146510.90000
    224    -142212.30000
    225    -115473.20000
    226     -64108.09000
    227     -38454.45000
    228     -73091.28000
    229    -125602.10000
    230    -133970.30000
    231    -101730.80000
    232     -75379.55000
    233     -70652.45000
    234     -71262.86000
    235     -70292.33000
    236     -70238.41000
    237     -66338.23000
    238     -60376.94000
    239     -70672.52000
    240    -108612.80000
    241    -156700.70000
    242    -181160.30000
    243    -167963.30000
    244    -142667.50000
    245    -139505.00000
    246    -148594.30000
    247    -124851.60000
    248     -60542.58000
    249     -10039.50000
    250     -20114.16000
    251     -68504.69000
    252     -97886.84000
    253     -86761.70000
    254     -60931.09000
    255     -49266.45000
    256     -55916.39000
    257     -73905.09000
    258     -98459.45000
    259    -119023.20000
    260    -120186.30000
    261    -101230.80000
    262     -77258.09000
    263     -57123.52000
    264     -39392.83000
    265     -30365.36000
    266     -42761.17000
    267     -73884.81000
    268    -104968.10000
    269    -124756.00000
    270    -137173.40000
    271    -140995.10000
    272    -120461.80000
    273     -71501.03000
    274     -24181.67000
    275     -14285.97000
    276     -37346.75000
    277     -58330.88000
    278     -62269.78000
    279     -65008.88000
    280     -77450.47000
    281     -89748.88000
    282     -89681.81000
    283     -75602.69000
    284     -58421.47000
    285     -60231.12000
    286     -93114.72000
    287    -134017.80000
    288    -144425.70000
    289    -117458.20000
    290     -82316.12000
    291     -65352.47000
    292     -66863.31000
    293     -71156.91000
    294     -65531.44000
    295     -54450.22000
    296     -55147.81000
    297     -71966.34000
    298     -87201.84000
    299     -88938.31000
    300     -88366.38000
    301     -96245.56000
    302    -105102.50000
    303    -104486.80000
    304     -91839.97000
    305     -66795.69000
    306     -38749.03000
    307     -33034.97000
    308     -60534.84000
    309     -91978.53000
    310     -93329.16000
    311     -75576.53000
    312     -75943.38000
    313     -98468.53000
    314    -110008.10000
    315     -95192.34000
    316     -80763.00000
    317     -93736.88000
    318    -122520.90000
    319    -136979.00000
    320    -129864.30000
    321    -119384.70000
    322    -120313.20000
    323    -127902.70000
    324    -127297.20000
    325    -111451.60000
    326     -91092.28000
    327     -87075.22000
    328    -107851.80000
    329    -137667.50000
    330    -153857.30000
    331    -153058.40000
    332    -151724.20000
    333    -158672.90000
    334    -157562.90000
    335    -128333.30000
    336     -80430.91000
    337     -44660.81000
    338     -33680.44000
    339     -34598.25000
    340     -35869.91000
    341     -32553.97000
    342     -14279.19000
    343      17067.19000
    344      31675.56000
    345       8811.40600
    346     -29239.25000
    347     -48944.09000
    348     -47034.66000
    349     -39670.16000
    350     -39631.00000
    351     -53818.00000
    352     -73666.47000
    353     -71311.84000
    354     -35440.50000
    355       4362.43800
    356      15397.56000
    357      -2178.87500
    358     -37309.59000
    359     -88114.00000
    360    -136570.10000
    361    -143583.50000
    362     -97164.72000
    363     -36222.88000
    364      -4429.68800
    365      -3067.12500
    366      -7653.28100
    367      -9368.71900
    368     -17048.66000
    369     -29155.19000
    370     -27822.44000
    371      -2842.71900
    372      32558.59000
    373      52463.75000
    374      41638.09000
    375      13760.31000
    376       6558.09400
    377      42463.94000
    378      91704.22000
    379      98351.62000
    380      47443.69000
    381     -20349.50000
    382     -63819.75000
    383     -76432.62000
    384     -63626.66000
    385     -27684.78000
    386      11788.81000
    387      22298.00000
    388       -334.31250
    389     -26991.41000
    390     -39482.88000
    391     -47187.81000
    392     -53235.59000
    393     -39519.22000
    394       1863.93800
    395      46951.56000
    396      63282.25000
    397      45459.41000
    398      19007.22000
    399       8940.37500
    400       8797.62500
    401      -7292.00000
    402     -40643.59000
    403     -58214.12000
    404     -38200.31000
    405      -3705.21900
    406       9006.34400
    407      -2015.03100
    408     -10696.25000
    409      -2035.87500
    410      22050.25000
    411      62051.91000
    412     113429.10000
    413     151229.30000
    414     156981.20000
    415     147675.10000
    416     143445.80000
    417     132149.70000
    418     102157.60000
    419      74924.41000
    420      69905.34000
    421      78399.00000
    422      95132.38000
    423     123812.50000
    424     143992.20000
    425     131659.90000
    426     108415.50000
    427     112484.80000
    428     139759.60000
    429     165988.80000
    430     194506.20000
    431     235017.90000
    432     268995.70000
    433     275641.70000
    434     266914.80000
    435     272257.20000
    436     306070.20000
    437     360535.10000
    438     418584.70000
    439     464951.60000
    440     491001.60000
    441     500518.80000
    442     510730.50000
    443     530078.50000
    444     539989.60000
    445     528421.60000
    446     527888.20000
    447     571498.50000
    448     625549.10000
    449     629604.90000
    450     590716.70000
    451     572919.80000
    452     607204.50000
    453     673413.20000
    454     754297.10000
    455     846690.90000
    456     934774.80000
    457    1004706.00000
    458    1075184.00000
    459    1173625.00000
    460    1294424.00000
    461    1413214.00000
    462    1523482.00000
    463    1627093.00000
    464    1706418.00000
    465    1745625.00000
    466    1774024.00000
    467    1856500.00000
    468    2034177.00000
    469    2290120.00000
    470    2576198.00000
    471    2866270.00000
    472    3185635.00000
    473    3588808.00000
    474    4103726.00000
    475    4697310.00000
    476    5294664.00000
    477    5811668.00000
    478    6157460.00000
    479    6245629.00000
    480    6051247.00000
    481    5645664.00000
    482    5137454.00000
    483    4594716.00000
    484    4053671.00000
    485    3562645.00000
    486    3160118.00000
    487    2832246.00000
    488    2542506.00000
    489    2285862.00000
    490    2074833.00000
    491    1896333.00000
    492    1726107.00000
    493    1571787.00000
    494    1460264.00000
    495    1384903.00000
    496    1305971.00000
    497    1214911.00000
    498    1157634.00000
    499    1164296.00000
    500    1189482.00000
    501    1165193.00000
    502    1094084.00000
    503    1045204.00000
    504    1060442.00000
    505    1102404.00000
    506    1108320.00000
    507    1071554.00000
    508    1041092.00000
    509    1049134.00000
    510    1080995.00000
    511    1120500.00000
    512    1171414.00000
    513    1220908.00000
    514    1240846.00000
    515    1241078.00000
    516    1261063.00000
    517    1298792.00000
    518    1313246.00000
    519    1304247.00000
    520    1323559.00000
    521    1396405.00000
    522    1491718.00000
    523    1580606.00000
    524    1672620.00000
    525    1781371.00000
    526    1899642.00000
    527    2026595.00000
    528    2186014.00000
    529    2400336.00000
    530    2667091.00000
    531    2969458.00000
    532    3290120.00000
    533    3612722.00000
    534    3930108.00000
    535    4249416.00000
    536    4568402.00000
    537    4848256.00000
    538    5029002.00000
    539    5069752.00000
    540    4963810.00000
    541    4728109.00000
    542    4397238.00000
    543    4019399.00000
    544    3638040.00000
    545    3272957.00000
    546    2922557.00000
    547    2583076.00000
    548    2265836.00000
    549    1994061.00000
    550    1777107.00000
    551    1598020.00000
    552    1438119.00000
    553    1296909.00000
    554    1173189.00000
    555    1055717.00000
    556     948995.90000
    557     872081.60000
    558     818049.80000
    559     757080.20000
    560     687573.70000
    561     637851.10000
    562     614224.50000
    563     591244.60000
    564     556060.70000
    565     527144.70000
    566     523366.20000
    567     534123.60000
    568     528977.40000
    569     494594.20000
    570     451712.40000
    571     426907.90000
    572     419269.80000
    573     409097.30000
    574     388627.80000
    575     370461.70000
    576     370417.60000
    577     384958.90000
    578     386786.00000
    579     355897.40000
    580     313610.10000
    581     300372.60000
    582     319592.40000
    583     335209.70000
    584     328473.30000
    585     323362.40000
    586     344000.20000
    587     373423.90000
    588     374637.90000
    589     342350.20000
    590     312877.80000
    591     316710.90000
    592     337909.00000
    593     339535.90000
    594     319017.60000
    595     307826.60000
    596     316948.60000
    597     320754.30000
    598     306155.20000
    599     298346.10000
    600     316733.00000
    601     340319.70000
    602     343175.60000
    603     336932.40000
    604     350214.70000
    605     382309.00000
    606     403447.60000
    607     398491.70000
    608     389329.20000
    609     401986.50000
    610     424736.80000
    611     425583.80000
    612     409638.10000
    613     420523.30000
    614     470171.50000
    615     509834.50000
    616     501477.90000
    617     479466.70000
    618     499901.10000
    619     558514.10000
    620     604519.80000
    621     615516.00000
    622     614771.20000
    623     623807.20000
    624     633733.20000
    625     626931.60000
    626     607803.60000
    627     599645.10000
    628     613361.00000
    629     638755.80000
    630     673530.90000
    631     727698.90000
    632     785080.50000
    633     804609.30000
    634     774454.50000
    635     718811.60000
    636     656817.40000
    637     608246.00000
    638     607979.20000
    639     650124.10000
    640     664774.10000
    641     610138.90000
    642     528325.40000
    643     469189.20000
    644     434914.30000
    645     422963.90000
    646     437828.70000
    647     448921.00000
    648     417273.60000
    649     360432.60000
    650     322702.60000
    651     303069.30000
    652     276658.50000
    653     257543.80000
    654     274901.60000
    655     309172.40000
    656     312409.50000
    657     281134.40000
    658     257364.40000
    659     260983.70000
    660     267464.90000
    661     256643.40000
    662     242619.40000
    663     242654.00000
    664     245949.00000
    665     228998.70000
    666     186410.70000
    667     135350.20000
    668      96158.53000
    669      75117.03000
    670      65454.44000
    671      62368.19000
    672      72175.38000
    673     100660.80000
    674     134799.40000
    675     150924.40000
    676     148592.10000
    677     157418.30000
    678     191756.50000
    679     219659.30000
    680     206198.30000
    681     167162.70000
    682     142602.80000
    683     135501.30000
    684     119320.90000
    685      92132.34000
    686      78171.38000
    687      82492.19000
    688      86150.66000
    689      85418.62000
    690      97568.41000
    691     122876.40000
    692     133417.70000
    693     109346.80000
    694      63718.28000
    695      24721.22000
    696       9066.28100
    697      13503.31000
    698      22365.97000
    699      27075.88000
    700      36335.75000
    701      54064.75000
    702      63364.44000
    703      57573.12000
    704      59371.53000
    705      75625.69000
    706      72948.75000
    707      35468.12000
    708      -2402.84400
    709     -15391.16000
    710     -23421.66000
    711     -41626.28000
    712     -53647.09000
    713     -51268.56000
    714     -44092.50000
    715     -26997.84000
    716       9537.31200
    717      44771.47000
    718      50979.31000
    719      38599.84000
    720      39339.19000
    721      60507.53000
    722      87699.31000
    723     113021.40000
    724     128189.00000
    725     108925.70000
    726      44861.75000
    727     -25409.97000
    728     -47399.75000
    729     -15138.62000
    730      27082.62000
    731      39581.19000
    732      20647.19000
    733      -2242.21900
    734       1168.12500
    735      32006.19000
    736      56287.28000
    737      49308.41000
    738      32088.97000
    739      41117.44000
    740      82196.31000
    741     131996.80000
    742     160672.10000
    743     145783.90000
    744      91516.09000
    745      32836.66000
    746       -862.50000
    747     -12539.88000
    748     -14339.72000
    749      -6010.21900
    750      10378.06000
    751      24470.09000
    752      35071.22000
    753      46712.31000
    754      48936.56000
    755      27410.94000
    756      -5991.56200
    757     -21316.66000
    758     -10052.28000
    759       6520.28100
    760      11643.81000
    761      13177.38000
    762      19251.25000
    763      13686.09000
    764     -24975.94000
    765     -88379.66000
    766    -138443.90000
    767    -141669.00000
    768     -97656.44000
    769     -37219.69000
    770       4944.37500
    771      17644.75000
    772      13028.81000
    773       3825.21900
    774      -9193.96900
    775     -28868.78000
    776     -51025.50000
    777     -62685.16000
    778     -51600.22000
    779     -25684.56000
    780     -12919.50000
    781     -22463.88000
    782     -21458.09000
    783      17791.50000
    784      62806.03000
    785      54281.69000
    786      -9859.25000
    787     -64662.94000
    788     -62724.59000
    789     -34888.47000
    790     -40159.00000
    791     -78008.84000
    792     -94718.31000
    793     -68900.62000
    794     -36082.41000
    795     -25120.41000
    796     -27245.75000
    797     -34185.88000
    798     -51422.22000
    799     -69732.78000
    800     -70372.50000
    801     -56561.19000
    802     -48780.31000
    803     -60722.88000
    804     -93193.22000
    805    -129034.80000
    806    -136095.60000
    807    -102963.20000
    808     -58105.91000
    809     -31230.59000
    810     -23348.78000
    811     -29691.62000
    812     -50836.31000
    813     -70605.34000
    814     -66633.19000
    815     -47613.50000
    816     -42579.88000
    817     -58744.12000
    818     -79091.59000
    819     -88984.53000
    820     -86791.97000
    821     -82859.62000
    822     -90931.56000
    823    -105824.90000
    824    -104344.70000
    825     -82938.84000
    826     -65734.91000
    827     -62500.06000
    828     -56806.91000
    829     -46791.88000
    830     -55728.19000
    831     -90848.38000
    832    -125119.70000
    833    -128556.80000
    834     -98712.06000
    835     -57429.91000
    836     -25368.47000
    837      -4493.93800
    838       6798.43800
    839      -6733.25000
    840     -53079.88000
    841     -97407.41000
    842     -92373.97000
    843     -41896.19000
    844       3033.62500
    845       8698.28100
    846     -11226.03000
    847     -22825.19000
    848      -5787.96900
    849      31580.94000
    850      55691.06000
    851      35332.19000
    852     -23036.25000
    853     -76557.84000
    854     -91572.78000
    855     -76549.91000
    856     -57812.59000
    857     -40260.28000
    858     -17777.41000
    859      -4594.28100
    860     -15889.78000
    861     -29741.81000
    862     -14400.97000
    863      15918.03000
    864      19180.78000
    865      -9689.06200
    866     -35905.50000
    867     -37345.19000
    868     -23587.19000
    869     -13318.06000
    870     -21729.81000
    871     -57242.41000
    872    -106167.20000
    873    -131642.50000
    874    -110762.00000
    875     -69286.56000
    876     -58749.91000
    877     -92126.56000
    878    -121122.70000
    879     -97490.69000
    880     -39866.62000
    881      -5857.90600
    882     -10648.59000
    883     -20363.47000
    884     -21885.25000
    885     -43448.69000
    886     -94722.69000
    887    -135648.00000
    888    -128307.50000
    889     -88290.22000
    890     -60579.03000
    891     -60993.66000
    892     -64217.81000
    893     -47350.03000
    894     -23947.38000
    895     -23603.97000
    896     -51114.56000
    897     -81964.66000
    898     -91237.12000
    899     -75080.47000
    900     -50316.31000
    901     -39963.91000
    902     -51089.19000
    903     -65132.97000
    904     -59926.97000
    905     -37332.84000
    906     -18877.50000
    907     -22197.25000
    908     -49155.69000
    909     -83056.19000
    910     -94242.00000
    911     -70310.69000
    912     -40103.78000
    913     -39553.19000
    914     -58678.22000
    915     -57935.19000
    916     -30830.66000
    917      -9322.50000
    918     -10005.31000
    919     -14828.69000
    920     -10084.06000
    921     -13055.06000
    922     -44612.94000
    923     -87050.06000
    924     -89916.47000
    925     -32020.31000
    926      36473.50000
    927      42491.31000
    928     -23920.97000
    929    -101176.10000
    930    -129381.30000
    931    -104198.80000
    932     -61379.59000
    933     -33393.28000
    934     -26881.69000
    935     -31524.62000
    936     -40337.12000
    937     -52180.31000
    938     -59155.41000
    939     -49203.22000
    940     -23554.62000
    941       1639.81200
    942      12242.56000
    943       6590.18800
    944      -8592.87500
    945     -27093.19000
    946     -46744.94000
    947     -64536.38000
    948     -74946.12000
    949     -78988.06000
    950     -85401.91000
    951     -95481.59000
    952     -99638.12000
    953     -92855.12000
    954     -76956.81000
    955     -50568.66000
    956     -18434.06000
    957      -1504.75000
    958     -10916.19000
    959     -26189.88000
    960     -29252.88000
    961     -40229.69000
    962     -81411.62000
    963    -125813.30000
    964    -127054.90000
    965     -87292.72000
    966     -50331.09000
    967     -36004.25000
    968     -25393.19000
    969      -8432.93800
    970      -7269.81200
    971     -42485.69000
    972     -95936.97000
    973    -122136.60000
    974     -99595.94000
    975     -59181.09000
    976     -44639.31000
    977     -60018.00000
    978     -82816.88000
    979    -104629.20000
    980    -120380.00000
    981    -107625.20000
    982     -61717.03000
    983     -20976.88000
    984     -17942.56000
    985     -37872.88000
    986     -52990.75000
    987     -59130.44000
    988     -58663.12000
    989     -48503.25000
    990     -41165.12000
    991     -57457.69000
    992     -83520.12000
    993     -75076.44000
    994     -24026.50000
    995      14756.69000
    996      -9352.87500
    997     -74594.44000
    998    -114679.00000
    999     -95737.12000
   1000     -40325.88000
   1001       8239.43800
   1002      20883.00000
   1003      -6055.75000
   1004     -53437.25000
   1005     -94131.22000
   1006    -112759.20000
   1007    -112367.20000
   1008    -104141.90000
   1009     -94293.34000
   1010     -82639.56000
   1011     -72088.38000
   1012     -68862.72000
   1013     -68460.31000
   1014     -59928.56000
   1015     -51925.06000
   1016     -65114.09000
   1017     -87241.16000
   1018     -77878.56000
   1019     -35286.31000
   1020      -9202.87500
   1021     -23875.00000
   1022     -41143.25000
   1023     -29799.12000
   1024     -20558.00000
   1025     -53464.69000
   1026    -107642.00000
   1027    -124830.80000
   1028     -86047.25000
   1029     -32462.06000
   1030     -12537.81000
   1031     -29627.38000
   1032     -48878.62000
   1033     -43778.44000
   1034     -23548.00000
   1035     -18672.06000
   1036     -50358.81000
   1037    -109131.20000
   1038    -152992.80000
   1039    -139902.70000
   1040     -78362.44000
   1041     -29475.69000
   1042     -38316.56000
   1043     -81817.25000
   1044    -106314.20000
   1045     -95161.78000
   1046     -72787.88000
   1047     -60926.12000
   1048     -60723.94000
   1049     -68375.62000
   1050     -82879.12000
   1051     -98353.97000
   1052    -103685.00000
   1053     -92486.56000
   1054     -69162.94000
   1055     -45342.62000
   1056     -30361.50000
   1057     -26477.81000
   1058     -36182.12000
   1059     -64670.88000
   1060    -100718.90000
   1061    -112286.70000
   1062     -91645.06000
   1063     -82870.50000
   1064    -118284.30000
   1065    -154672.00000
   1066    -137236.70000
   1067     -97072.72000
   1068    -102248.80000
   1069    -137912.20000
   1070    -130068.20000
   1071     -72531.94000
   1072     -33243.56000
   1073     -41985.50000
   1074     -62194.31000
   1075     -72110.12000
   1076     -92080.97000
   1077    -127146.80000
   1078    -146826.80000
   1079    -128079.10000
   1080     -79597.19000
   1081     -29596.62000
   1082     -10229.94000
   1083     -32085.12000
   1084     -64270.69000
   1085     -70125.00000
   1086     -58848.56000
   1087     -63207.31000
   1088     -82237.94000
   1089     -92125.38000
   1090     -91524.88000
   1091     -91465.56000
   1092     -85537.88000
   1093     -65939.69000
   1094     -42256.00000
   1095     -22813.19000
   1096      -6862.00000
   1097      -1336.37500
   1098     -13036.62000
   1099     -26866.75000
   1100     -23361.44000
   1101     -10754.38000
   1102     -13298.94000
   1103     -34602.25000
   1104     -53377.25000
   1105     -55566.12000
   1106     -56838.94000
   1107     -79812.00000
   1108    -110684.60000
   1109    -108452.80000
   1110     -72325.06000
   1111     -57744.38000
   1112     -92798.62000
   1113    -126678.50000
   1114    -106669.80000
   1115     -57458.44000
   1116     -35596.38000
   1117     -53901.88000
   1118     -92990.25000
   1119    -134566.10000
   1120    -149650.40000
   1121    -111940.80000
   1122     -47236.50000
   1123     -13495.50000
   1124     -24294.06000
   1125     -48865.94000
   1126     -75961.88000
   1127    -110563.40000
   1128    -124535.00000
   1129     -82970.50000
   1130     -12475.44000
   1131      17811.38000
   1132     -17552.00000
   1133     -75520.38000
   1134    -103318.20000
   1135     -89812.06000
   1136     -61200.69000
   1137     -50541.88000
   1138     -70165.81000
   1139     -99112.88000
   1140    -103106.60000
   1141     -74864.25000
   1142     -40601.69000
   1143     -23186.81000
   1144     -22053.50000
   1145     -30077.31000
   1146     -41514.12000
   1147     -45224.12000
   1148     -38128.06000
   1149     -35827.38000
   1150     -46152.56000
   1151     -52101.94000
   1152     -42389.38000
   1153     -34716.19000
   1154     -48957.81000
   1155     -76620.19000
   1156     -91654.50000
   1157     -84263.81000
   1158     -74214.75000
   1159     -82150.56000
   1160     -93559.94000
   1161     -78434.19000
   1162     -45342.69000
   1163     -35031.25000
   1164     -58676.94000
   1165     -85571.38000
   1166     -90511.06000
   1167     -74951.06000
   1168     -50858.62000
   1169     -33024.81000
   1170     -29716.62000
   1171     -25917.06000
   1172      -2234.75000
   1173      27259.81000
   1174      30163.88000
   1175       3333.62500
   1176     -29213.44000
   1177     -54149.00000
   1178     -71772.25000
   1179     -74811.31000
   1180     -56468.50000
   1181     -33217.31000
   1182     -34767.00000
   1183     -66867.06000
   1184     -95223.25000
   1185     -79140.25000
   1186     -23610.44000
   1187      18528.75000
   1188       8014.18800
   1189     -37357.62000
   1190     -74604.19000
   1191     -83599.62000
   1192     -65986.38000
   1193     -28940.81000
   1194      10018.75000
   1195      31161.44000
   1196      34788.94000
   1197      27915.50000
   1198      -1937.12500
   1199     -61444.62000
   1200    -116810.70000
   1201    -128943.40000
   1202    -108222.90000
   1203     -95875.94000
   1204    -106117.00000
   1205    -118398.40000
   1206    -114172.10000
   1207     -97911.44000
   1208     -87312.25000
   1209     -93180.56000
   1210    -107830.20000
   1211    -112217.20000
   1212     -93524.19000
   1213     -53117.00000
   1214      -4381.93800
   1215      31231.56000
   1216      36816.56000
   1217      17938.88000
   1218      -2561.81200
   1219     -14126.25000
   1220     -28228.69000
   1221     -51914.44000
   1222     -69292.38000
   1223     -62617.56000
   1224     -39022.19000
   1225     -21954.31000
   1226     -22953.81000
   1227     -32576.56000
   1228     -34489.56000
   1229     -21398.06000
   1230      -4141.56200
   1231      -8542.87500
   1232     -47610.25000
   1233     -90614.19000
   1234     -86117.50000
   1235     -33297.88000
