      1      -4209.68800
      2      -5187.65600
      3     -40633.03000
      4     -88818.19000
      5    -115530.40000
      6    -109976.30000
      7     -87935.44000
      8     -69460.53000
      9     -67509.06000
     10     -84249.00000
     11    -103456.80000
     12    -100747.80000
     13     -73360.84000
     14     -45369.88000
     15     -36833.25000
     16     -46170.50000
     17     -65492.00000
     18     -87647.34000
     19     -96804.97000
     20     -81883.16000
     21     -60843.78000
     22     -61467.62000
     23     -79106.56000
     24     -85260.34000
     25     -73440.00000
     26     -61629.84000
     27     -54267.69000
     28     -41208.25000
     29     -31840.22000
     30     -47301.06000
     31     -78877.69000
     32     -97919.44000
     33    -106150.30000
     34    -126839.30000
     35    -147357.80000
     36    -127599.60000
     37     -72227.75000
     38     -37196.09000
     39     -50460.31000
     40     -77306.72000
     41     -80568.44000
     42     -69331.91000
     43     -66995.91000
     44     -70002.03000
     45     -63004.06000
     46     -47677.84000
     47     -34299.28000
     48     -22171.12000
     49      -4966.21900
     50      13688.72000
     51      16538.94000
     52     -15723.88000
     53     -79925.44000
     54    -138671.70000
     55    -154283.40000
     56    -133618.00000
     57    -111769.40000
     58     -98294.34000
     59     -76376.56000
     60     -48272.91000
     61     -38142.25000
     62     -51408.81000
     63     -69494.59000
     64     -83073.66000
     65     -97218.62000
     66    -107845.50000
     67    -106378.90000
     68    -103400.50000
     69    -114383.80000
     70    -126223.80000
     71    -115680.30000
     72     -98140.25000
     73    -110418.90000
     74    -140919.00000
     75    -132996.70000
     76     -74667.31000
     77     -26149.34000
     78     -31273.06000
     79     -58299.25000
     80     -60703.41000
     81     -45108.66000
     82     -44804.31000
     83     -67567.88000
     84     -97967.75000
     85    -122583.40000
     86    -135808.80000
     87    -136040.30000
     88    -122488.70000
     89     -96139.75000
     90     -70043.59000
     91     -64852.53000
     92     -80991.56000
     93     -95006.88000
     94     -91347.50000
     95     -72858.31000
     96     -47743.97000
     97     -35739.28000
     98     -60265.75000
     99    -103845.30000
    100    -114182.30000
    101     -81237.81000
    102     -53017.56000
    103     -55811.59000
    104     -60700.38000
    105     -44604.69000
    106     -30121.53000
    107     -49734.66000
    108    -101819.90000
    109    -148691.10000
    110    -151034.90000
    111    -107719.00000
    112     -53730.47000
    113     -16006.22000
    114       6627.18800
    115      16908.06000
    116       4520.75000
    117     -33638.25000
    118     -82311.09000
    119    -121894.10000
    120    -140696.90000
    121    -135195.90000
    122    -109160.80000
    123     -74538.06000
    124     -49864.47000
    125     -49887.97000
    126     -70077.78000
    127     -86908.16000
    128     -82320.34000
    129     -64767.16000
    130     -58704.03000
    131     -73352.41000
    132     -87099.19000
    133     -72873.97000
    134     -39958.00000
    135     -29910.53000
    136     -59901.09000
    137     -96036.59000
    138    -102022.40000
    139     -87068.06000
    140     -82636.50000
    141     -94128.12000
    142     -99887.00000
    143     -88666.81000
    144     -79588.47000
    145     -98467.03000
    146    -137817.70000
    147    -155736.30000
    148    -123219.60000
    149     -59080.41000
    150      -9657.93800
    151      -8037.34400
    152     -53389.38000
    153    -111227.40000
    154    -135746.00000
    155    -109655.30000
    156     -61409.25000
    157     -34284.69000
    158     -43205.47000
    159     -66259.94000
    160     -75312.00000
    161     -69012.25000
    162     -65669.22000
    163     -68635.75000
    164     -64541.81000
    165     -56304.53000
    166     -63914.25000
    167     -91083.28000
    168    -122388.30000
    169    -144301.40000
    170    -143288.30000
    171    -107663.50000
    172     -54884.41000
    173     -24006.78000
    174     -27757.06000
    175     -48775.88000
    176     -76287.69000
    177    -101142.20000
    178     -97180.34000
    179     -61628.84000
    180     -42687.91000
    181     -72463.69000
    182    -109293.90000
    183     -98558.69000
    184     -50620.22000
    185     -12826.72000
    186      -5059.00000
    187     -19806.72000
    188     -47185.12000
    189     -72616.19000
    190     -83558.16000
    191     -89589.28000
    192    -104350.80000
    193    -113080.10000
    194     -93183.00000
    195     -56020.78000
    196     -32967.00000
    197     -30102.31000
    198     -25745.66000
    199      -8674.71900
    200        340.03120
    201     -27783.09000
    202     -86890.97000
    203    -128984.60000
    204    -118604.70000
    205     -81563.69000
    206     -71354.00000
    207     -94241.75000
    208    -101891.20000
    209     -62570.19000
    210     -10308.00000
    211      -3932.71900
    212     -49485.62000
    213     -92380.16000
    214     -92130.16000
    215     -70915.12000
    216     -66997.41000
    217     -77479.88000
    218     -80975.31000
    219     -81531.31000
    220     -92102.91000
    221    -102767.20000
    222     -97047.69000
    223     -76754.69000
    224     -54295.38000
    225     -43755.66000
    226     -59699.34000
    227     -96374.84000
    228    -116703.20000
    229     -94996.22000
    230     -58970.22000
    231     -55813.91000
    232     -87498.88000
    233    -111871.80000
    234    -101800.60000
    235     -72994.62000
    236     -51971.72000
    237     -41557.78000
    238     -28975.84000
    239     -11989.00000
    240      -2186.50000
    241      -7470.96900
    242     -22903.53000
    243     -38605.19000
    244     -48735.66000
    245     -52707.66000
    246     -54858.59000
    247     -65770.12000
    248     -95059.12000
    249    -134144.20000
    250    -153562.20000
    251    -132419.40000
    252     -89915.41000
    253     -70157.53000
    254     -89199.53000
    255    -112548.60000
    256     -99491.38000
    257     -58229.62000
    258     -33687.28000
    259     -45259.50000
    260     -64793.91000
    261     -59751.84000
    262     -31238.69000
    263      -4155.50000
    264        682.53120
    265     -16625.94000
    266     -35405.31000
    267     -37310.03000
    268     -26743.62000
    269     -15034.38000
    270      -2090.84400
    271       7239.87500
    272      -1418.40600
    273     -22726.06000
    274     -38361.34000
    275     -57567.12000
    276     -95515.44000
    277    -120853.00000
    278     -94321.19000
    279     -44716.16000
    280     -33663.34000
    281     -62763.91000
    282     -81882.59000
    283     -69585.62000
    284     -49615.28000
    285     -44007.28000
    286     -53881.72000
    287     -75966.91000
    288    -104880.90000
    289    -122483.50000
    290    -111813.30000
    291     -86204.16000
    292     -78146.00000
    293     -89518.91000
    294     -85565.81000
    295     -56407.34000
    296     -43174.16000
    297     -75210.47000
    298    -123410.70000
    299    -146651.70000
    300    -142880.10000
    301    -126460.30000
    302     -99621.09000
    303     -72154.84000
    304     -66274.50000
    305     -78458.69000
    306     -75623.50000
    307     -47017.31000
    308     -22721.62000
    309     -25946.00000
    310     -38614.34000
    311     -30118.03000
    312       -660.93750
    313      17755.38000
    314       1085.25000
    315     -32914.16000
    316     -45647.81000
    317     -32845.78000
    318     -28304.19000
    319     -43787.88000
    320     -49683.34000
    321     -32557.59000
    322     -21501.00000
    323     -34390.88000
    324     -48258.53000
    325     -45765.28000
    326     -43611.81000
    327     -55092.22000
    328     -65086.34000
    329     -59092.56000
    330     -45941.56000
    331     -40479.75000
    332     -44848.25000
    333     -50677.56000
    334     -46826.59000
    335     -28744.09000
    336     -11486.41000
    337     -21387.53000
    338     -57964.53000
    339     -79882.91000
    340     -55280.53000
    341     -11689.81000
    342       1329.34400
    343     -14005.88000
    344     -14834.81000
    345       6050.31200
    346       9356.93800
    347     -25767.12000
    348     -75544.41000
    349    -109300.20000
    350    -113976.40000
    351     -88210.72000
    352     -45258.22000
    353     -11153.47000
    354       2620.00000
    355      12639.22000
    356      38778.12000
    357      79027.56000
    358     110804.70000
    359     106181.50000
    360      56023.25000
    361      -9162.18800
    362     -38018.09000
    363     -12443.75000
    364      31243.84000
    365      47970.22000
    366      34303.81000
    367      17748.94000
    368      11165.50000
    369       2057.62500
    370     -20183.50000
    371     -51389.41000
    372     -81598.88000
    373     -93989.72000
    374     -66272.84000
    375      -3463.28100
    376      45421.31000
    377      39590.59000
    378        755.75000
    379     -20315.25000
    380     -12903.41000
    381      -3480.31200
    382      -4754.18800
    383      -7314.50000
    384      -6491.34400
    385      -5323.62500
    386      -5546.59400
    387     -12831.97000
    388     -29909.56000
    389     -39703.12000
    390     -25158.41000
    391      -4022.28100
    392      -7373.06200
    393     -29807.22000
    394     -37612.44000
    395     -18425.75000
    396       9285.06200
    397      27323.59000
    398      31445.56000
    399      21759.78000
    400        827.21880
    401     -17339.16000
    402     -10475.34000
    403      28300.59000
    404      76865.06000
    405     109135.60000
    406     125558.20000
    407     138207.40000
    408     145043.00000
    409     147082.20000
    410     162402.40000
    411     188931.70000
    412     191364.40000
    413     158861.20000
    414     130029.10000
    415     132202.50000
    416     146634.90000
    417     156964.90000
    418     178373.40000
    419     218119.60000
    420     250658.80000
    421     247248.40000
    422     207889.30000
    423     162991.80000
    424     151428.50000
    425     184109.50000
    426     231731.70000
    427     264120.90000
    428     284609.00000
    429     306664.90000
    430     322423.60000
    431     318691.20000
    432     301691.20000
    433     290065.40000
    434     299953.60000
    435     338453.50000
    436     396081.80000
    437     449874.70000
    438     485889.20000
    439     510744.50000
    440     537989.10000
    441     571916.50000
    442     603722.50000
    443     617817.40000
    444     609863.60000
    445     598985.90000
    446     608068.90000
    447     635305.40000
    448     662565.60000
    449     690067.40000
    450     741474.40000
    451     829181.80000
    452     929622.30000
    453    1004741.00000
    454    1046189.00000
    455    1087837.00000
    456    1168914.00000
    457    1288756.00000
    458    1410992.00000
    459    1514822.00000
    460    1619795.00000
    461    1746255.00000
    462    1879429.00000
    463    2003614.00000
    464    2142661.00000
    465    2327547.00000
    466    2549401.00000
    467    2784259.00000
    468    3033020.00000
    469    3296609.00000
    470    3543356.00000
    471    3742440.00000
    472    3907132.00000
    473    4068854.00000
    474    4224696.00000
    475    4337126.00000
    476    4375470.00000
    477    4335062.00000
    478    4220659.00000
    479    4038923.00000
    480    3817292.00000
    481    3603919.00000
    482    3422170.00000
    483    3245089.00000
    484    3048785.00000
    485    2868796.00000
    486    2754574.00000
    487    2685275.00000
    488    2591280.00000
    489    2453462.00000
    490    2322183.00000
    491    2237635.00000
    492    2185804.00000
    493    2141548.00000
    494    2110818.00000
    495    2108638.00000
    496    2117331.00000
    497    2099332.00000
    498    2057116.00000
    499    2042784.00000
    500    2080567.00000
    501    2123220.00000
    502    2126874.00000
    503    2118721.00000
    504    2141419.00000
    505    2183702.00000
    506    2214806.00000
    507    2238336.00000
    508    2274723.00000
    509    2330348.00000
    510    2402186.00000
    511    2483406.00000
    512    2565346.00000
    513    2653346.00000
    514    2763502.00000
    515    2892558.00000
    516    3016070.00000
    517    3122271.00000
    518    3223262.00000
    519    3329096.00000
    520    3428156.00000
    521    3494304.00000
    522    3506351.00000
    523    3462816.00000
    524    3377814.00000
    525    3259574.00000
    526    3101201.00000
    527    2901029.00000
    528    2681758.00000
    529    2474152.00000
    530    2287666.00000
    531    2110618.00000
    532    1933673.00000
    533    1758529.00000
    534    1588428.00000
    535    1424088.00000
    536    1267536.00000
    537    1125854.00000
    538    1013234.00000
    539     941117.60000
    540     895187.40000
    541     839010.00000
    542     761094.40000
    543     696736.70000
    544     676068.10000
    545     674166.10000
    546     645424.00000
    547     582296.80000
    548     505842.50000
    549     428217.20000
    550     364828.00000
    551     352262.70000
    552     403231.40000
    553     464272.80000
    554     466673.70000
    555     408048.80000
    556     344217.70000
    557     313436.50000
    558     307647.20000
    559     308391.40000
    560     309839.30000
    561     306989.20000
    562     296885.60000
    563     292711.00000
    564     306266.00000
    565     320744.40000
    566     312380.00000
    567     290003.60000
    568     281136.00000
    569     293514.90000
    570     320251.60000
    571     360424.90000
    572     404337.20000
    573     423797.90000
    574     405370.40000
    575     371602.30000
    576     349637.80000
    577     338941.90000
    578     325425.80000
    579     312351.70000
    580     320783.60000
    581     358810.90000
    582     399701.30000
    583     402366.30000
    584     355420.30000
    585     291811.70000
    586     256433.80000
    587     263664.70000
    588     288506.00000
    589     300324.70000
    590     302163.60000
    591     323913.70000
    592     376213.60000
    593     432977.70000
    594     465331.60000
    595     472978.10000
    596     479953.80000
    597     513799.90000
    598     580155.80000
    599     649587.30000
    600     690922.70000
    601     717363.00000
    602     764194.60000
    603     827737.00000
    604     872554.70000
    605     888816.80000
    606     894042.10000
    607     890683.20000
    608     865859.90000
    609     822006.80000
    610     776480.00000
    611     738196.80000
    612     698519.90000
    613     641606.90000
    614     565453.80000
    615     490788.20000
    616     437976.40000
    617     405829.70000
    618     387325.10000
    619     382517.10000
    620     378397.30000
    621     348805.70000
    622     294902.60000
    623     254205.90000
    624     251993.60000
    625     269943.00000
    626     274197.70000
    627     252329.40000
    628     214514.20000
    629     176185.60000
    630     148288.60000
    631     133690.10000
    632     127548.30000
    633     127743.40000
    634     140553.60000
    635     163923.20000
    636     176585.60000
    637     162336.30000
    638     129104.50000
    639      87797.56000
    640      41316.19000
    641      10113.00000
    642      26647.94000
    643      85279.00000
    644     138033.80000
    645     151845.50000
    646     135207.70000
    647     111063.20000
    648      96754.62000
    649     101482.10000
    650     116646.20000
    651     117688.10000
    652      89274.81000
    653      42014.00000
    654       5696.56200
    655       9478.43800
    656      53416.44000
    657      98846.00000
    658     110770.30000
    659     102897.60000
    660     105983.30000
    661     106805.70000
    662      71919.44000
    663      20840.94000
    664       8961.25000
    665      38099.12000
    666      53623.00000
    667      36043.06000
    668      24711.12000
    669      40209.19000
    670      53551.19000
    671      48230.62000
    672      47247.50000
    673      58814.44000
    674      54577.75000
    675      25731.44000
    676       9489.31200
    677      32400.81000
    678      69397.25000
    679      86938.44000
    680      91355.44000
    681     107152.80000
    682     136622.60000
    683     163017.40000
    684     169034.20000
    685     140765.20000
    686      81016.31000
    687      24069.62000
    688       9127.81200
    689      37373.25000
    690      77713.75000
    691     107844.90000
    692     125958.40000
    693     130080.40000
    694     111168.90000
    695      68180.94000
    696      15177.94000
    697     -28022.06000
    698     -43366.06000
    699     -20961.88000
    700      20494.19000
    701      27666.94000
    702     -35142.06000
    703    -126402.90000
    704    -163399.10000
    705    -122496.90000
    706     -59243.25000
    707     -27083.06000
    708     -22891.44000
    709     -17733.06000
    710      -2722.50000
    711       5789.81200
    712      -9111.43800
    713     -39285.25000
    714     -56023.78000
    715     -46856.34000
    716     -31826.94000
    717     -32658.88000
    718     -47256.34000
    719     -64048.75000
    720     -76868.00000
    721     -76710.91000
    722     -51887.25000
    723      -7612.25000
    724      27552.31000
    725      25916.62000
    726      -9962.93800
    727     -48490.44000
    728     -61896.44000
    729     -51227.12000
    730     -36354.44000
    731     -31709.56000
    732     -35881.38000
    733     -36891.88000
    734     -26552.69000
    735     -12670.25000
    736     -10821.00000
    737     -25124.19000
    738     -48076.81000
    739     -71604.66000
    740     -83332.22000
    741     -66191.91000
    742     -22369.81000
    743      15971.31000
    744      20212.25000
    745      -1028.56200
    746     -17322.62000
    747     -15174.12000
    748      -4391.56200
    749       7544.43800
    750      25149.00000
    751      43812.69000
    752      41562.06000
    753       9059.81200
    754     -28902.12000
    755     -42735.38000
    756     -35910.38000
    757     -32093.81000
    758     -37655.88000
    759     -41651.12000
    760     -42458.75000
    761     -47720.31000
    762     -55483.06000
    763     -59429.56000
    764     -61832.19000
    765     -60817.19000
    766     -46420.69000
    767     -31124.50000
    768     -49829.00000
    769    -102136.50000
    770    -136191.50000
    771    -119066.60000
    772     -78658.53000
    773     -50198.12000
    774     -30004.44000
    775      -6043.12500
    776      11793.31000
    777      13176.88000
    778       4659.87500
    779      -6275.62500
    780     -21306.62000
    781     -44152.44000
    782     -74401.12000
    783     -99518.50000
    784     -94135.19000
    785     -49592.25000
    786        889.12500
    787      14340.25000
    788     -11166.62000
    789     -42973.31000
    790     -60702.31000
    791     -72528.59000
    792     -90856.03000
    793    -108875.20000
    794    -106865.20000
    795     -82816.38000
    796     -63668.44000
    797     -67780.31000
    798     -74369.00000
    799     -59956.94000
    800     -40706.81000
    801     -42881.50000
    802     -59490.94000
    803     -70116.31000
    804     -74616.50000
    805     -81120.88000
    806     -87667.31000
    807     -90175.12000
    808     -87863.50000
    809     -79802.56000
    810     -69629.75000
    811     -65468.62000
    812     -70203.44000
    813     -83260.06000
    814    -103443.40000
    815    -116156.90000
    816     -98936.19000
    817     -58369.88000
    818     -34972.06000
    819     -50801.19000
    820     -78060.38000
    821     -77542.50000
    822     -46115.12000
    823     -13811.81000
    824     -10060.81000
    825     -33897.44000
    826     -48029.56000
    827     -19031.94000
    828      29088.44000
    829      36503.50000
    830      -7993.12500
    831     -53822.56000
    832     -68927.12000
    833     -72650.56000
    834     -81125.88000
    835     -86696.31000
    836     -96259.84000
    837    -123367.10000
    838    -144965.20000
    839    -130344.00000
    840    -101575.60000
    841    -101008.70000
    842    -116701.30000
    843    -106555.00000
    844     -77660.44000
    845     -70547.31000
    846     -76711.31000
    847     -46647.50000
    848      18769.25000
    849      54974.56000
    850      25703.75000
    851     -29047.06000
    852     -54940.44000
    853     -47085.44000
    854     -33195.31000
    855     -29220.12000
    856     -33804.31000
    857     -43638.19000
    858     -52151.44000
    859     -45362.56000
    860     -21069.50000
    861      -7040.50000
    862     -33797.00000
    863     -86481.94000
    864    -114282.20000
    865     -99126.81000
    866     -80437.56000
    867     -90799.12000
    868    -105628.80000
    869     -89708.81000
    870     -56343.81000
    871     -37034.88000
    872     -25793.44000
    873      -1218.43800
    874      24877.88000
    875      26675.56000
    876       6801.06200
    877     -15945.38000
    878     -34940.38000
    879     -49788.69000
    880     -60326.19000
    881     -75099.19000
    882     -97675.31000
    883    -110645.60000
    884    -100053.80000
    885     -77336.31000
    886     -54150.88000
    887     -24123.06000
    888       8902.06200
    889      18535.38000
    890      -4393.00000
    891     -28120.12000
    892     -19010.25000
    893      12882.12000
    894      25718.19000
    895      -4187.43800
    896     -56059.38000
    897     -87486.75000
    898     -77037.12000
    899     -40714.69000
    900      -8793.06200
    901       4108.00000
    902       1402.12500
    903     -10321.38000
    904     -27015.38000
    905     -47562.12000
    906     -77198.75000
    907    -115809.70000
    908    -137959.70000
    909    -113276.30000
    910     -58626.88000
    911     -33513.00000
    912     -59369.00000
    913     -79507.62000
    914     -36007.81000
    915      40893.12000
    916      67522.88000
    917      18936.94000
    918     -45509.94000
    919     -71411.19000
    920     -71407.38000
    921     -80163.19000
    922     -93534.88000
    923     -83117.06000
    924     -44985.38000
    925      -7610.93800
    926       1048.87500
    927     -18640.00000
    928     -45336.06000
    929     -68152.38000
    930     -95579.62000
    931    -126113.20000
    932    -134627.90000
    933    -107705.50000
    934     -69722.69000
    935     -50567.31000
    936     -46149.25000
    937     -33050.81000
    938      -9300.12500
    939       2458.00000
    940      -8086.87500
    941     -18233.75000
    942      -2386.31200
    943      26699.12000
    944      28759.62000
    945     -11727.56000
    946     -64528.00000
    947     -89031.94000
    948     -75982.00000
    949     -50929.19000
    950     -45134.81000
    951     -64138.00000
    952     -84740.69000
    953     -86128.19000
    954     -76539.88000
    955     -77794.25000
    956     -90985.31000
    957     -94724.88000
    958     -76040.94000
    959     -48671.25000
    960     -36964.69000
    961     -49931.62000
    962     -75216.38000
    963     -93782.38000
    964     -95166.06000
    965     -81242.88000
    966     -61990.06000
    967     -46991.12000
    968     -36620.56000
    969     -24800.62000
    970     -14040.00000
    971     -16368.19000
    972     -30151.75000
    973     -32025.31000
    974      -8638.00000
    975      18082.75000
    976      17791.69000
    977      -7686.50000
    978     -29389.75000
    979     -28560.69000
    980     -15251.88000
    981     -14420.44000
    982     -38900.38000
    983     -73638.69000
    984     -90948.81000
    985     -81312.38000
    986     -56825.56000
    987     -28624.62000
    988      -2594.62500
    989       9658.62500
    990       2781.12500
    991      -6344.25000
    992       2070.62500
    993      25392.00000
    994      47865.12000
    995      57317.56000
    996      44179.44000
    997       8684.18800
    998     -26446.38000
    999     -37301.81000
   1000     -32999.06000
   1001     -41203.50000
   1002     -63181.06000
   1003     -72582.44000
   1004     -58486.81000
   1005     -41681.06000
   1006     -40427.50000
   1007     -41250.44000
   1008     -19424.25000
   1009      19903.19000
   1010      38912.81000
   1011      10266.75000
   1012     -46511.31000
   1013     -80105.69000
   1014     -59010.88000
   1015      -4557.93800
   1016      30163.88000
   1017      14413.12000
   1018     -30549.69000
   1019     -57569.38000
   1020     -46619.62000
   1021     -26013.88000
   1022     -34838.62000
   1023     -69673.50000
   1024     -89739.31000
   1025     -78099.12000
   1026     -61433.12000
   1027     -54917.12000
   1028     -36822.12000
   1029      -4053.00000
   1030       4054.50000
   1031     -27714.56000
   1032     -56406.19000
   1033     -46448.69000
   1034     -17620.31000
   1035      -4120.31200
   1036     -13033.12000
   1037     -35024.75000
   1038     -53730.44000
   1039     -44566.00000
   1040      -3931.93800
   1041      25360.94000
   1042      -2561.43800
   1043     -68054.56000
   1044     -98962.00000
   1045     -65123.81000
   1046     -23917.94000
   1047     -41385.62000
   1048     -98955.31000
   1049    -124912.00000
   1050     -96484.81000
   1051     -55747.38000
   1052     -37793.44000
   1053     -37972.94000
   1054     -44188.31000
   1055     -53051.06000
   1056     -53108.12000
   1057     -29687.00000
   1058       8581.75000
   1059      32012.50000
   1060      22232.19000
   1061     -12694.25000
   1062     -52531.06000
   1063     -77267.12000
   1064     -70848.25000
   1065     -35039.44000
   1066       1624.62500
   1067      10902.69000
   1068        508.75000
   1069        942.75000
   1070      16996.12000
   1071      17286.75000
   1072     -19258.69000
   1073     -69410.81000
   1074     -93899.69000
   1075     -79276.44000
   1076     -33414.06000
   1077      31190.50000
   1078      83080.81000
   1079      78436.31000
   1080      17011.12000
   1081     -44734.12000
   1082     -62945.06000
   1083     -47389.38000
   1084     -21856.25000
   1085       5372.62500
   1086      26408.81000
   1087      34587.50000
   1088      36753.62000
   1089      37453.06000
   1090      32964.25000
   1091      33162.12000
   1092      52207.69000
   1093      73492.75000
   1094      64127.94000
   1095      22145.00000
   1096     -23420.62000
   1097     -47476.19000
   1098     -40530.56000
   1099      -7495.50000
   1100      24463.12000
   1101      21638.81000
   1102     -14531.88000
   1103     -43756.06000
   1104     -37901.19000
   1105     -13070.56000
   1106        -70.68750
   1107      -6113.25000
   1108     -16245.38000
   1109     -14750.69000
   1110       1422.43800
   1111      20229.81000
   1112      27648.00000
   1113      25100.31000
   1114      20680.56000
   1115       9783.31200
   1116     -12620.31000
   1117     -33231.44000
   1118     -41176.00000
   1119     -47987.19000
   1120     -59316.69000
   1121     -53792.00000
   1122     -19615.44000
   1123      13592.94000
   1124       7384.81200
   1125     -39644.62000
   1126     -95441.00000
   1127    -124907.70000
   1128    -106932.50000
   1129     -45499.12000
   1130      20476.31000
   1131      39919.25000
   1132       1519.87500
   1133     -51859.06000
   1134     -75266.06000
   1135     -69467.06000
   1136     -61820.00000
   1137     -62589.62000
   1138     -61449.12000
   1139     -50225.69000
   1140     -29020.56000
   1141      -1720.81200
   1142      20662.25000
   1143      23466.44000
   1144       5999.68800
   1145     -13429.69000
   1146     -17228.56000
   1147      -5726.18800
   1148       6234.56200
   1149       2527.12500
   1150     -19312.50000
   1151     -40386.38000
   1152     -40787.25000
   1153     -30110.00000
   1154     -31282.00000
   1155     -34895.75000
   1156     -12815.88000
   1157      19913.12000
   1158      12374.00000
   1159     -41827.06000
   1160     -86492.81000
   1161     -80881.12000
   1162     -47057.56000
   1163     -22582.38000
   1164      -9616.43800
   1165       6176.81200
   1166      18646.75000
   1167      12161.38000
   1168      -8461.68800
   1169     -27667.94000
   1170     -47473.00000
   1171     -76613.31000
   1172    -100559.20000
   1173     -96295.00000
   1174     -70774.69000
   1175     -50861.88000
   1176     -42864.69000
   1177     -35171.19000
   1178     -28972.75000
   1179     -31902.44000
   1180     -36153.56000
   1181     -34754.56000
   1182     -39970.31000
   1183     -57339.19000
   1184     -66874.25000
   1185     -55328.38000
   1186     -38075.56000
   1187     -30483.38000
   1188     -28429.44000
   1189     -26630.56000
   1190     -25175.06000
   1191     -20784.44000
   1192     -20320.50000
   1193     -44191.00000
   1194     -86081.75000
   1195     -99949.81000
   1196     -61816.44000
   1197     -11284.62000
   1198       2630.50000
   1199     -15856.44000
   1200     -34373.81000
   1201     -47360.38000
   1202     -65760.81000
   1203     -77021.81000
   1204     -60684.88000
   1205     -30702.25000
   1206     -18918.12000
   1207     -25068.06000
   1208     -24335.06000
   1209     -16452.56000
   1210     -26757.31000
   1211     -60853.12000
   1212     -90858.12000
   1213     -88905.44000
   1214     -56321.38000
   1215     -18046.81000
   1216       1641.12500
   1217      -6755.18800
   1218     -40067.50000
   1219     -81182.69000
   1220     -96644.12000
   1221     -63530.19000
   1222      -4366.62500
   1223      33088.19000
   1224      33720.31000
   1225      23797.12000
   1226      23837.31000
   1227      23493.62000
   1228       5816.43800
   1229     -23899.94000
   1230     -40797.31000
   1231     -29303.12000
   1232      -4785.93800
   1233       2839.43800
   1234     -14650.44000
   1235     -38621.69000
