      1      71949.38000
      2     119693.70000
      3     169825.80000
      4     153511.60000
      5     126600.40000
      6     128078.50000
      7     121380.90000
      8     106099.40000
      9     116274.50000
     10     151399.60000
     11     179263.10000
     12     187306.20000
     13     197675.80000
     14     202787.90000
     15     188689.00000
     16     179865.50000
     17     167905.00000
     18     139126.40000
     19     124080.60000
     20     122253.50000
     21     107445.10000
     22     109104.20000
     23     166312.50000
     24     224224.20000
     25     208340.90000
     26     154987.60000
     27     146680.60000
     28     184531.50000
     29     198389.10000
     30     182115.00000
     31     198950.90000
     32     232483.90000
     33     224631.90000
     34     187981.80000
     35     153693.80000
     36     129543.60000
     37     126129.20000
     38     150207.10000
     39     168815.80000
     40     160932.20000
     41     180231.50000
     42     241136.10000
     43     274071.40000
     44     268733.00000
     45     265139.50000
     46     260402.00000
     47     254141.40000
     48     264961.10000
     49     285216.80000
     50     297521.10000
     51     307898.50000
     52     315439.90000
     53     294023.00000
     54     280989.90000
     55     320257.80000
     56     341321.50000
     57     322784.80000
     58     324901.50000
     59     342992.10000
     60     382113.50000
     61     447387.50000
     62     488323.80000
     63     504720.40000
     64     538718.20000
     65     597685.80000
     66     647538.00000
     67     673580.80000
     68     734119.80000
     69     850353.00000
     70     970902.50000
     71    1105480.00000
     72    1278467.00000
     73    1436650.00000
     74    1567766.00000
     75    1724621.00000
     76    1906224.00000
     77    2073956.00000
     78    2251575.00000
     79    2475559.00000
     80    2706586.00000
     81    2943735.00000
     82    3233649.00000
     83    3553754.00000
     84    3885674.00000
     85    4233176.00000
     86    4584355.00000
     87    4929356.00000
     88    5389556.00000
     89    6096170.00000
     90    6921800.00000
     91    7928182.00000
     92    9362121.00000
     93    12446760.00000
     94    19429200.00000
     95    26942210.00000
     96    26265160.00000
     97    17391120.00000
     98    9337329.00000
     99    5798036.00000
    100    4306480.00000
    101    3395861.00000
    102    2860330.00000
    103    2527339.00000
    104    2326658.00000
    105    2204424.00000
    106    2173430.00000
    107    2201094.00000
    108    2332454.00000
    109    2683312.00000
    110    3184661.00000
    111    3828832.00000
    112    4925237.00000
    113    7157918.00000
    114    11496310.00000
    115    17113460.00000
    116    19812360.00000
    117    16743480.00000
    118    10829300.00000
    119    6349330.00000
    120    4098178.00000
    121    3023628.00000
    122    2469888.00000
    123    2155692.00000
    124    1912730.00000
    125    1647447.00000
    126    1366654.00000
    127    1145468.00000
    128    1015599.00000
    129     959340.50000
    130     929673.60000
    131     872670.80000
    132     808623.10000
    133     787615.70000
    134     765962.20000
    135     705576.60000
    136     675227.10000
    137     682975.90000
    138     635896.10000
    139     553850.40000
    140     532247.20000
    141     546693.90000
    142     537948.90000
    143     521440.20000
    144     522405.60000
    145     521719.50000
    146     495948.60000
    147     477044.00000
    148     475543.80000
    149     451627.90000
    150     426093.40000
    151     438657.10000
    152     475739.00000
    153     511246.40000
    154     515364.10000
    155     498490.10000
    156     502704.90000
    157     485336.10000
    158     415729.70000
    159     379641.00000
    160     388344.40000
    161     364441.70000
    162     325419.40000
    163     333988.40000
    164     380404.90000
    165     403101.50000
    166     392173.60000
    167     384734.60000
    168     365755.80000
    169     352605.50000
    170     403850.60000
    171     460376.80000
    172     454208.60000
    173     446059.00000
    174     467786.00000
    175     477311.80000
    176     494276.50000
    177     539648.80000
    178     570078.40000
    179     589500.80000
    180     623451.10000
    181     644963.10000
    182     652660.60000
    183     680484.60000
    184     739725.60000
    185     849061.90000
    186     999922.80000
    187    1135176.00000
    188    1286232.00000
    189    1508382.00000
    190    1759498.00000
    191    2077969.00000
    192    2574417.00000
    193    3267017.00000
    194    4243175.00000
    195    5828308.00000
    196    8429293.00000
    197    12035400.00000
    198    15446410.00000
    199    16552240.00000
    200    14496500.00000
    201    10793150.00000
    202    7452982.00000
    203    5239476.00000
    204    3953337.00000
    205    3188916.00000
    206    2681155.00000
    207    2341411.00000
    208    2128127.00000
    209    1988076.00000
    210    1899547.00000
    211    1881380.00000
    212    1968236.00000
    213    2142822.00000
    214    2347265.00000
    215    2606376.00000
    216    2911452.00000
    217    3214048.00000
    218    3591387.00000
    219    4317052.00000
    220    5739826.00000
    221    8270917.00000
    222    13626550.00000
    223    22597630.00000
    224    30411430.00000
    225    32736850.00000
    226    31929830.00000
    227    29083020.00000
    228    22173800.00000
    229    13840250.00000
    230    8367234.00000
    231    5867396.00000
    232    4882491.00000
    233    4680605.00000
    234    4915446.00000
    235    5550665.00000
    236    7012274.00000
    237    10934650.00000
    238    17707980.00000
    239    22379230.00000
    240    19814480.00000
    241    12704930.00000
    242    6967042.00000
    243    4108779.00000
    244    2806120.00000
    245    2144652.00000
    246    1765490.00000
    247    1572497.00000
    248    1486137.00000
    249    1419237.00000
    250    1357189.00000
    251    1292916.00000
    252    1222588.00000
    253    1137476.00000
    254    1024347.00000
    255     880926.00000
    256     762067.00000
    257     711049.50000
    258     684564.50000
    259     675460.00000
    260     705051.20000
    261     731522.00000
    262     741191.00000
    263     761532.10000
    264     753524.80000
    265     691058.20000
    266     633710.10000
    267     595389.50000
    268     557197.10000
    269     541603.80000
    270     540649.60000
    271     536566.90000
    272     536181.00000
    273     537098.90000
    274     543998.90000
    275     549435.00000
    276     528539.40000
    277     508691.00000
    278     525005.90000
    279     539327.90000
    280     527137.10000
    281     522567.80000
    282     521800.60000
    283     504223.40000
    284     506436.80000
    285     539433.40000
    286     553778.40000
    287     553861.40000
    288     571173.90000
    289     573163.30000
    290     547186.10000
    291     537012.70000
    292     549790.90000
    293     556620.40000
    294     570293.10000
    295     615928.00000
    296     651281.00000
    297     637269.20000
    298     621919.60000
    299     664259.60000
    300     737690.50000
    301     773281.30000
    302     779259.00000
    303     797974.00000
    304     817520.20000
    305     851893.20000
    306     940688.60000
    307    1056985.00000
    308    1153906.00000
    309    1231305.00000
    310    1301064.00000
    311    1366049.00000
    312    1457157.00000
    313    1600215.00000
    314    1755459.00000
    315    1874309.00000
    316    1956674.00000
    317    2019523.00000
    318    2057831.00000
    319    2037115.00000
    320    1946457.00000
    321    1841858.00000
    322    1762578.00000
    323    1678297.00000
    324    1571132.00000
    325    1455488.00000
    326    1336899.00000
    327    1232948.00000
    328    1168166.00000
    329    1122892.00000
    330    1053032.00000
    331     964184.20000
    332     888311.00000
    333     826413.40000
    334     782515.20000
    335     771152.30000
    336     775975.90000
    337     742602.50000
    338     651861.20000
    339     593162.10000
    340     610424.70000
    341     611278.20000
    342     581714.60000
    343     582193.90000
    344     568054.40000
    345     502951.30000
    346     451854.50000
    347     461717.40000
    348     513821.00000
    349     550990.00000
    350     536139.80000
    351     504039.60000
    352     490372.40000
    353     470191.50000
    354     423723.00000
    355     393401.70000
    356     409504.80000
    357     421809.60000
    358     405305.60000
    359     404272.00000
    360     415357.30000
    361     405341.60000
    362     395844.20000
    363     402526.60000
    364     401212.40000
    365     394052.30000
    366     400466.10000
    367     408462.50000
    368     409576.80000
    369     416056.10000
    370     418810.20000
    371     399658.40000
    372     380735.70000
    373     377460.50000
    374     354411.70000
    375     327939.20000
    376     345626.10000
    377     365318.90000
    378     359787.70000
    379     356175.10000
    380     351373.90000
    381     367349.60000
    382     405992.00000
    383     407602.70000
    384     379488.20000
    385     354234.20000
    386     327731.00000
    387     332863.50000
    388     370896.40000
    389     379779.60000
    390     365892.60000
    391     366535.10000
    392     336807.60000
    393     272850.90000
    394     284773.50000
    395     376661.60000
    396     414262.40000
    397     377910.00000
    398     350973.30000
    399     345882.10000
    400     334367.30000
    401     326901.30000
    402     347875.10000
    403     362552.10000
    404     327527.70000
    405     291041.80000
    406     294823.00000
    407     317248.80000
    408     349510.10000
    409     370949.90000
    410     373749.80000
    411     387337.20000
    412     376643.90000
    413     321745.10000
    414     301181.40000
    415     330980.20000
    416     354233.80000
    417     348764.80000
    418     309297.80000
    419     274268.80000
    420     298946.20000
    421     356063.50000
    422     392460.50000
    423     397380.20000
    424     371003.60000
    425     319900.00000
    426     284914.50000
    427     295179.10000
    428     305721.80000
    429     288838.70000
    430     288345.50000
    431     308756.40000
    432     314085.90000
    433     303287.80000
    434     288106.30000
    435     276036.80000
    436     271336.20000
    437     273459.40000
    438     298357.80000
    439     346780.10000
    440     376901.10000
    441     358810.60000
    442     314672.60000
    443     311847.10000
    444     373793.60000
    445     415260.20000
    446     394967.50000
    447     386218.10000
    448     413671.90000
    449     443419.30000
    450     486176.60000
    451     536157.20000
    452     533390.10000
    453     469548.80000
    454     408082.00000
    455     391158.70000
    456     398333.30000
    457     393732.70000
    458     388540.50000
    459     399534.30000
    460     401176.10000
    461     385958.80000
    462     376787.40000
    463     384131.30000
    464     386609.60000
    465     366042.20000
    466     362581.20000
    467     391381.90000
    468     397345.20000
    469     363269.30000
    470     336008.50000
    471     367299.00000
    472     431074.10000
    473     433353.70000
    474     365512.60000
    475     306297.70000
    476     300596.40000
    477     341769.70000
    478     387241.90000
    479     398553.80000
    480     389866.00000
    481     393356.20000
    482     409962.30000
    483     418348.90000
    484     419670.60000
    485     430213.20000
    486     435828.80000
    487     429614.30000
    488     429199.40000
    489     438565.30000
    490     455560.10000
    491     459911.20000
    492     447401.20000
    493     449727.80000
    494     454197.00000
    495     458752.80000
    496     489482.90000
    497     500211.20000
    498     468411.70000
    499     448810.40000
    500     450957.20000
    501     436200.10000
    502     394798.50000
    503     357509.80000
    504     355495.90000
    505     382525.90000
    506     400853.40000
    507     389060.50000
    508     372624.60000
    509     378512.10000
    510     399927.90000
    511     417094.90000
    512     402058.60000
    513     358153.80000
    514     355416.30000
    515     409111.70000
    516     431125.80000
    517     401816.20000
    518     382353.60000
    519     386405.50000
    520     396206.40000
    521     380132.80000
    522     320721.30000
    523     283708.60000
    524     327403.00000
    525     385726.20000
    526     375736.80000
    527     344530.60000
    528     341954.80000
    529     318203.00000
    530     296559.10000
    531     336781.30000
    532     368388.30000
    533     336624.80000
    534     294565.80000
    535     282832.60000
    536     295242.30000
    537     302590.70000
    538     296192.20000
    539     309102.20000
    540     340487.70000
    541     349839.60000
    542     325482.40000
    543     297302.10000
    544     301440.70000
    545     323655.00000
    546     334325.50000
    547     337947.30000
    548     330090.40000
    549     323302.80000
    550     333694.10000
    551     331912.80000
    552     334284.00000
    553     361593.10000
    554     354173.40000
    555     313970.80000
    556     306316.20000
    557     310730.70000
    558     294992.50000
    559     287199.80000
    560     282100.60000
    561     269032.30000
    562     290974.80000
    563     350727.70000
    564     390844.60000
    565     386355.90000
    566     363126.60000
    567     349535.60000
    568     353256.30000
    569     368614.00000
    570     375228.30000
    571     351886.20000
    572     316143.50000
    573     303439.20000
    574     304267.00000
    575     307326.40000
    576     338235.10000
    577     369726.20000
    578     366899.60000
    579     368595.50000
    580     370443.70000
    581     346957.10000
    582     342755.40000
    583     361950.80000
    584     359673.50000
    585     351835.20000
    586     369748.10000
    587     377231.10000
    588     359516.60000
    589     380781.70000
    590     426324.20000
    591     412150.80000
    592     374528.70000
    593     387471.50000
    594     429556.60000
    595     460314.80000
    596     462776.30000
    597     445087.30000
    598     446306.30000
    599     466202.80000
    600     477378.20000
    601     510353.40000
    602     581109.10000
    603     626489.40000
    604     629470.90000
    605     664407.40000
    606     759403.00000
    607     856768.90000
    608     926613.40000
    609     996603.10000
    610    1075318.00000
    611    1155690.00000
    612    1267895.00000
    613    1427298.00000
    614    1573176.00000
    615    1651406.00000
    616    1683132.00000
    617    1679782.00000
    618    1612671.00000
    619    1492472.00000
    620    1350902.00000
    621    1193579.00000
    622    1043075.00000
    623     941250.80000
    624     888350.60000
    625     835871.50000
    626     757974.40000
    627     692254.40000
    628     672637.50000
    629     656993.90000
    630     585918.40000
    631     511017.80000
    632     509831.10000
    633     517195.10000
    634     475158.60000
    635     445042.10000
    636     450968.30000
    637     457882.40000
    638     436014.90000
    639     395254.80000
    640     387923.40000
    641     402573.10000
    642     399733.40000
    643     405126.40000
    644     419223.10000
    645     414020.40000
