      1      97510.69000
      2     109544.40000
      3     161809.10000
      4     194341.20000
      5     173141.90000
      6     129098.10000
      7      97663.75000
      8      82574.12000
      9      79551.44000
     10      81984.94000
     11      71146.31000
     12      59161.19000
     13      83391.00000
     14     123263.00000
     15     134163.10000
     16     123842.60000
     17     114911.20000
     18     115235.20000
     19     122426.60000
     20     127614.40000
     21     132622.40000
     22     129992.40000
     23     107898.10000
     24      98339.25000
     25     121280.00000
     26     128554.90000
     27     101464.10000
     28      88802.44000
     29     115016.80000
     30     160027.20000
     31     195729.50000
     32     205396.20000
     33     195249.10000
     34     190351.20000
     35     200019.40000
     36     190549.40000
     37     161802.60000
     38     169313.20000
     39     200545.60000
     40     201613.40000
     41     184523.50000
     42     173354.60000
     43     168195.80000
     44     184509.40000
     45     223552.80000
     46     252228.40000
     47     261157.90000
     48     267419.10000
     49     270528.20000
     50     273269.60000
     51     275476.40000
     52     266330.90000
     53     274538.80000
     54     312171.20000
     55     335227.90000
     56     348663.40000
     57     386903.60000
     58     429028.50000
     59     449841.60000
     60     458152.80000
     61     478308.00000
     62     541909.50000
     63     672545.00000
     64     848088.60000
     65     995334.60000
     66    1105936.00000
     67    1278086.00000
     68    1581407.00000
     69    1981653.00000
     70    2421697.00000
     71    2988983.00000
     72    3906496.00000
     73    5354444.00000
     74    7380032.00000
     75    9492147.00000
     76    10453480.00000
     77    9477922.00000
     78    7313165.00000
     79    5280404.00000
     80    3912940.00000
     81    3069219.00000
     82    2581622.00000
     83    2340703.00000
     84    2224063.00000
     85    2215342.00000
     86    2357788.00000
     87    2621563.00000
     88    3028412.00000
     89    3689549.00000
     90    4658049.00000
     91    5954897.00000
     92    7486428.00000
     93    8755148.00000
     94    9043126.00000
     95    8117862.00000
     96    6511594.00000
     97    4951737.00000
     98    3777658.00000
     99    2972566.00000
    100    2435442.00000
    101    2095549.00000
    102    1887207.00000
    103    1746679.00000
    104    1657380.00000
    105    1629556.00000
    106    1645772.00000
    107    1686556.00000
    108    1776912.00000
    109    1947638.00000
    110    2202965.00000
    111    2537072.00000
    112    2949882.00000
    113    3500338.00000
    114    4245048.00000
    115    5092180.00000
    116    5851908.00000
    117    6306506.00000
    118    6259805.00000
    119    5735868.00000
    120    4961093.00000
    121    4115950.00000
    122    3315966.00000
    123    2673236.00000
    124    2220302.00000
    125    1897606.00000
    126    1628603.00000
    127    1387300.00000
    128    1204919.00000
    129    1092926.00000
    130    1014983.00000
    131     938588.80000
    132     856569.60000
    133     778858.30000
    134     718039.10000
    135     676427.40000
    136     643490.40000
    137     599973.90000
    138     553002.70000
    139     536246.10000
    140     542766.40000
    141     543938.80000
    142     532731.90000
    143     480961.20000
    144     401346.30000
    145     386682.70000
    146     439832.80000
    147     455629.40000
    148     418138.30000
    149     401725.00000
    150     413708.30000
    151     422644.20000
    152     435613.20000
    153     440484.40000
    154     429108.90000
    155     418903.80000
    156     390957.60000
    157     347141.90000
    158     320785.20000
    159     313889.10000
    160     327537.60000
    161     354277.50000
    162     366188.40000
    163     365224.60000
    164     371080.20000
    165     364522.10000
    166     319613.70000
    167     285800.20000
    168     308569.00000
    169     335462.80000
    170     341690.90000
    171     359176.60000
    172     357559.20000
    173     328940.10000
    174     339450.80000
    175     377405.80000
    176     383978.20000
    177     381425.60000
    178     398041.30000
    179     398444.00000
    180     372279.40000
    181     366945.60000
    182     388820.90000
    183     402725.10000
    184     406784.40000
    185     408037.80000
    186     402864.70000
    187     395395.80000
    188     403612.80000
    189     431933.40000
    190     446866.10000
    191     453869.80000
    192     482863.60000
    193     496694.70000
    194     482715.70000
    195     504026.10000
    196     575271.80000
    197     635712.10000
    198     650375.50000
    199     655345.50000
    200     691336.60000
    201     740166.50000
    202     791957.20000
    203     871127.00000
    204     947188.00000
    205    1008108.00000
    206    1098215.00000
    207    1205117.00000
    208    1316446.00000
    209    1465325.00000
    210    1670518.00000
    211    1905071.00000
    212    2115756.00000
    213    2328687.00000
    214    2616188.00000
    215    2993526.00000
    216    3421753.00000
    217    3873491.00000
    218    4389212.00000
    219    5072967.00000
    220    6058500.00000
    221    7647390.00000
    222    11084460.00000
    223    17108520.00000
    224    21991800.00000
    225    20615280.00000
    226    14357710.00000
    227    8747737.00000
    228    5858175.00000
    229    4578070.00000
    230    3978664.00000
    231    3672654.00000
    232    3556974.00000
    233    3676993.00000
    234    3972784.00000
    235    4507086.00000
    236    5638801.00000
    237    8717510.00000
    238    14946130.00000
    239    20699280.00000
    240    19850750.00000
    241    13222920.00000
    242    7048424.00000
    243    3902986.00000
    244    2535156.00000
    245    1845685.00000
    246    1456826.00000
    247    1276787.00000
    248    1198483.00000
    249    1083688.00000
    250     972265.80000
    251     928744.20000
    252     904570.90000
    253     824955.80000
    254     729669.60000
    255     681038.50000
    256     647485.60000
    257     617873.60000
    258     592876.50000
    259     555444.40000
    260     530427.80000
    261     513940.20000
    262     488300.60000
    263     486020.20000
    264     493870.00000
    265     478237.60000
    266     463059.00000
    267     452906.20000
    268     447500.30000
    269     463243.50000
    270     476733.10000
    271     471331.90000
    272     455274.60000
    273     437826.10000
    274     427783.80000
    275     411656.60000
    276     383578.60000
    277     368734.80000
    278     382319.90000
    279     411423.60000
    280     441588.50000
    281     454312.20000
    282     414745.60000
    283     345329.00000
    284     318159.00000
    285     329955.80000
    286     338990.70000
    287     364793.60000
    288     405127.10000
    289     395440.10000
    290     350309.20000
    291     351137.80000
    292     378648.40000
    293     366471.40000
    294     335504.10000
    295     323680.50000
    296     317562.90000
    297     316703.60000
    298     325483.20000
    299     323908.10000
    300     318548.30000
    301     309463.90000
    302     288682.60000
    303     290856.30000
    304     311196.90000
    305     316655.80000
    306     321483.30000
    307     338545.90000
    308     361637.80000
    309     368859.30000
    310     350656.30000
    311     337307.30000
    312     325717.10000
    313     298408.90000
    314     289043.80000
    315     315795.80000
    316     337114.80000
    317     309346.00000
    318     251745.70000
    319     228147.30000
    320     257585.30000
    321     293801.50000
    322     300580.50000
    323     299843.00000
    324     316269.10000
    325     325806.50000
    326     320204.60000
    327     325840.10000
    328     326108.40000
    329     305250.90000
    330     293871.40000
    331     290676.70000
    332     288449.00000
    333     303597.30000
    334     307704.00000
    335     289591.80000
    336     297024.20000
    337     320921.10000
    338     302153.10000
    339     256782.70000
    340     245896.20000
    341     253507.70000
    342     241643.10000
    343     256613.20000
    344     325758.90000
    345     377540.30000
    346     369601.40000
    347     345360.10000
    348     326733.60000
    349     290304.30000
    350     267507.90000
    351     303268.40000
    352     330794.20000
    353     294458.30000
    354     265184.50000
    355     278403.90000
    356     284069.00000
    357     270850.00000
    358     263048.60000
    359     257990.60000
    360     236638.30000
    361     208358.40000
    362     211643.30000
    363     252739.30000
    364     277188.30000
    365     252244.30000
    366     237563.00000
    367     269937.80000
    368     293444.60000
    369     294737.60000
    370     300418.20000
    371     283664.90000
    372     253725.50000
    373     263337.80000
    374     282140.60000
    375     268422.60000
    376     271807.20000
    377     307123.00000
    378     314275.40000
    379     286094.40000
    380     252963.80000
    381     225316.40000
    382     222572.40000
    383     247197.00000
    384     262930.80000
    385     243645.00000
    386     212178.30000
    387     219841.40000
    388     267628.00000
    389     301411.80000
    390     302691.50000
    391     286357.30000
    392     263589.90000
    393     255948.20000
    394     255962.40000
    395     250362.90000
    396     267654.20000
    397     288301.80000
    398     269728.70000
    399     250979.30000
    400     274448.90000
    401     315898.40000
    402     329848.30000
    403     312096.80000
    404     309186.00000
    405     323944.60000
    406     304227.00000
    407     262055.40000
    408     255514.30000
    409     276645.70000
    410     278718.90000
    411     252354.70000
    412     221915.90000
    413     217337.30000
    414     233257.60000
    415     231388.20000
    416     215701.00000
    417     219504.70000
    418     233268.40000
    419     237070.30000
    420     242487.00000
    421     256053.80000
    422     268045.80000
    423     278781.80000
    424     278641.00000
    425     252475.90000
    426     240188.90000
    427     279899.10000
    428     323997.90000
    429     321692.10000
    430     283426.20000
    431     256119.70000
    432     274078.90000
    433     288122.80000
    434     261275.90000
    435     254398.40000
    436     277357.60000
    437     282440.30000
    438     278108.80000
    439     282712.60000
    440     287654.50000
    441     273177.90000
    442     237038.50000
    443     214750.30000
    444     215907.90000
    445     217406.50000
    446     217101.30000
    447     225391.60000
    448     243840.60000
    449     259426.10000
    450     267562.50000
    451     278594.10000
    452     285805.90000
    453     283989.60000
    454     279309.40000
    455     265277.20000
    456     244458.20000
    457     236036.30000
    458     247433.30000
    459     270933.80000
    460     285875.70000
    461     262233.60000
    462     214811.30000
    463     210036.60000
    464     248061.60000
    465     257163.90000
    466     228784.10000
    467     208922.40000
    468     205933.50000
    469     207107.20000
    470     226726.30000
    471     268569.00000
    472     292497.10000
    473     282887.30000
    474     265220.20000
    475     259718.50000
    476     272384.80000
    477     278387.00000
    478     267596.80000
    479     260927.90000
    480     238303.00000
    481     194080.10000
    482     173816.90000
    483     189976.10000
    484     226947.40000
    485     264436.10000
    486     267642.00000
    487     247631.50000
    488     253333.40000
    489     269038.80000
    490     265952.60000
    491     265112.20000
    492     241752.40000
    493     190314.40000
    494     189870.80000
    495     224244.50000
    496     225359.00000
    497     243698.60000
    498     300874.70000
    499     314731.00000
    500     279820.80000
    501     257101.10000
    502     248341.50000
    503     257392.40000
    504     287907.50000
    505     271848.20000
    506     210793.10000
    507     197927.80000
    508     225845.90000
    509     247445.60000
    510     277519.30000
    511     288029.10000
    512     265225.40000
    513     266275.00000
    514     278781.80000
    515     259245.80000
    516     231085.20000
    517     216645.50000
    518     221343.70000
    519     252995.30000
    520     291740.20000
    521     288034.90000
    522     231767.20000
    523     207190.10000
    524     248279.30000
    525     253553.00000
    526     209026.20000
    527     209157.50000
    528     233694.50000
    529     238390.20000
    530     255936.10000
    531     262603.30000
    532     254084.50000
    533     288374.80000
    534     322771.10000
    535     304048.90000
    536     277218.10000
    537     268664.20000
    538     264821.20000
    539     250101.90000
    540     225686.20000
    541     227348.30000
    542     242918.40000
    543     226388.00000
    544     209126.00000
    545     227379.60000
    546     257726.90000
    547     280348.10000
    548     279250.60000
    549     261602.00000
    550     270633.80000
    551     292073.10000
    552     264827.40000
    553     205460.60000
    554     201679.10000
    555     256616.30000
    556     261146.10000
    557     194862.70000
    558     170217.90000
    559     219500.00000
    560     266452.70000
    561     278040.90000
    562     256384.00000
    563     207409.50000
    564     186741.40000
    565     227350.70000
    566     273789.60000
    567     265128.10000
    568     226431.50000
    569     234121.90000
    570     264020.80000
    571     222470.20000
    572     145022.90000
    573     132010.00000
    574     183548.40000
    575     237966.50000
    576     252856.20000
    577     243530.30000
    578     241990.00000
    579     235527.90000
    580     242492.70000
    581     304144.40000
    582     356964.60000
    583     318991.60000
    584     223765.20000
    585     165771.80000
    586     196974.60000
    587     246939.90000
    588     235914.30000
    589     234298.80000
    590     267760.30000
    591     239489.70000
    592     184658.40000
    593     189989.70000
    594     212361.30000
    595     234521.90000
    596     262171.00000
    597     231281.30000
    598     180272.10000
    599     219196.40000
    600     295841.30000
    601     301171.70000
    602     262457.60000
    603     248935.50000
    604     257635.50000
    605     254320.80000
    606     238281.90000
    607     243548.80000
    608     274391.10000
    609     294650.20000
    610     291675.80000
    611     277228.60000
    612     264405.80000
    613     266532.40000
    614     276257.60000
    615     274815.80000
    616     254283.30000
    617     223706.70000
    618     212104.00000
    619     230407.20000
    620     259526.50000
    621     296556.00000
    622     327972.30000
    623     317344.30000
    624     290468.90000
    625     276293.80000
    626     245238.80000
    627     229533.20000
    628     253888.80000
    629     249098.20000
    630     220691.60000
    631     224496.20000
    632     240924.60000
    633     265390.10000
    634     317338.50000
    635     354549.10000
    636     330892.20000
    637     272064.30000
    638     233297.60000
    639     231548.80000
    640     241816.50000
    641     245392.00000
    642     249126.90000
    643     262597.40000
    644     291294.10000
    645     317009.30000
