      1     141001.20000
      2     137277.00000
      3     141592.40000
      4     160801.10000
      5     169797.20000
      6     144375.50000
      7     110290.60000
      8      81827.25000
      9      63574.50000
     10      90139.62000
     11     137779.80000
     12     146466.40000
     13     146208.60000
     14     165593.10000
     15     162846.20000
     16     135400.00000
     17      91143.50000
     18      44192.88000
     19      64821.25000
     20     146565.60000
     21     208748.10000
     22     221509.10000
     23     190894.00000
     24     157730.60000
     25     156679.50000
     26     158463.90000
     27     150177.40000
     28     149895.90000
     29     146747.00000
     30     134314.90000
     31     126185.10000
     32     129355.10000
     33     141064.40000
     34     149538.20000
     35     153458.80000
     36     148815.80000
     37     124293.10000
     38     109117.00000
     39     122278.20000
     40     131154.60000
     41     124856.80000
     42     132622.80000
     43     170151.20000
     44     206167.90000
     45     204503.60000
     46     186997.40000
     47     188668.90000
     48     186105.60000
     49     164200.20000
     50     175926.50000
     51     212474.60000
     52     206349.40000
     53     188576.10000
     54     198014.00000
     55     201452.20000
     56     195517.10000
     57     189260.50000
     58     185795.10000
     59     211711.10000
     60     252701.50000
     61     271061.50000
     62     282673.80000
     63     301154.80000
     64     310616.80000
     65     320718.80000
     66     366173.80000
     67     441170.00000
     68     467867.80000
     69     441624.50000
     70     468799.50000
     71     551165.50000
     72     620254.80000
     73     719715.80000
     74     889686.00000
     75    1022764.00000
     76    1035242.00000
     77     998916.00000
     78     987248.00000
     79    1025848.00000
     80    1110421.00000
     81    1200522.00000
     82    1330986.00000
     83    1559573.00000
     84    1834156.00000
     85    2064803.00000
     86    2291036.00000
     87    2623124.00000
     88    3168467.00000
     89    4006405.00000
     90    5066182.00000
     91    6590862.00000
     92    9090605.00000
     93    13955380.00000
     94    23833470.00000
     95    35165840.00000
     96    36641670.00000
     97    26097110.00000
     98    14528660.00000
     99    8498301.00000
    100    5799282.00000
    101    4275216.00000
    102    3407145.00000
    103    2846360.00000
    104    2526350.00000
    105    2366424.00000
    106    2285292.00000
    107    2262057.00000
    108    2340498.00000
    109    2624238.00000
    110    3098593.00000
    111    3799304.00000
    112    4995470.00000
    113    7503517.00000
    114    12681690.00000
    115    19247600.00000
    116    21659730.00000
    117    17172740.00000
    118    10301930.00000
    119    5785170.00000
    120    3722789.00000
    121    2760049.00000
    122    2284620.00000
    123    2048613.00000
    124    1913052.00000
    125    1766115.00000
    126    1578654.00000
    127    1362067.00000
    128    1132649.00000
    129     964658.40000
    130     877343.90000
    131     813747.20000
    132     768790.50000
    133     760638.80000
    134     758424.40000
    135     754735.70000
    136     752799.30000
    137     721164.30000
    138     683041.90000
    139     684002.10000
    140     683862.50000
    141     631361.90000
    142     571707.50000
    143     561742.20000
    144     564785.20000
    145     547244.40000
    146     538519.20000
    147     545038.60000
    148     567783.60000
    149     625758.20000
    150     672605.00000
    151     655448.10000
    152     608223.80000
    153     562931.60000
    154     523632.50000
    155     498426.90000
    156     460117.10000
    157     408206.00000
    158     400861.20000
    159     443510.30000
    160     470582.10000
    161     440184.90000
    162     379400.30000
    163     347713.20000
    164     376940.90000
    165     433125.20000
    166     454015.40000
    167     426329.50000
    168     393690.80000
    169     407652.10000
    170     450919.50000
    171     461283.50000
    172     450265.90000
    173     454952.90000
    174     455481.40000
    175     445138.40000
    176     451144.00000
    177     468833.10000
    178     481237.50000
    179     518178.60000
    180     580963.50000
    181     613376.20000
    182     612436.50000
    183     625082.20000
    184     689598.80000
    185     799620.80000
    186     881625.50000
    187     922247.50000
    188    1029513.00000
    189    1256665.00000
    190    1518494.00000
    191    1786663.00000
    192    2167922.00000
    193    2763640.00000
    194    3727088.00000
    195    5421868.00000
    196    8722456.00000
    197    14537960.00000
    198    21039430.00000
    199    23326130.00000
    200    19354360.00000
    201    12834110.00000
    202    7857162.00000
    203    5107274.00000
    204    3683090.00000
    205    2901362.00000
    206    2445128.00000
    207    2134699.00000
    208    1868374.00000
    209    1704364.00000
    210    1701113.00000
    211    1824698.00000
    212    2002740.00000
    213    2172276.00000
    214    2312763.00000
    215    2474362.00000
    216    2703037.00000
    217    2936938.00000
    218    3192689.00000
    219    3582011.00000
    220    4398212.00000
    221    5895797.00000
    222    8740867.00000
    223    15694280.00000
    224    26740050.00000
    225    34861200.00000
    226    36414580.00000
    227    34717860.00000
    228    29694330.00000
    229    20594760.00000
    230    12169620.00000
    231    7583601.00000
    232    5683112.00000
    233    5160425.00000
    234    5364138.00000
    235    6001144.00000
    236    7526759.00000
    237    11760840.00000
    238    19001720.00000
    239    23772300.00000
    240    20845860.00000
    241    13363830.00000
    242    7422315.00000
    243    4444419.00000
    244    3079039.00000
    245    2400427.00000
    246    1998398.00000
    247    1760253.00000
    248    1607890.00000
    249    1472537.00000
    250    1393238.00000
    251    1330460.00000
    252    1226952.00000
    253    1114316.00000
    254    1035032.00000
    255     969633.80000
    256     889651.80000
    257     823136.60000
    258     778766.60000
    259     751575.00000
    260     763051.90000
    261     791690.20000
    262     800577.20000
    263     816161.10000
    264     862034.10000
    265     877521.20000
    266     802320.20000
    267     682707.90000
    268     620290.50000
    269     619393.10000
    270     612950.10000
    271     628161.80000
    272     670245.10000
    273     648641.60000
    274     597283.60000
    275     621397.10000
    276     670432.90000
    277     640297.50000
    278     578079.60000
    279     584611.40000
    280     625849.80000
    281     628207.60000
    282     614316.10000
    283     622588.40000
    284     626015.60000
    285     604854.70000
    286     591265.10000
    287     601220.30000
    288     636571.90000
    289     676553.20000
    290     669182.50000
    291     656609.60000
    292     698990.60000
    293     727485.90000
    294     709745.40000
    295     719674.20000
    296     771549.00000
    297     821057.40000
    298     857370.20000
    299     881256.00000
    300     898683.50000
    301     931153.90000
    302     974490.00000
    303    1021152.00000
    304    1097002.00000
    305    1223356.00000
    306    1403043.00000
    307    1601834.00000
    308    1762447.00000
    309    1922949.00000
    310    2164803.00000
    311    2469547.00000
    312    2804722.00000
    313    3171110.00000
    314    3537420.00000
    315    3890022.00000
    316    4233916.00000
    317    4514279.00000
    318    4642444.00000
    319    4571916.00000
    320    4318402.00000
    321    3960084.00000
    322    3579826.00000
    323    3185441.00000
    324    2802262.00000
    325    2485201.00000
    326    2188826.00000
    327    1894274.00000
    328    1689329.00000
    329    1586538.00000
    330    1482604.00000
    331    1321423.00000
    332    1182478.00000
    333    1112154.00000
    334    1041733.00000
    335     962875.60000
    336     911345.10000
    337     876128.60000
    338     853323.90000
    339     816636.40000
    340     740807.60000
    341     682814.80000
    342     673369.10000
    343     667543.30000
    344     648949.40000
    345     619626.10000
    346     591395.30000
    347     590493.10000
    348     581683.80000
    349     544638.40000
    350     527985.60000
    351     524712.30000
    352     496466.90000
    353     479248.60000
    354     518840.60000
    355     551738.40000
    356     501484.80000
    357     451552.00000
    358     486151.60000
    359     527517.10000
    360     528231.10000
    361     524501.00000
    362     487182.70000
    363     404683.90000
    364     362583.20000
    365     396261.20000
    366     444216.50000
    367     456497.90000
    368     456524.90000
    369     480935.00000
    370     498114.40000
    371     474195.20000
    372     435951.80000
    373     416654.80000
    374     414298.70000
    375     394168.60000
    376     367308.50000
    377     382577.40000
    378     406982.80000
    379     405394.80000
    380     416545.10000
    381     435577.80000
    382     437291.90000
    383     449246.20000
    384     460648.90000
    385     431867.50000
    386     404744.90000
    387     426695.00000
    388     439208.10000
    389     394862.40000
    390     367417.20000
    391     403306.20000
    392     445175.00000
    393     470043.40000
    394     478662.90000
    395     440966.50000
    396     389537.10000
    397     392611.80000
    398     439722.60000
    399     462139.50000
    400     439307.60000
    401     417803.60000
    402     409281.20000
    403     395671.60000
    404     397464.70000
    405     412927.20000
    406     422173.10000
    407     440186.90000
    408     442680.50000
    409     401069.60000
    410     379317.10000
    411     407459.30000
    412     424411.60000
    413     407471.60000
    414     374202.90000
    415     345934.80000
    416     353919.40000
    417     390090.40000
    418     420687.40000
    419     433835.50000
    420     431732.90000
    421     426515.30000
    422     425147.00000
    423     425486.80000
    424     432205.20000
    425     438957.70000
    426     437396.20000
    427     431295.30000
    428     407588.80000
    429     369996.50000
    430     361201.70000
    431     397468.80000
    432     451674.90000
    433     483686.70000
    434     487071.30000
    435     488954.30000
    436     470534.90000
    437     422255.20000
    438     406725.00000
    439     438898.20000
    440     469755.70000
    441     483000.40000
    442     491302.60000
    443     494515.40000
    444     480929.60000
    445     471939.40000
    446     495545.00000
    447     528168.60000
    448     559037.30000
    449     583531.80000
    450     587056.80000
    451     640174.40000
    452     745663.60000
    453     755501.90000
    454     667847.70000
    455     624023.60000
    456     640174.60000
    457     638152.90000
    458     599984.90000
    459     592552.50000
    460     646914.00000
    461     679655.10000
    462     656861.50000
    463     671624.20000
    464     741294.90000
    465     783049.10000
    466     798793.00000
    467     825161.50000
    468     847967.50000
    469     869159.90000
    470     889177.80000
    471     919205.10000
    472     986111.30000
    473    1043796.00000
    474    1053587.00000
    475    1060933.00000
    476    1096137.00000
    477    1152045.00000
    478    1234942.00000
    479    1336400.00000
    480    1409610.00000
    481    1450075.00000
    482    1517688.00000
    483    1620348.00000
    484    1708604.00000
    485    1778502.00000
    486    1847850.00000
    487    1913430.00000
    488    1984456.00000
    489    2050258.00000
    490    2067430.00000
    491    2036364.00000
    492    2010262.00000
    493    2011881.00000
    494    1979954.00000
    495    1885364.00000
    496    1812631.00000
    497    1780674.00000
    498    1711261.00000
    499    1604558.00000
    500    1501781.00000
    501    1416068.00000
    502    1363362.00000
    503    1301906.00000
    504    1187964.00000
    505    1092989.00000
    506    1046046.00000
    507     975542.30000
    508     904770.50000
    509     893092.80000
    510     884036.70000
    511     828686.80000
    512     764591.10000
    513     701895.30000
    514     634349.90000
    515     626340.80000
    516     682440.20000
    517     699418.60000
    518     651826.60000
    519     600207.80000
    520     586399.40000
    521     599234.00000
    522     586876.80000
    523     560396.50000
    524     562956.40000
    525     562066.20000
    526     532575.50000
    527     499261.80000
    528     473985.10000
    529     466377.60000
    530     488234.20000
    531     514781.70000
    532     504777.20000
    533     474024.50000
    534     475792.90000
    535     484129.70000
    536     447406.20000
    537     425123.20000
    538     454035.10000
    539     456260.60000
    540     433983.70000
    541     449344.00000
    542     454246.40000
    543     413048.40000
    544     377470.40000
    545     370573.90000
    546     402956.40000
    547     452892.90000
    548     445261.80000
    549     410870.30000
    550     417478.80000
    551     431329.50000
    552     443631.50000
    553     457585.90000
    554     450618.70000
    555     453613.30000
    556     447375.80000
    557     387348.60000
    558     348188.10000
    559     387173.10000
    560     439055.10000
    561     435071.70000
    562     390853.80000
    563     372580.60000
    564     401310.10000
    565     440567.10000
    566     465707.70000
    567     466237.00000
    568     425857.90000
    569     364221.20000
    570     354916.30000
    571     419693.00000
    572     476323.60000
    573     482180.90000
    574     462280.40000
    575     424430.70000
    576     405479.40000
    577     431404.20000
    578     456123.10000
    579     455114.10000
    580     445255.10000
    581     445230.80000
    582     459490.90000
    583     469033.90000
    584     475490.90000
    585     497541.20000
    586     521883.30000
    587     530747.10000
    588     534912.20000
    589     542652.40000
    590     549604.20000
    591     547312.40000
    592     531548.50000
    593     523787.90000
    594     515315.90000
    595     496342.80000
    596     543867.10000
    597     652933.30000
    598     697602.40000
    599     674598.40000
    600     672142.10000
    601     686998.50000
    602     692605.60000
    603     730344.80000
    604     810879.60000
    605     884322.00000
    606     943370.10000
    607    1005552.00000
    608    1075404.00000
    609    1186717.00000
    610    1356029.00000
    611    1564303.00000
    612    1850826.00000
    613    2269975.00000
    614    2792534.00000
    615    3377744.00000
    616    3957636.00000
    617    4341375.00000
    618    4344270.00000
    619    3956467.00000
    620    3347936.00000
    621    2717150.00000
    622    2155600.00000
    623    1717492.00000
    624    1438189.00000
    625    1254423.00000
    626    1081549.00000
    627     924487.90000
    628     828453.80000
    629     772694.20000
    630     726764.20000
    631     704511.70000
    632     666746.60000
    633     589982.20000
    634     552901.20000
    635     565601.20000
    636     539661.40000
    637     467132.10000
    638     423884.30000
    639     428306.30000
    640     429074.40000
    641     427536.90000
    642     467475.40000
    643     510499.80000
    644     501684.10000
    645     467580.40000
