      1     162875.50000
      2     126912.20000
      3     143089.80000
      4     159777.20000
      5     154033.10000
      6     173743.70000
      7     211370.40000
      8     212510.20000
      9     180484.30000
     10     155338.60000
     11     153751.90000
     12     166875.90000
     13     171849.80000
     14     153742.00000
     15     119942.20000
     16      98421.69000
     17     116431.70000
     18     165432.60000
     19     202734.10000
     20     198399.90000
     21     176586.90000
     22     170137.30000
     23     173943.40000
     24     181930.40000
     25     182237.90000
     26     169266.50000
     27     168629.40000
     28     166437.10000
     29     131430.80000
     30     100371.80000
     31     118802.10000
     32     171600.90000
     33     221177.60000
     34     246069.90000
     35     236420.00000
     36     202753.10000
     37     171083.20000
     38     147363.00000
     39     126052.90000
     40     136661.00000
     41     192025.40000
     42     215242.00000
     43     180975.90000
     44     180061.00000
     45     208475.80000
     46     194811.00000
     47     188077.60000
     48     225763.10000
     49     234071.60000
     50     196348.40000
     51     179147.60000
     52     196527.40000
     53     201424.20000
     54     175977.60000
     55     166250.10000
     56     201389.40000
     57     241806.60000
     58     265901.10000
     59     283176.00000
     60     272173.10000
     61     226317.60000
     62     197199.80000
     63     222288.40000
     64     265506.00000
     65     276578.90000
     66     252724.50000
     67     231060.80000
     68     260334.80000
     69     332334.10000
     70     386161.60000
     71     407741.40000
     72     425624.50000
     73     462518.80000
     74     532905.90000
     75     593902.50000
     76     604326.20000
     77     606934.50000
     78     606026.00000
     79     597213.00000
     80     634569.20000
     81     690268.20000
     82     731768.20000
     83     807867.20000
     84     937326.50000
     85    1069499.00000
     86    1160497.00000
     87    1257956.00000
     88    1444621.00000
     89    1772068.00000
     90    2178418.00000
     91    2811226.00000
     92    4089990.00000
     93    6607932.00000
     94    13076580.00000
     95    24723800.00000
     96    32979300.00000
     97    28510450.00000
     98    16624980.00000
     99    8082029.00000
    100    4597783.00000
    101    3132138.00000
    102    2348153.00000
    103    1894646.00000
    104    1634545.00000
    105    1541826.00000
    106    1544078.00000
    107    1579846.00000
    108    1630108.00000
    109    1781010.00000
    110    2085664.00000
    111    2582116.00000
    112    3402379.00000
    113    5140465.00000
    114    8805483.00000
    115    13207360.00000
    116    14309910.00000
    117    10790650.00000
    118    6223514.00000
    119    3519236.00000
    120    2365052.00000
    121    1811302.00000
    122    1477233.00000
    123    1286935.00000
    124    1239157.00000
    125    1210512.00000
    126    1132728.00000
    127    1041550.00000
    128     954995.40000
    129     869334.50000
    130     768617.10000
    131     663559.40000
    132     581842.50000
    133     538567.40000
    134     535298.60000
    135     546879.40000
    136     546316.00000
    137     537968.10000
    138     535381.00000
    139     526230.60000
    140     497109.00000
    141     470857.10000
    142     471494.50000
    143     472727.30000
    144     450542.10000
    145     437990.20000
    146     442003.60000
    147     435062.50000
    148     424309.10000
    149     403154.70000
    150     369190.90000
    151     372314.10000
    152     421046.30000
    153     448870.80000
    154     410781.00000
    155     358802.50000
    156     356919.80000
    157     362993.40000
    158     344778.50000
    159     349454.70000
    160     361485.00000
    161     344841.20000
    162     340112.20000
    163     354961.80000
    164     352948.00000
    165     342251.80000
    166     341413.10000
    167     347349.10000
    168     351595.60000
    169     347314.80000
    170     346251.20000
    171     358312.60000
    172     372053.00000
    173     388171.00000
    174     404207.80000
    175     402859.60000
    176     399604.20000
    177     408525.60000
    178     416643.50000
    179     434269.50000
    180     463568.90000
    181     491121.50000
    182     515769.20000
    183     535687.60000
    184     579179.60000
    185     644835.10000
    186     692168.00000
    187     755398.90000
    188     848907.50000
    189     945911.20000
    190    1075743.00000
    191    1254201.00000
    192    1509620.00000
    193    1938783.00000
    194    2656810.00000
    195    3867812.00000
    196    6341158.00000
    197    11108730.00000
    198    16678080.00000
    199    18539110.00000
    200    14890040.00000
    201    9315710.00000
    202    5437092.00000
    203    3521724.00000
    204    2607608.00000
    205    2118818.00000
    206    1800218.00000
    207    1571790.00000
    208    1407636.00000
    209    1294243.00000
    210    1216183.00000
    211    1203842.00000
    212    1296064.00000
    213    1453871.00000
    214    1628024.00000
    215    1810181.00000
    216    2000508.00000
    217    2163335.00000
    218    2342013.00000
    219    2603501.00000
    220    3076447.00000
    221    3996198.00000
    222    5544773.00000
    223    9414802.00000
    224    17145360.00000
    225    24711320.00000
    226    27324570.00000
    227    26292420.00000
    228    22878050.00000
    229    16415330.00000
    230    9776364.00000
    231    5954632.00000
    232    4402370.00000
    233    3937123.00000
    234    4044357.00000
    235    4493366.00000
    236    5668030.00000
    237    8913585.00000
    238    14193780.00000
    239    17320300.00000
    240    14801240.00000
    241    9309202.00000
    242    5158512.00000
    243    3115848.00000
    244    2153765.00000
    245    1649238.00000
    246    1335473.00000
    247    1148690.00000
    248    1064845.00000
    249    1037509.00000
    250    1033916.00000
    251     989627.80000
    252     899652.00000
    253     819330.00000
    254     779066.10000
    255     753466.90000
    256     701213.10000
    257     640828.20000
    258     600270.20000
    259     590729.20000
    260     600861.50000
    261     587301.60000
    262     578689.80000
    263     616269.20000
    264     648515.10000
    265     640498.60000
    266     612798.80000
    267     587825.70000
    268     587803.20000
    269     586851.10000
    270     530052.20000
    271     467691.00000
    272     493963.80000
    273     569243.50000
    274     584118.40000
    275     537442.60000
    276     512300.90000
    277     522386.00000
    278     514142.50000
    279     483224.00000
    280     476472.30000
    281     499688.90000
    282     507005.80000
    283     491913.20000
    284     482317.60000
    285     490974.20000
    286     521950.20000
    287     539978.90000
    288     514995.40000
    289     480833.30000
    290     487936.80000
    291     549962.50000
    292     614479.50000
    293     639195.40000
    294     638693.60000
    295     638198.90000
    296     666634.20000
    297     695359.80000
    298     684199.70000
    299     685252.40000
    300     727403.70000
    301     773356.50000
    302     818469.90000
    303     890866.90000
    304     991405.40000
    305    1088448.00000
    306    1195443.00000
    307    1354313.00000
    308    1536676.00000
    309    1718936.00000
    310    1951104.00000
    311    2252837.00000
    312    2614793.00000
    313    3063584.00000
    314    3595986.00000
    315    4164264.00000
    316    4713586.00000
    317    5125735.00000
    318    5237444.00000
    319    5005766.00000
    320    4547045.00000
    321    3989487.00000
    322    3415049.00000
    323    2882447.00000
    324    2427865.00000
    325    2085104.00000
    326    1834082.00000
    327    1608916.00000
    328    1414626.00000
    329    1287725.00000
    330    1199221.00000
    331    1097468.00000
    332     996170.00000
    333     928437.90000
    334     851471.30000
    335     761418.20000
    336     730552.10000
    337     731803.60000
    338     701730.10000
    339     662065.80000
    340     625385.10000
    341     593435.90000
    342     581163.10000
    343     562469.20000
    344     526543.50000
    345     502396.10000
    346     493325.90000
    347     474884.80000
    348     447086.60000
    349     451224.60000
    350     487110.50000
    351     505050.70000
    352     508793.90000
    353     520849.00000
    354     521587.30000
    355     500121.70000
    356     477845.70000
    357     476988.20000
    358     483272.70000
    359     453233.50000
    360     393286.80000
    361     374671.40000
    362     402345.20000
    363     405984.40000
    364     396891.70000
    365     414916.70000
    366     420688.80000
    367     403409.90000
    368     396495.40000
    369     396971.00000
    370     411297.90000
    371     441659.60000
    372     441784.20000
    373     416478.70000
    374     408061.60000
    375     399425.20000
    376     382985.30000
    377     373434.40000
    378     363415.90000
    379     362598.10000
    380     382047.20000
    381     413354.70000
    382     435301.30000
    383     430005.00000
    384     413461.90000
    385     401055.80000
    386     402716.80000
    387     428819.80000
    388     455936.90000
    389     466753.60000
    390     462900.50000
    391     440612.20000
    392     427386.20000
    393     449851.10000
    394     472007.80000
    395     455366.60000
    396     426841.80000
    397     436803.50000
    398     470523.10000
    399     466562.90000
    400     442437.20000
    401     454533.60000
    402     472802.10000
    403     467603.70000
    404     458620.80000
    405     427634.70000
    406     380889.50000
    407     393269.10000
    408     457224.30000
    409     475051.80000
    410     450660.50000
    411     465797.10000
    412     505803.40000
    413     508127.00000
    414     485914.70000
    415     480781.50000
    416     472470.00000
    417     437692.10000
    418     419993.70000
    419     435235.50000
    420     448228.80000
    421     455699.00000
    422     461392.70000
    423     458614.50000
    424     454535.20000
    425     448163.50000
    426     433980.50000
    427     423446.70000
    428     440532.80000
    429     485050.40000
    430     515298.30000
    431     516929.10000
    432     509876.10000
    433     488531.50000
    434     467703.40000
    435     480308.80000
    436     500464.50000
    437     495512.10000
    438     487242.20000
    439     505684.70000
    440     528285.60000
    441     513471.00000
    442     495837.50000
    443     524201.80000
    444     556004.10000
    445     551877.10000
    446     540964.50000
    447     542688.70000
    448     569342.50000
    449     634678.70000
    450     700020.40000
    451     748028.60000
    452     805910.90000
    453     835240.80000
    454     800487.90000
    455     757769.80000
    456     749409.20000
    457     740531.20000
    458     709951.10000
    459     710568.50000
    460     752737.90000
    461     761369.80000
    462     730061.40000
    463     735085.20000
    464     789366.10000
    465     821531.80000
    466     811399.90000
    467     832712.80000
    468     911464.90000
    469     987568.70000
    470    1032179.00000
    471    1076428.00000
    472    1143956.00000
    473    1215623.00000
    474    1271619.00000
    475    1332446.00000
    476    1412558.00000
    477    1497672.00000
    478    1599770.00000
    479    1740025.00000
    480    1906480.00000
    481    2080401.00000
    482    2258354.00000
    483    2470410.00000
    484    2737424.00000
    485    3046640.00000
    486    3433678.00000
    487    3891000.00000
    488    4295228.00000
    489    4607096.00000
    490    4851869.00000
    491    4930857.00000
    492    4764293.00000
    493    4425711.00000
    494    3971174.00000
    495    3400653.00000
    496    2812476.00000
    497    2355609.00000
    498    2050432.00000
    499    1795570.00000
    500    1532573.00000
    501    1310044.00000
    502    1176229.00000
    503    1096358.00000
    504    1011276.00000
    505     928299.80000
    506     879799.90000
    507     838539.50000
    508     767884.60000
    509     688265.00000
    510     641115.90000
    511     631458.20000
    512     638633.50000
    513     660052.90000
    514     679614.90000
    515     656367.80000
    516     599162.20000
    517     555257.20000
    518     534768.60000
    519     527965.60000
    520     522428.00000
    521     492101.50000
    522     454305.80000
    523     441028.90000
    524     436404.90000
    525     446638.80000
    526     477053.10000
    527     484012.20000
    528     468539.10000
    529     458914.60000
    530     437788.60000
    531     408299.00000
    532     421951.40000
    533     489845.40000
    534     543923.00000
    535     518368.20000
    536     449434.00000
    537     426634.50000
    538     443502.80000
    539     437194.90000
    540     419714.10000
    541     418275.50000
    542     414756.20000
    543     409753.40000
    544     423783.50000
    545     443430.10000
    546     448453.80000
    547     443826.10000
    548     425695.50000
    549     396070.20000
    550     382364.00000
    551     397966.40000
    552     424949.70000
    553     432063.80000
    554     428020.70000
    555     443973.80000
    556     452892.60000
    557     423358.80000
    558     394660.50000
    559     395548.40000
    560     393699.20000
    561     401561.80000
    562     444331.90000
    563     454677.10000
    564     427645.70000
    565     434970.60000
    566     453567.70000
    567     460245.10000
    568     474854.20000
    569     471755.50000
    570     449130.10000
    571     430466.20000
    572     410070.30000
    573     405337.40000
    574     431538.20000
    575     453291.80000
    576     459717.30000
    577     479668.30000
    578     501943.80000
    579     501780.30000
    580     511070.90000
    581     544360.30000
    582     548050.50000
    583     520362.50000
    584     516441.60000
    585     541573.20000
    586     568457.60000
    587     559540.80000
    588     517297.80000
    589     510501.90000
    590     547468.10000
    591     583461.10000
    592     600804.10000
    593     586768.90000
    594     562022.00000
    595     555591.60000
    596     557983.10000
    597     569884.40000
    598     590570.40000
    599     614765.80000
    600     655739.10000
    601     688670.70000
    602     697575.40000
    603     741069.20000
    604     827611.10000
    605     889860.40000
    606     915205.10000
    607     939820.50000
    608     978646.10000
    609    1027532.00000
    610    1088242.00000
    611    1201571.00000
    612    1436581.00000
    613    1834388.00000
    614    2450526.00000
    615    3411592.00000
    616    4679183.00000
    617    5729503.00000
    618    5834158.00000
    619    4877376.00000
    620    3539360.00000
    621    2481666.00000
    622    1814151.00000
    623    1385269.00000
    624    1099151.00000
    625     932341.10000
    626     843603.00000
    627     754725.60000
    628     649935.40000
    629     589694.20000
    630     597669.10000
    631     605197.30000
    632     554789.80000
    633     504895.90000
    634     510763.40000
    635     506340.40000
    636     456217.40000
    637     429650.40000
    638     443425.40000
    639     454135.10000
    640     438085.40000
    641     403630.10000
    642     412299.60000
    643     462754.40000
    644     473735.30000
    645     467433.80000
