      1     138320.40000
      2     215250.20000
      3     248407.90000
      4     206364.20000
      5     155576.60000
      6     168373.40000
      7     195527.70000
      8     180277.60000
      9     154370.10000
     10     152682.50000
     11     178585.20000
     12     200673.90000
     13     176498.10000
     14     134574.80000
     15     121733.20000
     16     139613.90000
     17     176288.90000
     18     196767.00000
     19     186008.10000
     20     174882.80000
     21     187480.20000
     22     232386.00000
     23     279687.80000
     24     291780.80000
     25     275659.20000
     26     235869.80000
     27     196785.60000
     28     205668.80000
     29     239526.20000
     30     250853.50000
     31     254486.00000
     32     265962.80000
     33     251646.50000
     34     212348.00000
     35     210983.00000
     36     246621.00000
     37     252454.60000
     38     232031.80000
     39     229403.00000
     40     246018.00000
     41     274834.90000
     42     302789.10000
     43     303305.40000
     44     274658.60000
     45     248433.80000
     46     263858.50000
     47     303292.60000
     48     295962.50000
     49     244471.90000
     50     236856.20000
     51     301743.50000
     52     352544.20000
     53     335926.50000
     54     323942.90000
     55     341475.20000
     56     331422.10000
     57     321863.60000
     58     338832.60000
     59     348632.90000
     60     388022.00000
     61     460370.80000
     62     475618.90000
     63     445469.50000
     64     463910.50000
     65     509563.40000
     66     506155.10000
     67     498081.40000
     68     541958.60000
     69     590848.40000
     70     637102.40000
     71     713368.40000
     72     780794.00000
     73     810250.20000
     74     836802.90000
     75     893686.00000
     76     973574.20000
     77    1055165.00000
     78    1153102.00000
     79    1303628.00000
     80    1506750.00000
     81    1738731.00000
     82    2001588.00000
     83    2297377.00000
     84    2631960.00000
     85    3077403.00000
     86    3671703.00000
     87    4389706.00000
     88    5331138.00000
     89    6683712.00000
     90    8629705.00000
     91    11465150.00000
     92    15234010.00000
     93    18949670.00000
     94    20865200.00000
     95    20029410.00000
     96    17146050.00000
     97    13628610.00000
     98    10410760.00000
     99    7834962.00000
    100    5949250.00000
    101    4610412.00000
    102    3629169.00000
    103    2922074.00000
    104    2450249.00000
    105    2111058.00000
    106    1812156.00000
    107    1559706.00000
    108    1384038.00000
    109    1250324.00000
    110    1115748.00000
    111    1013228.00000
    112     964860.20000
    113     911754.20000
    114     823992.10000
    115     733591.10000
    116     672688.30000
    117     660150.20000
    118     670429.40000
    119     646438.10000
    120     595010.60000
    121     574081.10000
    122     575732.60000
    123     550634.40000
    124     515511.60000
    125     509879.00000
    126     520871.20000
    127     519319.40000
    128     500134.50000
    129     469501.90000
    130     440834.20000
    131     435093.00000
    132     444297.30000
    133     445070.00000
    134     446257.20000
    135     452955.40000
    136     442673.10000
    137     415016.50000
    138     410551.20000
    139     462138.40000
    140     527987.60000
    141     526114.60000
    142     473098.10000
    143     457144.90000
    144     473895.00000
    145     471372.20000
    146     452234.40000
    147     435350.80000
    148     435284.90000
    149     433802.10000
    150     405185.90000
    151     385129.10000
    152     396665.10000
    153     422834.40000
    154     449638.20000
    155     453983.30000
    156     447401.90000
    157     454718.60000
    158     446596.40000
    159     418520.60000
    160     411134.20000
    161     420144.40000
    162     427246.20000
    163     450649.20000
    164     490356.10000
    165     508637.50000
    166     501049.60000
    167     513907.50000
    168     535621.90000
    169     505857.40000
    170     463250.20000
    171     483518.40000
    172     548342.90000
    173     595993.50000
    174     595886.00000
    175     581030.90000
    176     618593.40000
    177     703108.90000
    178     760327.40000
    179     782959.90000
    180     836922.00000
    181     925988.20000
    182     989540.50000
    183    1020745.00000
    184    1080622.00000
    185    1225303.00000
    186    1458336.00000
    187    1677149.00000
    188    1784924.00000
    189    1852464.00000
    190    1983686.00000
    191    2255359.00000
    192    2727522.00000
    193    3445786.00000
    194    4562040.00000
    195    6625898.00000
    196    11406930.00000
    197    19385570.00000
    198    25165400.00000
    199    22899780.00000
    200    15395960.00000
    201    9243817.00000
    202    6218534.00000
    203    4957282.00000
    204    4513730.00000
    205    4405962.00000
    206    4461108.00000
    207    4704630.00000
    208    5123728.00000
    209    5743211.00000
    210    6760816.00000
    211    8483082.00000
    212    11664760.00000
    213    17171830.00000
    214    22966070.00000
    215    24195580.00000
    216    19659590.00000
    217    13575340.00000
    218    9472624.00000
    219    7416524.00000
    220    6475871.00000
    221    6145954.00000
    222    6067584.00000
    223    5986714.00000
    224    5958322.00000
    225    6178792.00000
    226    6513067.00000
    227    6615670.00000
    228    6690633.00000
    229    7227821.00000
    230    9483130.00000
    231    16096280.00000
    232    24973430.00000
    233    27227940.00000
    234    20097110.00000
    235    11244740.00000
    236    6147366.00000
    237    3867628.00000
    238    2794536.00000
    239    2284403.00000
    240    1992771.00000
    241    1813803.00000
    242    1695538.00000
    243    1623144.00000
    244    1532394.00000
    245    1398316.00000
    246    1275183.00000
    247    1171060.00000
    248    1067586.00000
    249     954747.20000
    250     859544.00000
    251     802261.40000
    252     764766.40000
    253     739372.20000
    254     717710.80000
    255     703910.00000
    256     709933.20000
    257     696161.10000
    258     636923.40000
    259     592684.20000
    260     591465.00000
    261     582521.10000
    262     551725.50000
    263     535119.50000
    264     548600.80000
    265     561143.10000
    266     545723.00000
    267     518041.90000
    268     491717.20000
    269     480605.50000
    270     496917.60000
    271     519397.10000
    272     533772.20000
    273     534431.90000
    274     509738.20000
    275     481433.10000
    276     492050.10000
    277     535717.60000
    278     536461.10000
    279     462779.10000
    280     411513.30000
    281     430753.40000
    282     436856.90000
    283     410050.70000
    284     395727.80000
    285     390911.90000
    286     408865.20000
    287     451109.50000
    288     456325.10000
    289     414607.80000
    290     383479.80000
    291     380929.20000
    292     395397.30000
    293     421076.70000
    294     411660.20000
    295     355512.90000
    296     336360.80000
    297     380016.50000
    298     417836.70000
    299     406002.40000
    300     362283.40000
    301     334787.10000
    302     344784.10000
    303     372689.10000
    304     388449.50000
    305     382553.20000
    306     381929.80000
    307     391862.20000
    308     387750.80000
    309     379305.70000
    310     380650.90000
    311     381836.70000
    312     392444.20000
    313     406076.60000
    314     378541.40000
    315     335754.80000
    316     341931.50000
    317     351231.60000
    318     314609.00000
    319     302063.20000
    320     349908.00000
    321     397587.50000
    322     409089.90000
    323     395046.00000
    324     374084.80000
    325     368187.30000
    326     375920.90000
    327     360157.70000
    328     317144.40000
    329     308169.00000
    330     347282.10000
    331     367079.00000
    332     341648.70000
    333     317001.20000
    334     339534.70000
    335     387249.80000
    336     385499.10000
    337     336083.70000
    338     303911.90000
    339     293313.00000
    340     294547.00000
    341     313997.20000
    342     310878.30000
    343     283217.40000
    344     290642.60000
    345     310774.20000
    346     306598.10000
    347     313900.40000
    348     317892.20000
    349     295709.70000
    350     293710.40000
    351     315173.90000
    352     330062.90000
    353     341943.50000
    354     343122.30000
    355     323731.90000
    356     303831.90000
    357     296752.80000
    358     295636.30000
    359     308400.40000
    360     342426.60000
    361     360030.20000
    362     347577.30000
    363     361961.70000
    364     397122.40000
    365     380982.50000
    366     323049.00000
    367     266569.90000
    368     221916.70000
    369     208877.60000
    370     232205.40000
    371     285800.10000
    372     357979.20000
    373     387967.80000
    374     344465.60000
    375     300484.60000
    376     312149.00000
    377     331414.40000
    378     324875.30000
    379     315173.20000
    380     300389.60000
    381     288107.90000
    382     294428.00000
    383     296988.40000
    384     294912.40000
    385     305397.40000
    386     323187.40000
    387     341155.40000
    388     340765.60000
    389     312066.00000
    390     282395.80000
    391     275489.50000
    392     288332.20000
    393     300844.20000
    394     303177.90000
    395     324787.80000
    396     383940.10000
    397     430400.20000
    398     403735.10000
    399     322962.80000
    400     261658.00000
    401     247251.00000
    402     252364.30000
    403     271047.90000
    404     317715.40000
    405     354350.60000
    406     336942.60000
    407     316918.80000
    408     331054.90000
    409     318108.00000
    410     281173.50000
    411     289165.10000
    412     319040.50000
    413     315936.00000
    414     302499.90000
    415     315580.80000
    416     335841.50000
    417     330119.40000
    418     312988.40000
    419     322049.40000
    420     333532.90000
    421     300611.30000
    422     272563.20000
    423     296417.80000
    424     307827.80000
    425     273511.20000
    426     249469.10000
    427     269431.10000
    428     299692.60000
    429     295504.90000
    430     287282.50000
    431     327318.80000
    432     374347.90000
    433     378946.20000
    434     357252.80000
    435     302340.80000
    436     235821.40000
    437     247806.80000
    438     313571.90000
    439     327182.90000
    440     312211.60000
    441     337043.50000
    442     373308.80000
    443     378015.70000
    444     362348.20000
    445     350058.60000
    446     341162.40000
    447     320020.50000
    448     307054.90000
    449     332711.90000
    450     348527.40000
    451     324614.80000
    452     318947.70000
    453     324542.70000
    454     290223.10000
    455     258073.80000
    456     276098.50000
    457     313565.10000
    458     342071.50000
    459     354073.70000
    460     331666.60000
    461     315220.30000
    462     350289.90000
    463     361907.40000
    464     305264.50000
    465     269644.20000
    466     286272.70000
    467     281479.10000
    468     249480.00000
    469     256506.40000
    470     293410.20000
    471     309444.70000
    472     325418.00000
    473     354489.10000
    474     352936.50000
    475     328119.90000
    476     327288.00000
    477     337711.70000
    478     315772.50000
    479     268048.10000
    480     247305.20000
    481     262854.90000
    482     270158.50000
    483     279998.80000
    484     315435.50000
    485     322248.90000
    486     290917.60000
    487     278063.10000
    488     278564.90000
    489     282139.70000
    490     313995.70000
    491     333397.10000
    492     301452.40000
    493     266299.10000
    494     272432.60000
    495     320461.10000
    496     351612.80000
    497     305554.90000
    498     255565.20000
    499     281165.10000
    500     336561.00000
    501     360776.30000
    502     339356.30000
    503     304129.90000
    504     286374.40000
    505     282510.40000
    506     297210.20000
    507     300628.30000
    508     272496.30000
    509     283010.40000
    510     326765.60000
    511     316945.20000
    512     294800.40000
    513     324656.60000
    514     344565.70000
    515     319424.70000
    516     296090.00000
    517     293697.60000
    518     301368.90000
    519     314419.00000
    520     322504.00000
    521     305582.10000
    522     280965.90000
    523     296799.60000
    524     329524.90000
    525     318596.10000
    526     280911.40000
    527     275203.10000
    528     316955.60000
    529     345479.20000
    530     313927.30000
    531     285600.00000
    532     289005.50000
    533     269404.80000
    534     259346.00000
    535     303539.20000
    536     348477.00000
    537     361777.70000
    538     353023.60000
    539     332213.30000
    540     314245.60000
    541     294264.60000
    542     275528.00000
    543     276376.60000
    544     294330.80000
    545     310235.50000
    546     305156.50000
    547     306436.40000
    548     341043.30000
    549     359045.10000
    550     348246.50000
    551     337871.80000
    552     298259.60000
    553     263881.40000
    554     290772.00000
    555     312565.50000
    556     317411.20000
    557     344169.20000
    558     335690.10000
    559     294546.20000
    560     292614.40000
    561     320191.70000
    562     334492.50000
    563     329453.70000
    564     335142.80000
    565     355539.20000
    566     338293.00000
    567     294483.00000
    568     304297.90000
    569     358965.20000
    570     375332.30000
    571     337413.90000
    572     296034.10000
    573     286189.10000
    574     301561.70000
    575     327851.70000
    576     361158.50000
    577     378641.70000
    578     364358.70000
    579     347607.50000
    580     361060.30000
    581     385400.70000
    582     361189.00000
    583     302251.00000
    584     287212.60000
    585     310314.00000
    586     327912.40000
    587     345485.10000
    588     359338.00000
    589     352575.60000
    590     334886.20000
    591     329326.10000
    592     329051.10000
    593     311330.00000
    594     301628.40000
    595     333853.90000
    596     385259.30000
    597     410536.10000
    598     378307.50000
    599     298367.30000
    600     241147.20000
    601     256133.00000
    602     294667.60000
    603     296685.70000
    604     278722.50000
    605     271373.70000
    606     282731.70000
    607     314003.40000
    608     329815.30000
    609     311897.50000
    610     299652.10000
    611     305616.30000
    612     317672.50000
    613     333953.10000
    614     349691.30000
    615     366503.90000
    616     372566.00000
    617     367281.10000
    618     367737.30000
    619     356161.90000
    620     339340.60000
    621     353181.80000
    622     375279.90000
    623     366965.20000
    624     343663.70000
    625     346161.90000
    626     379710.60000
    627     409413.60000
    628     414610.90000
    629     406774.50000
    630     392323.00000
    631     379428.10000
    632     399004.90000
    633     438877.80000
    634     441514.10000
    635     397182.60000
    636     335081.40000
    637     289332.40000
    638     304034.50000
    639     370443.20000
    640     417454.80000
    641     415128.00000
    642     395740.70000
    643     395284.00000
    644     408856.60000
    645     383255.70000
    646     335890.80000
