      1      84874.25000
      2      82110.88000
      3      31877.88000
      4      -5588.50000
      5       8202.62500
      6      25577.75000
      7      13989.00000
      8       1451.87500
      9      -1201.00000
     10      -1889.50000
     11      11110.75000
     12      38603.62000
     13      48613.50000
     14      41652.62000
     15      61649.75000
     16      83450.38000
     17      45015.38000
     18     -19441.88000
     19     -32928.62000
     20       6342.50000
     21      35214.00000
     22      27609.50000
     23      30231.75000
     24      63754.75000
     25      74830.50000
     26      18744.00000
     27     -63400.38000
     28     -89389.75000
     29     -48706.38000
     30       3256.37500
     31      32273.38000
     32      36186.25000
     33      29967.25000
     34      26804.62000
     35      24932.38000
     36      34512.88000
     37      46316.38000
     38      20192.50000
     39     -31252.38000
     40     -52941.88000
     41     -21718.00000
     42      29700.50000
     43      53111.12000
     44      46975.75000
     45      19261.12000
     46      -1031.75000
     47      35566.00000
     48      69414.00000
     49      57837.62000
     50      71498.50000
     51      91778.50000
     52      73960.38000
     53      63336.12000
     54      54066.75000
     55      15422.50000
     56     -17947.25000
     57     -13366.75000
     58      21505.62000
     59      54322.38000
     60      66023.00000
     61      82318.38000
     62     110543.60000
     63     115087.60000
     64     106510.10000
     65     137039.50000
     66     200742.80000
     67     240433.50000
     68     242527.00000
     69     256241.80000
     70     304295.50000
     71     350796.80000
     72     369718.50000
     73     380624.00000
     74     411052.50000
     75     465821.80000
     76     552052.00000
     77     654828.80000
     78     708130.50000
     79     700741.00000
     80     721179.80000
     81     841463.50000
     82    1016288.00000
     83    1158540.00000
     84    1245556.00000
     85    1240760.00000
     86    1141665.00000
     87    1090317.00000
     88    1160330.00000
     89    1283903.00000
     90    1452805.00000
     91    1720434.00000
     92    2113189.00000
     93    2662948.00000
     94    3386746.00000
     95    4337039.00000
     96    5756684.00000
     97    8056131.00000
     98    12011780.00000
     99    17802380.00000
    100    22418760.00000
    101    21859740.00000
    102    17271050.00000
    103    13416400.00000
    104    12152200.00000
    105    12205410.00000
    106    12204720.00000
    107    11389790.00000
    108    9711860.00000
    109    7739744.00000
    110    5990413.00000
    111    4622528.00000
    112    3603276.00000
    113    2887018.00000
    114    2385344.00000
    115    1987997.00000
    116    1679832.00000
    117    1462272.00000
    118    1279670.00000
    119    1115300.00000
    120     997460.90000
    121     909510.20000
    122     821463.10000
    123     756220.50000
    124     732558.60000
    125     716094.60000
    126     696050.10000
    127     690627.20000
    128     667806.90000
    129     636669.60000
    130     669609.20000
    131     733188.20000
    132     743151.40000
    133     706188.20000
    134     656464.00000
    135     602887.10000
    136     556966.90000
    137     529106.40000
    138     516922.20000
    139     513183.50000
    140     508004.80000
    141     505359.40000
    142     507610.30000
    143     474789.00000
    144     399730.30000
    145     334899.90000
    146     295803.60000
    147     274223.70000
    148     278428.00000
    149     298448.20000
    150     305566.80000
    151     290505.60000
    152     279606.60000
    153     291181.00000
    154     308618.00000
    155     310340.20000
    156     294471.10000
    157     281864.50000
    158     281565.90000
    159     277523.10000
    160     277331.20000
    161     288625.20000
    162     275537.60000
    163     240115.40000
    164     230196.10000
    165     231355.50000
    166     212582.90000
    167     201038.90000
    168     212694.00000
    169     230157.50000
    170     254538.00000
    171     284551.20000
    172     299348.20000
    173     316477.00000
    174     357781.80000
    175     387133.20000
    176     406644.20000
    177     471395.80000
    178     563353.80000
    179     604270.20000
    180     588181.50000
    181     583883.20000
    182     614301.20000
    183     679409.50000
    184     818648.00000
    185    1006552.00000
    186    1160767.00000
    187    1262283.00000
    188    1339266.00000
    189    1444956.00000
    190    1663076.00000
    191    2035022.00000
    192    2551222.00000
    193    3235539.00000
    194    4256778.00000
    195    5919981.00000
    196    8665789.00000
    197    13359830.00000
    198    19967220.00000
    199    25007700.00000
    200    24230220.00000
    201    18563640.00000
    202    12707030.00000
    203    9132252.00000
    204    7399592.00000
    205    6688246.00000
    206    6565984.00000
    207    6820319.00000
    208    7291140.00000
    209    7872653.00000
    210    8723972.00000
    211    10084070.00000
    212    11989360.00000
    213    14394080.00000
    214    17780010.00000
    215    23133860.00000
    216    29088860.00000
    217    30799630.00000
    218    26058290.00000
    219    18911880.00000
    220    13861390.00000
    221    11673200.00000
    222    11616400.00000
    223    14350500.00000
    224    20930250.00000
    225    27389630.00000
    226    26797240.00000
    227    19750980.00000
    228    12947360.00000
    229    9440523.00000
    230    8423126.00000
    231    9495759.00000
    232    14036140.00000
    233    21467050.00000
    234    25110790.00000
    235    20363040.00000
    236    12311040.00000
    237    7030201.00000
    238    4673004.00000
    239    3591324.00000
    240    3042958.00000
    241    2721774.00000
    242    2580041.00000
    243    2501985.00000
    244    2332801.00000
    245    2094427.00000
    246    1899655.00000
    247    1785224.00000
    248    1683180.00000
    249    1560304.00000
    250    1447315.00000
    251    1375903.00000
    252    1330728.00000
    253    1280376.00000
    254    1233545.00000
    255    1174054.00000
    256    1076036.00000
    257     987481.80000
    258     960905.40000
    259     983150.50000
    260     998425.60000
    261     960407.60000
    262     894745.90000
    263     862097.40000
    264     859288.10000
    265     849577.40000
    266     828279.40000
    267     822065.40000
    268     844510.40000
    269     845478.20000
    270     798992.20000
    271     752034.80000
    272     721769.00000
    273     713424.50000
    274     748078.80000
    275     775858.20000
    276     729570.50000
    277     652248.40000
    278     619441.90000
    279     617063.00000
    280     623989.00000
    281     655357.90000
    282     690318.10000
    283     703391.80000
    284     699908.20000
    285     698311.60000
    286     709473.10000
    287     717341.70000
    288     719392.40000
    289     719746.70000
    290     701956.80000
    291     672389.30000
    292     647743.40000
    293     630483.90000
    294     625893.20000
    295     640816.40000
    296     684197.40000
    297     732982.30000
    298     734045.40000
    299     692150.80000
    300     670770.40000
    301     705470.50000
    302     758074.40000
    303     759268.00000
    304     718760.10000
    305     706626.10000
    306     727205.90000
    307     736313.90000
    308     728478.10000
    309     748007.50000
    310     818606.10000
    311     870502.70000
    312     853541.80000
    313     834445.20000
    314     852409.30000
    315     878133.70000
    316     908046.00000
    317     929298.90000
    318     940520.00000
    319     996837.70000
    320    1094066.00000
    321    1170970.00000
    322    1225507.00000
    323    1272957.00000
    324    1302214.00000
    325    1325549.00000
    326    1370892.00000
    327    1431781.00000
    328    1473621.00000
    329    1491851.00000
    330    1520868.00000
    331    1563296.00000
    332    1578527.00000
    333    1550974.00000
    334    1496161.00000
    335    1446394.00000
    336    1434869.00000
    337    1417514.00000
    338    1344435.00000
    339    1268752.00000
    340    1218952.00000
    341    1166186.00000
    342    1127244.00000
    343    1112143.00000
    344    1085381.00000
    345    1033704.00000
    346     998125.50000
    347    1003401.00000
    348     981860.00000
    349     883013.50000
    350     782163.10000
    351     742351.60000
    352     721366.40000
    353     703987.40000
    354     710074.50000
    355     700518.40000
    356     669816.90000
    357     653130.90000
    358     629142.70000
    359     603170.50000
    360     606321.30000
    361     607591.10000
    362     593550.50000
    363     590080.90000
    364     592532.10000
    365     597085.20000
    366     607994.50000
    367     606262.40000
    368     604911.10000
    369     634111.20000
    370     646343.50000
    371     600187.90000
    372     565452.60000
    373     579335.60000
    374     570400.90000
    375     534803.20000
    376     532508.30000
    377     533444.40000
    378     507135.80000
    379     499822.00000
    380     526908.50000
    381     543834.60000
    382     517410.70000
    383     486637.40000
    384     498256.00000
    385     515249.30000
    386     506764.40000
    387     501186.80000
    388     494783.50000
    389     470323.10000
    390     466604.30000
    391     502820.80000
    392     526879.90000
    393     515119.90000
    394     503731.80000
    395     504565.20000
    396     498858.00000
    397     489906.40000
    398     481193.20000
    399     459173.30000
    400     449421.50000
    401     472316.30000
    402     478923.90000
    403     455328.40000
    404     447435.80000
    405     462640.50000
    406     487381.60000
    407     517900.90000
    408     521714.80000
    409     474050.40000
    410     424975.90000
    411     427879.70000
    412     449055.60000
    413     444340.70000
    414     424543.80000
    415     402086.10000
    416     391876.80000
    417     415548.50000
    418     446331.30000
    419     447504.90000
    420     425751.80000
    421     410522.50000
    422     434026.00000
    423     479327.90000
    424     497557.40000
    425     482537.10000
    426     458514.10000
    427     473954.20000
    428     529478.70000
    429     555189.10000
    430     569000.90000
    431     601242.50000
    432     588903.80000
    433     547452.50000
    434     545576.10000
    435     560588.50000
    436     542687.50000
    437     500276.70000
    438     502900.20000
    439     565322.10000
    440     589121.50000
    441     541921.90000
    442     502576.60000
    443     505101.80000
    444     525520.90000
    445     541866.40000
    446     550769.20000
    447     564857.40000
    448     583908.90000
    449     603692.10000
    450     610049.00000
    451     583665.80000
    452     567578.20000
    453     605123.30000
    454     647530.10000
    455     654809.10000
    456     676569.70000
    457     734320.20000
    458     765974.50000
    459     772378.00000
    460     803548.10000
    461     821190.50000
    462     816895.10000
    463     851182.40000
    464     894855.60000
    465     909472.20000
    466     944189.10000
    467    1004064.00000
    468    1035306.00000
    469    1060021.00000
    470    1142459.00000
    471    1245293.00000
    472    1297269.00000
    473    1322166.00000
    474    1360882.00000
    475    1428908.00000
    476    1552705.00000
    477    1699323.00000
    478    1788947.00000
    479    1827965.00000
    480    1893939.00000
    481    1991316.00000
    482    2056170.00000
    483    2093913.00000
    484    2154209.00000
    485    2211056.00000
    486    2211247.00000
    487    2184862.00000
    488    2190723.00000
    489    2197908.00000
    490    2151793.00000
    491    2069034.00000
    492    1975021.00000
    493    1875521.00000
    494    1769948.00000
    495    1659781.00000
    496    1581553.00000
    497    1535584.00000
    498    1467343.00000
    499    1376349.00000
    500    1285324.00000
    501    1190077.00000
    502    1117094.00000
    503    1085146.00000
    504    1053616.00000
    505     998252.10000
    506     954788.20000
    507     947464.20000
    508     939263.10000
    509     903046.90000
    510     873434.40000
    511     866132.30000
    512     849578.20000
    513     824821.10000
    514     821085.90000
    515     825345.00000
    516     803647.30000
    517     762476.80000
    518     727495.50000
    519     703624.10000
    520     697997.10000
    521     727695.20000
    522     763792.40000
    523     742362.10000
    524     693658.10000
    525     709763.90000
    526     750699.90000
    527     724714.60000
    528     674758.20000
    529     667576.00000
    530     684092.10000
    531     700064.40000
    532     712129.60000
    533     710166.40000
    534     704916.40000
    535     743227.40000
    536     827484.80000
    537     872936.00000
    538     864014.60000
    539     896363.20000
    540     982579.50000
    541    1060870.00000
    542    1125732.00000
    543    1210819.00000
    544    1349859.00000
    545    1515812.00000
    546    1665434.00000
    547    1853265.00000
    548    2128537.00000
    549    2457335.00000
    550    2798810.00000
    551    3122714.00000
    552    3389029.00000
    553    3534936.00000
    554    3496872.00000
    555    3254252.00000
    556    2853065.00000
    557    2410844.00000
    558    2036940.00000
    559    1747882.00000
    560    1514485.00000
    561    1335771.00000
    562    1203581.00000
    563    1082884.00000
    564     988542.50000
    565     943463.10000
    566     897862.50000
    567     830432.50000
    568     772846.60000
    569     716725.10000
    570     653132.60000
    571     602450.90000
    572     578881.30000
    573     590742.90000
    574     603070.90000
    575     581818.20000
    576     557360.90000
    577     537995.30000
    578     520713.70000
    579     522002.40000
    580     519668.80000
    581     514633.20000
    582     518659.00000
    583     494414.70000
    584     444458.50000
    585     421073.30000
    586     447040.40000
    587     482314.40000
    588     477775.10000
    589     458101.70000
    590     462630.90000
    591     474426.20000
    592     460732.60000
    593     427376.50000
    594     418426.60000
    595     431408.70000
    596     421193.80000
    597     399289.40000
    598     393446.20000
    599     392388.20000
    600     391425.30000
    601     391025.00000
    602     387102.60000
    603     393184.30000
    604     408400.50000
    605     407044.20000
    606     385367.20000
    607     353798.10000
    608     323208.90000
    609     332602.00000
    610     393987.90000
    611     433421.10000
    612     396622.80000
    613     348445.80000
    614     366247.60000
    615     409580.60000
    616     413225.10000
    617     400454.60000
    618     396788.70000
    619     393324.80000
    620     391451.10000
    621     382159.30000
    622     368882.20000
    623     356475.20000
    624     334677.70000
    625     350673.20000
    626     430807.10000
    627     485471.90000
    628     459004.80000
    629     417610.40000
    630     394651.60000
    631     361315.10000
    632     353933.10000
    633     381010.90000
    634     376246.80000
    635     364199.00000
    636     395326.00000
    637     433197.20000
    638     444419.60000
    639     429894.40000
    640     404300.00000
    641     384658.50000
    642     373977.20000
    643     380050.20000
    644     394933.80000
    645     392458.80000
    646     386000.00000
