      1     114476.40000
      2     101823.70000
      3     120865.50000
      4     129205.30000
      5     131066.50000
      6     137822.50000
      7     131467.10000
      8     136534.40000
      9     162618.60000
     10     164833.80000
     11     138322.40000
     12     121066.20000
     13     113834.20000
     14      98892.94000
     15     102631.90000
     16     130674.70000
     17     118964.80000
     18      74648.38000
     19      83915.06000
     20     121722.50000
     21     116935.20000
     22     119573.60000
     23     170234.10000
     24     203538.40000
     25     181464.60000
     26     140793.50000
     27     117200.80000
     28     115094.10000
     29     137810.50000
     30     184303.10000
     31     211081.70000
     32     193683.40000
     33     174809.50000
     34     180385.80000
     35     195470.90000
     36     203302.80000
     37     188678.10000
     38     158121.00000
     39     131530.80000
     40     125499.50000
     41     150696.80000
     42     174355.90000
     43     167726.50000
     44     163279.00000
     45     170416.00000
     46     173373.20000
     47     188366.10000
     48     194804.00000
     49     170980.50000
     50     171512.50000
     51     198372.80000
     52     191240.60000
     53     172172.20000
     54     185294.20000
     55     220079.40000
     56     268305.00000
     57     307799.80000
     58     314564.00000
     59     324064.50000
     60     348870.90000
     61     355898.20000
     62     376359.90000
     63     435289.60000
     64     468227.50000
     65     451926.10000
     66     449844.90000
     67     492113.40000
     68     528634.00000
     69     526991.80000
     70     536014.10000
     71     584468.80000
     72     643381.10000
     73     692475.20000
     74     731542.60000
     75     787296.00000
     76     853802.80000
     77     873559.90000
     78     877686.50000
     79     942579.50000
     80    1058576.00000
     81    1201902.00000
     82    1364163.00000
     83    1505026.00000
     84    1601778.00000
     85    1699180.00000
     86    1879614.00000
     87    2177490.00000
     88    2570475.00000
     89    3101275.00000
     90    3921645.00000
     91    5199988.00000
     92    7085176.00000
     93    9613135.00000
     94    12626860.00000
     95    16121100.00000
     96    19825290.00000
     97    21797400.00000
     98    19838500.00000
     99    14942360.00000
    100    10264970.00000
    101    7277558.00000
    102    5527270.00000
    103    4438832.00000
    104    3709279.00000
    105    3173707.00000
    106    2788180.00000
    107    2484357.00000
    108    2184774.00000
    109    1894930.00000
    110    1653053.00000
    111    1474026.00000
    112    1329638.00000
    113    1173802.00000
    114    1019901.00000
    115     912803.60000
    116     853864.90000
    117     806239.40000
    118     739880.60000
    119     673647.50000
    120     634749.00000
    121     623768.30000
    122     626792.20000
    123     616869.50000
    124     608819.10000
    125     614722.80000
    126     572887.30000
    127     483078.70000
    128     437483.00000
    129     455068.00000
    130     461794.30000
    131     424100.10000
    132     392140.40000
    133     402318.90000
    134     426485.30000
    135     433378.60000
    136     423632.10000
    137     417529.60000
    138     427981.20000
    139     436622.20000
    140     439630.40000
    141     453768.80000
    142     464569.60000
    143     473100.40000
    144     486361.80000
    145     466795.10000
    146     421485.80000
    147     401457.10000
    148     404230.40000
    149     388755.10000
    150     339330.10000
    151     293526.40000
    152     282974.50000
    153     280993.30000
    154     269204.90000
    155     280969.90000
    156     326904.90000
    157     356338.40000
    158     345649.40000
    159     326300.50000
    160     321022.60000
    161     345073.10000
    162     391835.10000
    163     415368.50000
    164     402274.10000
    165     382994.50000
    166     378600.00000
    167     407330.90000
    168     459159.50000
    169     483255.90000
    170     492221.90000
    171     542535.00000
    172     615947.80000
    173     671534.60000
    174     696158.60000
    175     693031.40000
    176     708661.90000
    177     768068.20000
    178     834969.80000
    179     898807.80000
    180     973390.00000
    181    1058277.00000
    182    1166155.00000
    183    1284073.00000
    184    1365573.00000
    185    1444152.00000
    186    1594020.00000
    187    1787430.00000
    188    1989878.00000
    189    2268514.00000
    190    2650643.00000
    191    3121232.00000
    192    3760016.00000
    193    4667221.00000
    194    5961575.00000
    195    7873386.00000
    196    10565340.00000
    197    13903900.00000
    198    17283800.00000
    199    19545820.00000
    200    19618450.00000
    201    17596640.00000
    202    14678850.00000
    203    11977630.00000
    204    9913096.00000
    205    8474838.00000
    206    7515411.00000
    207    6850623.00000
    208    6349500.00000
    209    6045044.00000
    210    6044278.00000
    211    6416818.00000
    212    7227894.00000
    213    8938470.00000
    214    12626770.00000
    215    17771060.00000
    216    20599970.00000
    217    18454000.00000
    218    13811500.00000
    219    10555060.00000
    220    9923830.00000
    221    12333630.00000
    222    17721600.00000
    223    22279990.00000
    224    21285220.00000
    225    15825960.00000
    226    10632370.00000
    227    7726362.00000
    228    6622094.00000
    229    6733820.00000
    230    8668515.00000
    231    13688850.00000
    232    18942900.00000
    233    18649090.00000
    234    13006380.00000
    235    7442701.00000
    236    4418523.00000
    237    3016521.00000
    238    2342734.00000
    239    1978733.00000
    240    1762340.00000
    241    1676406.00000
    242    1656123.00000
    243    1594725.00000
    244    1442393.00000
    245    1292427.00000
    246    1203058.00000
    247    1121649.00000
    248    1003701.00000
    249     869242.50000
    250     795445.00000
    251     780223.50000
    252     755488.50000
    253     724659.40000
    254     697797.40000
    255     640756.40000
    256     570915.10000
    257     544978.20000
    258     545970.20000
    259     537142.10000
    260     540117.20000
    261     550466.40000
    262     540773.00000
    263     511809.10000
    264     465449.40000
    265     434416.40000
    266     447252.60000
    267     447394.50000
    268     415429.80000
    269     426529.20000
    270     475279.10000
    271     491846.20000
    272     484471.00000
    273     478811.10000
    274     472747.20000
    275     466291.20000
    276     438650.60000
    277     392542.20000
    278     375331.20000
    279     386553.80000
    280     383086.80000
    281     361085.10000
    282     340796.10000
    283     341764.60000
    284     369977.10000
    285     389764.80000
    286     381085.20000
    287     373118.10000
    288     386176.70000
    289     412386.40000
    290     412272.00000
    291     366148.50000
    292     334931.20000
    293     346876.90000
    294     347176.30000
    295     335349.10000
    296     358026.30000
    297     399221.10000
    298     420644.80000
    299     428512.70000
    300     426112.30000
    301     386126.70000
    302     332203.30000
    303     322676.40000
    304     331132.20000
    305     325641.40000
    306     344437.90000
    307     369650.10000
    308     357973.80000
    309     346244.10000
    310     363915.60000
    311     384197.90000
    312     385410.90000
    313     389553.60000
    314     425807.10000
    315     467872.50000
    316     477669.10000
    317     452980.90000
    318     418103.10000
    319     416939.00000
    320     438387.20000
    321     438843.90000
    322     438009.40000
    323     447259.00000
    324     449368.30000
    325     452431.90000
    326     452483.10000
    327     453025.30000
    328     464439.80000
    329     463736.20000
    330     465025.70000
    331     507604.90000
    332     542906.40000
    333     504622.30000
    334     450469.20000
    335     460193.20000
    336     493949.00000
    337     499936.60000
    338     483058.10000
    339     436390.90000
    340     378468.00000
    341     362568.80000
    342     389167.10000
    343     413402.90000
    344     410868.90000
    345     379160.30000
    346     332381.80000
    347     324830.10000
    348     370238.90000
    349     387865.00000
    350     355340.90000
    351     337823.70000
    352     351163.50000
    353     355715.30000
    354     320150.70000
    355     281837.80000
    356     301448.20000
    357     333554.80000
    358     317625.20000
    359     310749.00000
    360     361831.80000
    361     389933.90000
    362     327466.10000
    363     258690.80000
    364     271199.90000
    365     324775.80000
    366     339803.10000
    367     296721.30000
    368     258003.50000
    369     268367.20000
    370     284286.00000
    371     278840.90000
    372     280764.20000
    373     299151.70000
    374     308281.40000
    375     299977.30000
    376     296250.40000
    377     295665.80000
    378     294196.10000
    379     311321.90000
    380     325786.60000
    381     312738.60000
    382     295648.50000
    383     274267.10000
    384     253124.80000
    385     270583.40000
    386     290524.00000
    387     269767.80000
    388     256756.60000
    389     266949.00000
    390     274744.80000
    391     290240.90000
    392     298443.30000
    393     267058.00000
    394     233127.60000
    395     267330.60000
    396     328361.40000
    397     308832.40000
    398     253445.70000
    399     256645.00000
    400     270865.50000
    401     252841.80000
    402     238881.70000
    403     241851.80000
    404     252605.90000
    405     267831.50000
    406     288893.10000
    407     308218.00000
    408     310882.20000
    409     306884.40000
    410     296418.20000
    411     279531.10000
    412     287814.80000
    413     288408.40000
    414     238249.20000
    415     211199.50000
    416     247368.90000
    417     272549.40000
    418     262269.80000
    419     267160.20000
    420     296833.10000
    421     308890.50000
    422     287084.10000
    423     268561.10000
    424     277181.40000
    425     290798.90000
    426     305329.50000
    427     328655.40000
    428     336985.00000
    429     345320.80000
    430     380535.70000
    431     386886.50000
    432     347857.50000
    433     332703.70000
    434     333377.90000
    435     299903.50000
    436     264106.30000
    437     256212.70000
    438     259138.00000
    439     274562.20000
    440     302471.60000
    441     321005.10000
    442     324138.20000
    443     316722.80000
    444     298812.10000
    445     280657.60000
    446     275788.80000
    447     270218.80000
    448     254351.80000
    449     259558.50000
    450     289662.90000
    451     303467.40000
    452     288961.70000
    453     263985.20000
    454     251126.20000
    455     265259.00000
    456     290567.20000
    457     319102.60000
    458     343888.80000
    459     323289.70000
    460     281290.10000
    461     274084.20000
    462     263735.00000
    463     251401.80000
    464     278635.20000
    465     279011.20000
    466     234619.90000
    467     232905.10000
    468     283263.80000
    469     313993.40000
    470     279928.60000
    471     226719.60000
    472     227154.10000
    473     256245.50000
    474     264507.60000
    475     271697.20000
    476     286524.40000
    477     274907.40000
    478     233251.40000
    479     199482.80000
    480     204649.60000
    481     253221.90000
    482     308415.70000
    483     323085.10000
    484     310499.20000
    485     296079.60000
    486     269158.60000
    487     247975.00000
    488     257058.70000
    489     274353.50000
    490     276184.60000
    491     264855.00000
    492     266876.40000
    493     292185.40000
    494     304390.90000
    495     302845.80000
    496     319371.00000
    497     337080.60000
    498     346725.70000
    499     351115.60000
    500     308350.70000
    501     244439.60000
    502     246034.90000
    503     275149.80000
    504     269031.40000
    505     285941.80000
    506     331483.40000
    507     325511.00000
    508     286333.00000
    509     288965.10000
    510     325624.20000
    511     335350.90000
    512     300994.10000
    513     272876.60000
    514     285158.80000
    515     308907.10000
    516     319188.80000
    517     312079.70000
    518     302342.40000
    519     332838.60000
    520     377525.60000
    521     368379.10000
    522     331980.70000
    523     314902.60000
    524     315089.00000
    525     331757.20000
    526     359938.40000
    527     396839.80000
    528     430501.10000
    529     433418.70000
    530     420520.40000
    531     417573.20000
    532     419052.00000
    533     433031.00000
    534     465041.40000
    535     491173.40000
    536     520405.90000
    537     588663.00000
    538     660248.80000
    539     662035.10000
    540     618220.90000
    541     606298.60000
    542     612872.80000
    543     588891.20000
    544     557983.60000
    545     545793.90000
    546     527406.50000
    547     489189.80000
    548     446265.40000
    549     406918.40000
    550     375546.30000
    551     361883.70000
    552     353979.90000
    553     348577.00000
    554     363032.80000
    555     373651.90000
    556     357274.30000
    557     317914.80000
    558     264581.70000
    559     252035.80000
    560     291707.80000
    561     308373.40000
    562     283444.80000
    563     250643.70000
    564     235520.20000
    565     264211.00000
    566     301612.80000
    567     284233.60000
    568     240839.50000
    569     231188.80000
    570     231721.20000
    571     204989.30000
    572     185041.80000
    573     203592.90000
    574     227625.70000
    575     229283.40000
    576     231975.30000
    577     238804.70000
    578     219544.00000
    579     202148.40000
    580     221086.00000
    581     227772.90000
    582     200456.50000
    583     183856.80000
    584     191010.90000
    585     204284.30000
    586     209560.50000
    587     212993.30000
    588     224468.00000
    589     209113.90000
    590     166668.70000
    591     171334.30000
    592     219141.10000
    593     223446.70000
    594     187572.20000
    595     179035.80000
    596     200296.60000
    597     218312.60000
    598     218146.70000
    599     202241.60000
    600     183167.30000
    601     176158.50000
    602     196827.50000
    603     216603.80000
    604     211716.70000
    605     234795.50000
    606     274849.40000
    607     260695.10000
    608     240882.70000
    609     275792.90000
    610     297288.30000
    611     256808.80000
    612     206668.10000
    613     190124.60000
    614     205365.00000
    615     219730.20000
    616     208496.90000
    617     221439.80000
    618     267301.20000
    619     268590.50000
    620     226547.70000
    621     185802.40000
    622     157693.80000
    623     176287.50000
    624     233256.40000
    625     268279.80000
    626     271390.30000
    627     256756.30000
    628     231002.10000
    629     212141.20000
    630     205750.10000
    631     213013.40000
    632     226541.00000
    633     231126.80000
    634     248411.00000
    635     269437.40000
    636     252931.40000
    637     230861.20000
    638     226728.30000
    639     212875.00000
    640     194234.80000
    641     177042.20000
    642     178145.40000
    643     230608.20000
    644     276360.90000
    645     252575.50000
