      1     281132.40000
      2     263692.00000
      3     259935.90000
      4     240173.70000
      5     209885.30000
      6     215101.50000
      7     228020.70000
      8     192819.70000
      9     135664.50000
     10     104047.20000
     11      87282.41000
     12      80530.94000
     13      94236.03000
     14     101047.80000
     15      80825.72000
     16      53829.42000
     17      35256.39000
     18      24895.05000
     19      35780.22000
     20      55105.75000
     21      37145.62000
     22       2772.87500
     23       4837.90600
     24      10333.72000
     25     -36730.03000
     26     -94915.22000
     27     -81149.75000
     28      -6671.62500
     29      47796.69000
     30      37933.47000
     31     -26024.78000
     32     -88710.84000
     33    -101463.20000
     34     -83961.28000
     35     -75096.97000
     36     -82013.56000
     37     -99807.84000
     38    -111472.80000
     39    -102005.00000
     40     -85286.47000
     41     -89149.47000
     42    -120075.30000
     43    -131665.40000
     44     -99960.69000
     45     -79122.44000
     46     -88080.16000
     47    -110788.20000
     48    -145823.00000
     49    -162825.30000
     50    -159230.70000
     51    -149476.20000
     52    -113261.20000
     53     -92419.75000
     54    -137915.80000
     55    -183165.60000
     56    -171008.70000
     57    -151640.40000
     58    -154544.20000
     59    -158207.80000
     60    -158480.80000
     61    -137105.10000
     62     -81123.56000
     63     -40547.94000
     64     -50587.75000
     65     -62537.00000
     66     -32503.38000
     67      20625.94000
     68      91871.75000
     69     179330.20000
     70     245630.10000
     71     292666.90000
     72     364332.80000
     73     474518.40000
     74     644815.10000
     75     950637.40000
     76    1345239.00000
     77    1548572.00000
     78    1378047.00000
     79    1044002.00000
     80     861949.10000
     81     840657.80000
     82     846311.90000
     83     880232.40000
     84     985714.30000
     85    1178764.00000
     86    1418653.00000
     87    1686818.00000
     88    2063738.00000
     89    2604058.00000
     90    3408204.00000
     91    4693477.00000
     92    7522896.00000
     93    13838420.00000
     94    22876090.00000
     95    29259250.00000
     96    28005170.00000
     97    20103360.00000
     98    11362340.00000
     99    6060679.00000
    100    3780600.00000
    101    2625272.00000
    102    1887098.00000
    103    1416662.00000
    104    1121074.00000
    105     958876.90000
    106     874157.90000
    107     840929.80000
    108     897408.50000
    109    1134983.00000
    110    1399741.00000
    111    1337982.00000
    112     963167.60000
    113     610526.40000
    114     413008.60000
    115     302641.20000
    116     277203.30000
    117     339573.20000
    118     424525.00000
    119     461184.80000
    120     396993.90000
    121     275857.10000
    122     190006.80000
    123     138389.60000
    124      90928.00000
    125      54065.56000
    126      24383.62000
    127     -18065.38000
    128     -78161.62000
    129    -120709.40000
    130    -106851.00000
    131     -81926.75000
    132    -110951.60000
    133    -125447.40000
    134     -57057.06000
    135       4611.68800
    136      -4310.00000
    137     -24926.62000
    138     -18837.88000
    139     -11520.25000
    140     -16036.19000
    141      -1163.62500
    142      55396.06000
    143      96482.38000
    144      37397.44000
    145     -56864.31000
    146     -56396.75000
    147     -21935.00000
    148     -51305.62000
    149     -89332.12000
    150     -98740.94000
    151    -121813.70000
    152    -159170.00000
    153    -169967.20000
    154    -160311.80000
    155    -154235.40000
    156    -127888.30000
    157     -77787.62000
    158     -55289.00000
    159     -84299.19000
    160    -126604.80000
    161    -146950.40000
    162    -133525.90000
    163     -73506.31000
    164     -15895.88000
    165     -14968.50000
    166     -17013.38000
    167      21230.88000
    168      48334.25000
    169      26323.25000
    170      -7953.75000
    171     -10059.50000
    172      20764.12000
    173      74181.50000
    174     139290.60000
    175     188983.10000
    176     196691.90000
    177     189218.80000
    178     214243.30000
    179     265985.80000
    180     344282.10000
    181     447463.50000
    182     520636.50000
    183     558586.60000
    184     617437.30000
    185     711766.70000
    186     842566.40000
    187    1056704.00000
    188    1331928.00000
    189    1575536.00000
    190    1805975.00000
    191    2097896.00000
    192    2495554.00000
    193    3128104.00000
    194    4179066.00000
    195    5820667.00000
    196    8659269.00000
    197    13497670.00000
    198    18877340.00000
    199    20728120.00000
    200    17399810.00000
    201    12100050.00000
    202    8274418.00000
    203    6397802.00000
    204    5754148.00000
    205    5932759.00000
    206    6620906.00000
    207    7449362.00000
    208    8961229.00000
    209    12828200.00000
    210    17848220.00000
    211    19171520.00000
    212    15837230.00000
    213    12403440.00000
    214    12223960.00000
    215    15720270.00000
    216    20564710.00000
    217    21600740.00000
    218    17264240.00000
    219    11997500.00000
    220    9214630.00000
    221    8671062.00000
    222    9447641.00000
    223    12018210.00000
    224    18096210.00000
    225    26026770.00000
    226    30681750.00000
    227    30334630.00000
    228    25980900.00000
    229    18411430.00000
    230    10854790.00000
    231    6499768.00000
    232    4903302.00000
    233    4523793.00000
    234    4340280.00000
    235    3788641.00000
    236    3047842.00000
    237    2381440.00000
    238    1839707.00000
    239    1472932.00000
    240    1274958.00000
    241    1148425.00000
    242    1038793.00000
    243     990173.90000
    244     950170.90000
    245     831593.60000
    246     679040.20000
    247     547562.90000
    248     456064.30000
    249     400189.20000
    250     347320.50000
    251     297424.60000
    252     270869.60000
    253     248169.90000
    254     220232.60000
    255     219269.00000
    256     216109.20000
    257     157843.90000
    258      99751.56000
    259     115563.50000
    260     169442.50000
    261     163209.10000
    262      87494.91000
    263      60862.53000
    264     122244.10000
    265     156652.10000
    266     117795.20000
    267      74283.00000
    268      62084.84000
    269      67180.06000
    270      69883.72000
    271      66360.47000
    272      71771.31000
    273      96904.72000
    274     124135.80000
    275     124426.90000
    276     105418.80000
    277      92291.09000
    278     105281.80000
    279     142812.80000
    280     145735.50000
    281      99732.91000
    282      77609.22000
    283     101216.80000
    284     112208.80000
    285      80618.41000
    286      47353.12000
    287      36640.09000
    288      43869.81000
    289      81654.34000
    290     124621.80000
    291     154945.30000
    292     185063.80000
    293     169738.80000
    294     101786.10000
    295      61412.22000
    296      80547.28000
    297     123657.80000
    298     152492.20000
    299     145173.20000
    300     114450.20000
    301     111051.10000
    302     156993.80000
    303     197718.10000
    304     191361.80000
    305     192822.20000
    306     251629.50000
    307     311720.40000
    308     329527.30000
    309     346862.20000
    310     368050.60000
    311     370456.60000
    312     386893.90000
    313     407536.50000
    314     398912.90000
    315     423992.20000
    316     509884.80000
    317     596761.50000
    318     688653.90000
    319     777039.20000
    320     810770.80000
    321     859122.50000
    322     992714.50000
    323    1165716.00000
    324    1357048.00000
    325    1570165.00000
    326    1826639.00000
    327    2201749.00000
    328    2680112.00000
    329    3184457.00000
    330    3727917.00000
    331    4333720.00000
    332    4938760.00000
    333    5397593.00000
    334    5561856.00000
    335    5388328.00000
    336    4936282.00000
    337    4335492.00000
    338    3708592.00000
    339    3090073.00000
    340    2505402.00000
    341    2009421.00000
    342    1634637.00000
    343    1365466.00000
    344    1123591.00000
    345     881785.60000
    346     720756.20000
    347     643084.80000
    348     559624.00000
    349     468514.80000
    350     412651.20000
    351     364623.80000
    352     286851.20000
    353     203581.80000
    354     168399.20000
    355     184477.80000
    356     179571.80000
    357     114560.90000
    358      56559.94000
    359      43077.38000
    360      21156.69000
    361      -9002.93800
    362       3550.06200
    363      32238.38000
    364      12281.81000
    365     -39207.75000
    366     -54619.38000
    367     -45665.38000
    368     -70346.56000
    369    -117043.10000
    370    -136257.50000
    371    -112664.80000
    372     -76847.38000
    373     -67437.06000
    374     -89636.00000
    375    -125792.90000
    376    -151354.80000
    377    -156429.80000
    378    -155784.40000
    379    -167162.10000
    380    -182768.50000
    381    -162751.60000
    382    -119387.40000
    383    -123903.80000
    384    -175341.00000
    385    -211103.80000
    386    -209454.50000
    387    -194418.30000
    388    -196218.10000
    389    -213962.30000
    390    -225033.30000
    391    -226338.60000
    392    -224969.40000
    393    -224301.90000
    394    -223824.90000
    395    -209291.60000
    396    -199285.20000
    397    -231366.30000
    398    -267920.50000
    399    -267956.60000
    400    -253167.40000
    401    -229571.90000
    402    -214318.00000
    403    -250130.20000
    404    -319520.80000
    405    -366445.90000
    406    -360126.20000
    407    -310591.20000
    408    -275310.20000
    409    -294173.40000
    410    -306588.10000
    411    -256593.20000
    412    -215344.90000
    413    -236948.80000
    414    -264632.80000
    415    -268606.60000
    416    -273532.00000
    417    -268832.90000
    418    -214661.60000
    419    -134004.80000
    420    -105144.70000
    421    -127692.60000
    422    -162067.10000
    423    -208407.50000
    424    -227003.90000
    425    -216211.90000
    426    -236287.20000
    427    -252553.10000
    428    -241419.10000
    429    -266101.10000
    430    -305576.90000
    431    -295571.20000
    432    -273934.90000
    433    -286819.20000
    434    -280277.50000
    435    -224964.00000
    436    -185317.20000
    437    -185022.80000
    438    -186158.20000
    439    -159454.90000
    440    -114735.60000
    441    -118041.20000
    442    -185496.70000
    443    -229663.80000
    444    -189185.10000
    445    -104996.60000
    446     -48421.75000
    447     -11020.38000
    448      39169.00000
    449      52156.25000
    450      17778.00000
    451       6998.12500
    452      22526.62000
    453      38833.75000
    454      79300.50000
    455     121754.90000
    456     123365.60000
    457     130173.10000
    458     191606.50000
    459     254524.10000
    460     272798.20000
    461     295001.50000
    462     349653.00000
    463     396450.90000
    464     418626.20000
    465     448338.80000
    466     519488.50000
    467     615428.90000
    468     699072.80000
    469     784354.00000
    470     876877.50000
    471     954999.80000
    472    1054847.00000
    473    1195738.00000
    474    1319516.00000
    475    1414289.00000
    476    1521601.00000
    477    1659468.00000
    478    1849277.00000
    479    2083521.00000
    480    2324689.00000
    481    2591920.00000
    482    2902990.00000
    483    3238965.00000
    484    3623754.00000
    485    4088305.00000
    486    4586230.00000
    487    5003427.00000
    488    5261761.00000
    489    5342820.00000
    490    5186194.00000
    491    4756954.00000
    492    4144031.00000
    493    3462830.00000
    494    2818091.00000
    495    2285685.00000
    496    1856893.00000
    497    1510888.00000
    498    1245818.00000
    499    1051547.00000
    500     911604.50000
    501     772229.90000
    502     613384.90000
    503     490908.00000
    504     413496.50000
    505     349187.20000
    506     305563.80000
    507     293281.80000
    508     289802.40000
    509     255914.10000
    510     202868.10000
    511     191594.80000
    512     215857.40000
    513     231814.80000
    514     252672.10000
    515     254807.80000
    516     193362.10000
    517     143975.50000
    518     163569.60000
    519     175479.80000
    520     141881.20000
    521     106013.50000
    522      93883.12000
    523      93026.12000
    524      74484.88000
    525      67570.75000
    526     121393.10000
    527     172117.80000
    528     160684.50000
    529     153171.80000
    530     177149.60000
    531     203502.90000
    532     261154.10000
    533     333518.40000
    534     352729.80000
    535     330937.90000
    536     298444.60000
    537     256706.90000
    538     230614.00000
    539     231306.20000
    540     238914.20000
    541     249708.10000
    542     259516.00000
    543     235220.60000
    544     176077.50000
    545     160665.60000
    546     230912.80000
    547     286715.90000
    548     247117.10000
    549     195542.80000
    550     205424.80000
    551     224666.20000
    552     209926.80000
    553     173608.50000
    554     140935.80000
    555     169577.00000
    556     277998.00000
    557     359616.20000
    558     354385.50000
    559     384822.80000
    560     526515.00000
    561     660662.50000
    562     720338.20000
    563     832497.50000
    564    1069775.00000
    565    1329344.00000
    566    1530216.00000
    567    1653397.00000
    568    1706390.00000
    569    1835696.00000
    570    2218852.00000
    571    2968004.00000
    572    4317222.00000
    573    6166074.00000
    574    7352587.00000
    575    6723310.00000
    576    4810538.00000
    577    3025654.00000
    578    1891538.00000
    579    1175447.00000
    580     712240.00000
    581     439539.80000
    582     284863.80000
    583     192643.80000
    584     118575.80000
    585      60063.75000
    586      41713.50000
    587      34337.00000
    588     -16181.75000
    589     -84005.25000
    590     -98553.25000
    591     -55804.25000
    592      -6220.00000
    593      -4915.25000
    594     -77826.00000
    595    -160817.50000
    596    -173041.00000
    597    -148280.80000
    598    -145101.80000
    599    -135026.50000
    600    -105370.50000
    601     -93243.50000
    602     -91848.50000
    603     -98203.50000
    604    -130842.20000
    605    -164401.50000
    606    -192605.80000
    607    -213120.20000
    608    -178328.20000
    609     -93543.50000
    610     -27069.00000
    611     -28536.50000
    612     -76010.50000
    613    -101947.00000
    614     -94080.75000
    615     -72941.75000
    616     -41761.00000
    617     -35012.50000
    618     -77317.25000
    619    -118037.50000
    620    -115352.00000
    621     -94894.75000
    622     -81588.50000
    623     -81831.50000
    624     -94647.25000
    625     -95009.25000
    626     -72628.25000
    627     -47252.50000
    628     -40557.00000
    629     -50042.00000
    630     -48194.50000
    631     -40158.50000
    632     -45479.75000
    633     -39990.00000
    634     -16247.50000
    635     -10910.25000
    636     -22163.75000
    637     -18345.00000
    638     -23171.50000
    639     -46198.25000
    640     -16143.50000
    641      72261.75000
    642     116372.80000
    643      85606.00000
    644      47600.50000
    645      28983.50000
