      1     198386.80000
      2     164426.60000
      3      99461.42000
      4      80264.25000
      5      69870.43000
      6      37908.48000
      7      43775.73000
      8      88571.13000
      9     132008.90000
     10     147891.80000
     11     118328.00000
     12      89600.42000
     13      86521.77000
     14      59800.02000
     15      11600.37000
     16     -22105.95000
     17     -37796.23000
     18     -23212.50000
     19      20575.35000
     20      63392.66000
     21      81824.39000
     22      37581.16000
     23     -53546.43000
     24     -73473.40000
     25      -9242.03100
     26      33160.80000
     27      39258.83000
     28      29221.03000
     29       6535.53100
     30      10747.33000
     31      17738.80000
     32      -9785.23400
     33     -20861.77000
     34     -19793.77000
     35     -54508.00000
     36     -67226.67000
     37     -25300.59000
     38     -13124.50000
     39     -50885.36000
     40     -70193.06000
     41     -74826.69000
     42    -105077.90000
     43    -126944.90000
     44     -96096.88000
     45     -36566.17000
     46     -11497.69000
     47     -37564.84000
     48     -65408.05000
     49     -89683.14000
     50    -133748.80000
     51    -146155.90000
     52    -106926.90000
     53     -99332.42000
     54    -142927.60000
     55    -151344.10000
     56    -120176.80000
     57    -119882.30000
     58    -134573.80000
     59    -125569.10000
     60    -100441.00000
     61     -73825.84000
     62     -68090.72000
     63     -82998.69000
     64     -96507.38000
     65     -78224.53000
     66       6673.34400
     67     117216.10000
     68     180339.40000
     69     236733.20000
     70     412975.50000
     71     782324.20000
     72    1214318.00000
     73    1361954.00000
     74    1103123.00000
     75     767957.30000
     76     595192.20000
     77     516614.90000
     78     496746.80000
     79     552900.90000
     80     638495.20000
     81     711566.60000
     82     792631.10000
     83     916179.20000
     84    1130924.00000
     85    1428577.00000
     86    1697985.00000
     87    1985909.00000
     88    2451596.00000
     89    3201035.00000
     90    4381948.00000
     91    6435152.00000
     92    10312230.00000
     93    16116770.00000
     94    22132310.00000
     95    25794450.00000
     96    24271400.00000
     97    17471030.00000
     98    10154950.00000
     99    6041000.00000
    100    4164146.00000
    101    2995947.00000
    102    2266823.00000
    103    1819907.00000
    104    1560184.00000
    105    1398127.00000
    106    1251458.00000
    107    1161691.00000
    108    1214042.00000
    109    1465281.00000
    110    1699293.00000
    111    1589258.00000
    112    1205549.00000
    113     869502.20000
    114     664978.30000
    115     503882.50000
    116     396673.20000
    117     374987.50000
    118     399908.00000
    119     415451.90000
    120     383072.90000
    121     334754.60000
    122     334694.80000
    123     341235.20000
    124     277391.30000
    125     188100.60000
    126     141733.20000
    127     127383.90000
    128     126642.90000
    129     120606.50000
    130      86777.62000
    131      63822.50000
    132      83392.81000
    133      69487.00000
    134      -3724.50000
    135     -16817.50000
    136      45760.81000
    137      73910.03000
    138      75963.12000
    139     100494.70000
    140     100223.10000
    141      46159.19000
    142     -12432.16000
    143     -21579.44000
    144      -7485.81200
    145     -28282.56000
    146     -44510.75000
    147     -26393.25000
    148     -64716.09000
    149    -156585.00000
    150    -184481.70000
    151    -173365.20000
    152    -191818.50000
    153    -186667.90000
    154    -149538.40000
    155    -136903.70000
    156    -158453.40000
    157    -196183.20000
    158    -218247.10000
    159    -218140.10000
    160    -204380.50000
    161    -164202.70000
    162    -127599.00000
    163    -133007.80000
    164    -171614.80000
    165    -195009.70000
    166    -151218.50000
    167    -109979.00000
    168    -171654.20000
    169    -257085.30000
    170    -254988.70000
    171    -203245.10000
    172    -181125.20000
    173    -202059.70000
    174    -214449.20000
    175    -174203.60000
    176    -136403.70000
    177    -146956.30000
    178    -155912.60000
    179    -145502.60000
    180    -116771.80000
    181     -30194.56000
    182      83871.81000
    183     148010.10000
    184     180108.90000
    185     250593.00000
    186     377004.30000
    187     575038.80000
    188     849422.60000
    189    1140908.00000
    190    1416865.00000
    191    1709052.00000
    192    2108173.00000
    193    2779380.00000
    194    3875813.00000
    195    5635619.00000
    196    8780910.00000
    197    13712490.00000
    198    18310740.00000
    199    19023150.00000
    200    15507150.00000
    201    10974570.00000
    202    7832802.00000
    203    6155323.00000
    204    5435672.00000
    205    5421588.00000
    206    5864204.00000
    207    6507457.00000
    208    7597829.00000
    209    10259480.00000
    210    14443680.00000
    211    17094600.00000
    212    16046930.00000
    213    13560710.00000
    214    13237780.00000
    215    16458650.00000
    216    20756520.00000
    217    21131770.00000
    218    16650610.00000
    219    11717860.00000
    220    9292054.00000
    221    9020495.00000
    222    10076460.00000
    223    12977110.00000
    224    19201500.00000
    225    26677050.00000
    226    30535210.00000
    227    29738910.00000
    228    25483270.00000
    229    18414760.00000
    230    11365180.00000
    231    7067956.00000
    232    5105102.00000
    233    4274220.00000
    234    4006544.00000
    235    3973823.00000
    236    3891402.00000
    237    3484020.00000
    238    2857843.00000
    239    2305132.00000
    240    1883787.00000
    241    1559644.00000
    242    1373541.00000
    243    1310420.00000
    244    1238277.00000
    245    1100291.00000
    246     921355.40000
    247     757181.90000
    248     682034.00000
    249     645942.20000
    250     583690.20000
    251     533071.90000
    252     498924.70000
    253     432980.80000
    254     345254.00000
    255     306567.00000
    256     326985.50000
    257     353117.00000
    258     360856.80000
    259     349120.50000
    260     309240.20000
    261     231650.80000
    262     163449.30000
    263     164759.00000
    264     184971.10000
    265     170574.60000
    266     174002.40000
    267     203410.70000
    268     174913.80000
    269      95787.56000
    270      80053.91000
    271     128430.60000
    272     145338.50000
    273     151221.20000
    274     183118.90000
    275     182179.10000
    276     154920.70000
    277     141935.40000
    278     103161.90000
    279      34993.47000
    280       6880.75000
    281      49466.03000
    282     111060.10000
    283     135544.80000
    284     124631.10000
    285      91650.84000
    286      58071.41000
    287      52621.66000
    288      59742.69000
    289      60961.44000
    290      66112.38000
    291      61939.41000
    292      22520.41000
    293     -16225.69000
    294       1063.37500
    295      34951.53000
    296      34844.59000
    297      42564.28000
    298      75345.53000
    299      99769.91000
    300     119389.10000
    301     114617.60000
    302      72536.22000
    303      74357.84000
    304     119426.50000
    305     112164.80000
    306      97379.66000
    307     147362.00000
    308     178557.00000
    309     130191.30000
    310      89246.25000
    311     135430.60000
    312     219733.40000
    313     267507.60000
    314     286539.80000
    315     305313.90000
    316     332156.20000
    317     384417.10000
    318     454994.90000
    319     517447.30000
    320     593781.00000
    321     708808.20000
    322     834351.00000
    323     961432.00000
    324    1113763.00000
    325    1299868.00000
    326    1543203.00000
    327    1861146.00000
    328    2214340.00000
    329    2578968.00000
    330    2978724.00000
    331    3393788.00000
    332    3764828.00000
    333    4058725.00000
    334    4200578.00000
    335    4098702.00000
    336    3819056.00000
    337    3475022.00000
    338    3057996.00000
    339    2596896.00000
    340    2194554.00000
    341    1871516.00000
    342    1591226.00000
    343    1347792.00000
    344    1168668.00000
    345    1033013.00000
    346     869504.10000
    347     712777.60000
    348     641752.30000
    349     586530.40000
    350     469560.80000
    351     362844.60000
    352     322473.30000
    353     314696.20000
    354     314798.10000
    355     285941.60000
    356     211869.10000
    357     149760.20000
    358     126092.90000
    359     130643.10000
    360     148171.20000
    361     126436.10000
    362      68350.38000
    363      49601.31000
    364      76057.44000
    365      74151.25000
    366      15014.56000
    367     -40743.00000
    368     -25048.25000
    369      33651.25000
    370      43446.50000
    371      -4247.31200
    372     -42254.00000
    373     -59630.12000
    374     -81677.28000
    375    -103424.60000
    376    -110291.10000
    377     -94580.06000
    378     -82204.56000
    379    -108785.10000
    380    -138528.20000
    381    -138426.80000
    382    -142604.60000
    383    -133261.90000
    384     -78418.44000
    385     -43057.00000
    386     -54827.31000
    387     -52759.00000
    388     -37453.44000
    389     -69597.38000
    390    -139762.50000
    391    -176139.90000
    392    -160465.70000
    393    -142405.20000
    394    -153006.50000
    395    -163031.70000
    396    -150788.40000
    397    -159194.30000
    398    -192502.80000
    399    -182270.70000
    400    -131998.10000
    401    -113064.70000
    402    -143864.70000
    403    -176291.40000
    404    -154162.10000
    405    -115036.40000
    406    -147380.60000
    407    -195855.60000
    408    -168733.80000
    409    -138453.10000
    410    -156762.00000
    411    -161646.60000
    412    -150792.90000
    413    -147900.90000
    414    -130783.00000
    415    -111091.40000
    416    -119305.60000
    417    -120366.60000
    418     -62769.12000
    419      -6416.00000
    420     -29629.19000
    421     -71103.88000
    422     -86333.81000
    423    -131857.90000
    424    -189555.20000
    425    -193249.40000
    426    -160376.20000
    427    -146243.40000
    428    -168123.20000
    429    -190075.70000
    430    -176220.50000
    431    -147257.30000
    432    -136896.90000
    433    -154225.00000
    434    -197932.40000
    435    -246814.70000
    436    -276738.10000
    437    -286918.70000
    438    -265470.60000
    439    -196329.10000
    440    -124594.80000
    441    -118798.10000
    442    -149866.10000
    443    -131518.70000
    444     -90321.00000
    445     -99012.12000
    446    -123472.60000
    447    -126890.50000
    448    -108451.20000
    449     -62165.06000
    450     -49814.06000
    451     -84297.75000
    452     -84860.94000
    453     -64173.31000
    454     -56652.06000
    455     -26790.81000
    456      14076.31000
    457      36088.31000
    458      58844.44000
    459      74157.69000
    460      52220.00000
    461      48109.12000
    462     116356.70000
    463     185423.50000
    464     201404.10000
    465     218806.60000
    466     268055.60000
    467     316105.10000
    468     336940.20000
    469     338214.90000
    470     365452.60000
    471     469949.00000
    472     613800.60000
    473     689957.10000
    474     700871.40000
    475     756242.60000
    476     863343.10000
    477     936294.90000
    478     982929.80000
    479    1064492.00000
    480    1187395.00000
    481    1344891.00000
    482    1503016.00000
    483    1619262.00000
    484    1730009.00000
    485    1867109.00000
    486    1991467.00000
    487    2064393.00000
    488    2083741.00000
    489    2069591.00000
    490    2019116.00000
    491    1922300.00000
    492    1811296.00000
    493    1703102.00000
    494    1585065.00000
    495    1452527.00000
    496    1289256.00000
    497    1121453.00000
    498    1018430.00000
    499     959503.90000
    500     872486.10000
    501     754407.10000
    502     632312.60000
    503     524076.00000
    504     447350.60000
    505     406854.00000
    506     384326.10000
    507     332663.70000
    508     248429.90000
    509     208548.10000
    510     214481.90000
    511     173110.30000
    512      93668.75000
    513      64097.06000
    514      64468.75000
    515      25641.12000
    516      -1360.37500
    517      30023.19000
    518      14285.19000
    519     -59495.38000
    520     -44260.44000
    521      32362.94000
    522      29543.00000
    523     -23483.12000
    524     -50550.94000
    525     -68795.31000
    526     -79544.19000
    527     -48761.56000
    528      11124.69000
    529      58908.00000
    530      62007.06000
    531      21981.69000
    532      -6641.93800
    533     -13609.94000
    534     -32788.12000
    535     -22374.69000
    536      37587.38000
    537      76094.94000
    538      83548.31000
    539      97689.50000
    540      86846.25000
    541      45923.31000
    542      53862.31000
    543     117223.10000
    544     159246.30000
    545     186531.20000
    546     239918.20000
    547     270739.70000
    548     257556.10000
    549     259128.40000
    550     289016.60000
    551     331209.20000
    552     383660.10000
    553     421104.30000
    554     452176.10000
    555     512932.40000
    556     555740.40000
    557     509673.10000
    558     437614.80000
    559     464618.90000
    560     559199.80000
    561     598186.10000
    562     603850.90000
    563     687152.60000
    564     850398.40000
    565    1004900.00000
    566    1114532.00000
    567    1226602.00000
    568    1386215.00000
    569    1626049.00000
    570    2028893.00000
    571    2703980.00000
    572    3654492.00000
    573    4608546.00000
    574    5059898.00000
    575    4692788.00000
    576    3727067.00000
    577    2677369.00000
    578    1860844.00000
    579    1278468.00000
    580     865777.10000
    581     615521.40000
    582     474339.90000
    583     371393.50000
    584     303100.40000
    585     243054.80000
    586     144760.40000
    587      53272.94000
    588      22150.75000
    589      25670.44000
    590      36492.00000
    591      30797.69000
    592     -25391.56000
    593     -92085.75000
    594     -84948.94000
    595     -10274.50000
    596      37422.69000
    597      13688.75000
    598     -29466.00000
    599     -49954.75000
    600     -61953.31000
    601     -74539.56000
    602     -84890.62000
    603     -94881.47000
    604     -89337.31000
    605     -79469.66000
    606    -101001.10000
    607    -116508.00000
    608     -89401.81000
    609     -70532.31000
    610     -90390.38000
    611    -118366.80000
    612    -117258.90000
    613     -96384.44000
    614     -93308.84000
    615     -88842.97000
    616     -74859.38000
    617     -87790.22000
    618    -100813.60000
    619     -84771.00000
    620     -83778.19000
    621    -111145.20000
    622    -118608.40000
    623     -94086.41000
    624     -68327.69000
    625     -56642.09000
    626     -66461.47000
    627     -89143.00000
    628     -93132.91000
    629     -71246.59000
    630     -47821.50000
    631     -44051.31000
    632     -54175.75000
    633     -54750.75000
    634     -34910.44000
    635     -13693.97000
    636     -11893.19000
    637     -14717.31000
    638      -9728.53100
    639      -3452.46900
    640        167.40620
    641     -17909.03000
    642     -40877.41000
    643     -11660.09000
    644      43110.56000
    645      65287.66000
