      1      87902.31000
      2     133508.80000
      3     130960.30000
      4      66321.44000
      5      20304.44000
      6      37996.12000
      7     100067.90000
      8     164171.70000
      9     188050.80000
     10     177064.90000
     11     167574.50000
     12     156390.00000
     13     118915.20000
     14      93311.25000
     15     134313.90000
     16     190209.20000
     17     196761.00000
     18     186083.80000
     19     180522.20000
     20     164644.90000
     21     150178.80000
     22     156616.10000
     23     174930.00000
     24     180892.40000
     25     176577.90000
     26     168360.00000
     27     149879.60000
     28     154219.90000
     29     201686.80000
     30     249374.60000
     31     273668.30000
     32     267031.20000
     33     208761.80000
     34     149410.40000
     35     164069.60000
     36     218844.20000
     37     249011.00000
     38     273102.60000
     39     303654.90000
     40     283848.10000
     41     224364.00000
     42     232439.40000
     43     303973.00000
     44     331481.90000
     45     321483.90000
     46     324600.80000
     47     310616.50000
     48     293730.80000
     49     323142.90000
     50     362753.10000
     51     378925.90000
     52     391829.60000
     53     403887.00000
     54     426855.90000
     55     488528.40000
     56     579674.60000
     57     682033.00000
     58     795048.00000
     59     908876.20000
     60    1009726.00000
     61    1119285.00000
     62    1280392.00000
     63    1502279.00000
     64    1795841.00000
     65    2200359.00000
     66    2733101.00000
     67    3447806.00000
     68    4442244.00000
     69    5629761.00000
     70    6620826.00000
     71    6939264.00000
     72    6424495.00000
     73    5395442.00000
     74    4304588.00000
     75    3398651.00000
     76    2735282.00000
     77    2285145.00000
     78    2023966.00000
     79    1921279.00000
     80    1898728.00000
     81    1932144.00000
     82    2032519.00000
     83    2167309.00000
     84    2339757.00000
     85    2589304.00000
     86    2943956.00000
     87    3449402.00000
     88    4116228.00000
     89    4847498.00000
     90    5471392.00000
     91    5782507.00000
     92    5627216.00000
     93    5045715.00000
     94    4234660.00000
     95    3405904.00000
     96    2735955.00000
     97    2267172.00000
     98    1902845.00000
     99    1616011.00000
    100    1445092.00000
    101    1315398.00000
    102    1155071.00000
    103    1043863.00000
    104    1028128.00000
    105    1024731.00000
    106     992320.80000
    107     961308.50000
    108     942005.60000
    109     924406.00000
    110     898681.30000
    111     858759.90000
    112     791633.00000
    113     699474.10000
    114     621728.50000
    115     571646.50000
    116     542917.40000
    117     538330.90000
    118     514618.70000
    119     459954.70000
    120     440854.10000
    121     455534.20000
    122     451604.40000
    123     439001.90000
    124     421945.80000
    125     380372.10000
    126     341255.90000
    127     341672.40000
    128     384761.40000
    129     431745.40000
    130     426405.60000
    131     386557.80000
    132     358265.40000
    133     332514.30000
    134     323849.90000
    135     354990.20000
    136     393582.40000
    137     403710.60000
    138     373673.50000
    139     336678.30000
    140     332818.60000
    141     337890.70000
    142     323415.10000
    143     306663.40000
    144     311129.20000
    145     326016.40000
    146     328504.50000
    147     330211.70000
    148     318683.60000
    149     266387.90000
    150     234067.90000
    151     266505.40000
    152     296236.10000
    153     296328.20000
    154     302097.90000
    155     282036.50000
    156     236440.80000
    157     258136.60000
    158     333239.90000
    159     357850.80000
    160     327767.50000
    161     276342.40000
    162     225681.40000
    163     237898.90000
    164     296216.80000
    165     322902.20000
    166     334781.60000
    167     339630.50000
    168     303719.50000
    169     278005.00000
    170     300699.60000
    171     328918.90000
    172     341933.90000
    173     357184.10000
    174     375282.40000
    175     370991.80000
    176     356995.50000
    177     367901.00000
    178     364255.40000
    179     328859.20000
    180     337065.10000
    181     388527.10000
    182     407582.80000
    183     403765.20000
    184     410578.10000
    185     422506.80000
    186     458019.10000
    187     498890.10000
    188     499648.80000
    189     488948.20000
    190     470395.40000
    191     420125.50000
    192     416353.20000
    193     507260.00000
    194     596003.20000
    195     604082.80000
    196     587285.80000
    197     644926.20000
    198     787580.50000
    199     964723.00000
    200    1158435.00000
    201    1352627.00000
    202    1577558.00000
    203    1933966.00000
    204    2358702.00000
    205    2727361.00000
    206    3176814.00000
    207    3944224.00000
    208    5152114.00000
    209    6882480.00000
    210    9726905.00000
    211    14275020.00000
    212    18280710.00000
    213    17797320.00000
    214    13198340.00000
    215    8710340.00000
    216    6432536.00000
    217    5719638.00000
    218    5843902.00000
    219    6457061.00000
    220    7175688.00000
    221    7794928.00000
    222    8513360.00000
    223    10012840.00000
    224    13804780.00000
    225    19794620.00000
    226    23498520.00000
    227    21853520.00000
    228    19079150.00000
    229    19402210.00000
    230    19889620.00000
    231    16650840.00000
    232    11288890.00000
    233    7170130.00000
    234    4983919.00000
    235    3896716.00000
    236    3311031.00000
    237    2910591.00000
    238    2573958.00000
    239    2302354.00000
    240    2085600.00000
    241    1899067.00000
    242    1742956.00000
    243    1612433.00000
    244    1485802.00000
    245    1370923.00000
    246    1272943.00000
    247    1186683.00000
    248    1114667.00000
    249    1050719.00000
    250     998302.90000
    251     945436.50000
    252     890379.50000
    253     862157.50000
    254     823840.80000
    255     757171.00000
    256     765800.40000
    257     840343.10000
    258     818979.20000
    259     717943.80000
    260     673314.80000
    261     676199.50000
    262     684594.30000
    263     686141.80000
    264     657775.10000
    265     635462.30000
    266     627803.10000
    267     605376.20000
    268     617339.80000
    269     672144.60000
    270     701186.70000
    271     699913.40000
    272     674882.60000
    273     610274.40000
    274     561674.90000
    275     582683.70000
    276     622357.10000
    277     619494.50000
    278     592405.20000
    279     577371.90000
    280     580179.20000
    281     584447.30000
    282     556887.70000
    283     509747.30000
    284     491567.30000
    285     502243.50000
    286     533725.20000
    287     585319.00000
    288     607291.20000
    289     565403.10000
    290     502821.40000
    291     462844.30000
    292     450813.00000
    293     476274.20000
    294     492435.20000
    295     434322.70000
    296     387925.60000
    297     435206.30000
    298     478047.90000
    299     456427.60000
    300     431180.40000
    301     409117.60000
    302     381385.40000
    303     403291.40000
    304     452011.00000
    305     445785.90000
    306     426698.10000
    307     456136.70000
    308     478832.30000
    309     467942.80000
    310     468434.50000
    311     468345.40000
    312     442663.20000
    313     440099.00000
    314     480982.80000
    315     504395.60000
    316     483758.80000
    317     469487.00000
    318     483545.80000
    319     471593.40000
    320     413398.70000
    321     374144.40000
    322     380224.40000
    323     378580.30000
    324     351678.90000
    325     335030.70000
    326     349525.50000
    327     389159.50000
    328     411670.80000
    329     385851.60000
    330     340337.20000
    331     305778.80000
    332     312850.50000
    333     366033.00000
    334     399263.40000
    335     402288.80000
    336     415517.10000
    337     417665.60000
    338     400770.80000
    339     384121.40000
    340     368325.90000
    341     377844.70000
    342     405017.80000
    343     394851.40000
    344     369275.70000
    345     377674.40000
    346     385158.80000
    347     370835.70000
    348     382149.50000
    349     422797.10000
    350     439515.10000
    351     421373.00000
    352     404918.60000
    353     406019.40000
    354     411721.20000
    355     398351.10000
    356     354442.20000
    357     321851.20000
    358     344055.70000
    359     380382.20000
    360     378197.20000
    361     363156.10000
    362     373293.30000
    363     396770.00000
    364     396936.90000
    365     358699.80000
    366     314128.40000
    367     299690.10000
    368     323977.20000
    369     354244.10000
    370     353214.00000
    371     374080.10000
    372     426861.50000
    373     412782.50000
    374     355265.90000
    375     336187.30000
    376     343585.40000
    377     366270.50000
    378     375352.70000
    379     353240.70000
    380     345676.10000
    381     340391.30000
    382     314903.10000
    383     310677.40000
    384     344889.00000
    385     394570.90000
    386     412089.00000
    387     390050.60000
    388     389290.30000
    389     397438.80000
    390     367413.60000
    391     337610.40000
    392     339733.00000
    393     362313.20000
    394     391485.50000
    395     413223.30000
    396     419096.60000
    397     403197.30000
    398     382579.20000
    399     375256.90000
    400     391282.60000
    401     433843.80000
    402     430259.20000
    403     341643.30000
    404     256466.80000
    405     234275.50000
    406     268350.80000
    407     342021.50000
    408     411757.70000
    409     440579.70000
    410     432211.00000
    411     413533.30000
    412     398804.40000
    413     389760.50000
    414     410943.60000
    415     448402.00000
    416     420274.20000
    417     338821.00000
    418     316406.20000
    419     358809.00000
    420     394297.80000
    421     402257.30000
    422     382638.50000
    423     358722.80000
    424     349357.90000
    425     328581.00000
    426     320655.60000
    427     356254.20000
    428     371454.00000
    429     348508.30000
    430     343559.80000
    431     334612.90000
    432     295212.50000
    433     272725.60000
    434     281964.50000
    435     309813.30000
    436     343302.80000
    437     337801.10000
    438     302009.50000
    439     303517.80000
    440     324269.00000
    441     308776.70000
    442     303220.30000
    443     339460.20000
    444     348720.00000
    445     329457.20000
    446     344107.40000
    447     356449.60000
    448     336061.00000
    449     341336.90000
    450     355801.70000
    451     343668.20000
    452     364750.00000
    453     389081.50000
    454     333183.20000
    455     282040.30000
    456     313783.20000
    457     337634.80000
    458     308243.90000
    459     291416.10000
    460     294682.70000
    461     304942.20000
    462     354449.00000
    463     407198.60000
    464     412098.90000
    465     389084.70000
    466     345513.40000
    467     302613.10000
    468     295665.10000
    469     297964.40000
    470     304948.30000
    471     332941.30000
    472     337348.40000
    473     319567.00000
    474     343950.30000
    475     377804.00000
    476     345554.90000
    477     304606.40000
    478     333478.50000
    479     372724.20000
    480     372899.10000
    481     361982.80000
    482     326541.00000
    483     291883.80000
    484     326232.00000
    485     382254.30000
    486     399838.80000
    487     396869.20000
    488     373163.10000
    489     341975.50000
    490     343958.30000
    491     364927.80000
    492     374938.10000
    493     376312.40000
    494     364587.90000
    495     340993.40000
    496     327308.00000
    497     324942.60000
    498     319174.60000
    499     305904.00000
    500     300204.80000
    501     305932.80000
    502     301203.00000
    503     308835.90000
    504     333153.20000
    505     304609.80000
    506     250069.90000
    507     253266.10000
    508     295655.60000
    509     335556.00000
    510     340946.60000
    511     304789.20000
    512     291060.40000
    513     304133.50000
    514     295525.10000
    515     299383.60000
    516     324019.90000
    517     314331.90000
    518     305527.90000
    519     343768.00000
    520     372111.70000
    521     385903.70000
    522     424774.50000
    523     410882.10000
    524     319161.80000
    525     271902.00000
    526     295296.20000
    527     314264.20000
    528     310903.80000
    529     295485.60000
    530     275963.30000
    531     276271.40000
    532     310322.60000
    533     348128.70000
    534     352474.00000
    535     338830.70000
    536     339746.10000
    537     358209.90000
    538     378076.00000
    539     385502.50000
    540     374657.10000
    541     345126.50000
    542     322788.60000
    543     329830.70000
    544     328931.90000
    545     290562.40000
    546     270506.80000
    547     305484.00000
    548     341239.10000
    549     365274.30000
    550     399283.80000
    551     398207.00000
    552     346474.10000
    553     287777.50000
    554     263200.30000
    555     289864.20000
    556     324608.30000
    557     323517.80000
    558     290860.10000
    559     247651.20000
    560     244332.70000
    561     311355.30000
    562     376604.00000
    563     366740.70000
    564     348991.60000
    565     386492.70000
    566     398674.60000
    567     348213.10000
    568     301671.70000
    569     291929.80000
    570     332660.70000
    571     414662.60000
    572     466620.90000
    573     455405.60000
    574     423802.80000
    575     402645.40000
    576     379324.20000
    577     351934.80000
    578     356204.30000
    579     382517.70000
    580     370866.20000
    581     342641.70000
    582     354568.80000
    583     385641.20000
    584     404178.80000
    585     406464.80000
    586     384350.20000
    587     343328.60000
    588     319017.30000
    589     335563.80000
    590     372544.50000
    591     405273.00000
    592     415702.90000
    593     389775.40000
    594     350673.70000
    595     323559.50000
    596     305280.70000
    597     288244.70000
    598     262929.90000
    599     239415.60000
    600     248567.20000
    601     285679.20000
    602     315250.60000
    603     312712.80000
    604     285741.90000
    605     295149.90000
    606     347484.00000
    607     347732.20000
    608     299999.90000
    609     299491.10000
    610     330119.20000
    611     327133.70000
    612     317774.60000
    613     346134.20000
    614     365886.60000
    615     344002.20000
    616     321136.80000
    617     302844.00000
    618     300058.90000
    619     338093.10000
    620     368070.80000
    621     368372.30000
    622     373633.10000
    623     378664.50000
    624     372327.10000
    625     358730.40000
    626     332305.00000
    627     315836.80000
    628     334917.00000
    629     353222.80000
    630     340740.50000
    631     327084.80000
    632     336943.90000
    633     369435.60000
    634     397770.10000
    635     383828.20000
    636     362786.00000
    637     389889.60000
    638     402966.90000
    639     334357.80000
    640     257467.00000
    641     253859.70000
    642     288326.90000
    643     291619.50000
    644     261722.50000
    645     256767.00000
