      1     164069.30000
      2     113523.40000
      3      94194.75000
      4     132071.50000
      5     183818.20000
      6     217942.40000
      7     215372.80000
      8     162240.10000
      9     110214.10000
     10     116697.80000
     11     156979.20000
     12     176240.10000
     13     155063.40000
     14     126265.20000
     15     142012.40000
     16     185897.00000
     17     197899.60000
     18     183542.30000
     19     175294.30000
     20     167363.60000
     21     165477.80000
     22     176992.70000
     23     174403.50000
     24     160249.40000
     25     162032.60000
     26     168906.10000
     27     174065.20000
     28     192433.90000
     29     211070.80000
     30     207139.20000
     31     185374.70000
     32     162162.90000
     33     144554.80000
     34     143813.50000
     35     174893.20000
     36     217646.10000
     37     227031.20000
     38     201582.90000
     39     190719.90000
     40     224395.70000
     41     262132.30000
     42     242547.80000
     43     198166.40000
     44     213077.10000
     45     254769.60000
     46     254354.00000
     47     259797.90000
     48     300336.40000
     49     303703.20000
     50     257381.60000
     51     238114.50000
     52     266398.00000
     53     298567.50000
     54     313305.80000
     55     305379.40000
     56     298964.90000
     57     331121.10000
     58     376117.00000
     59     415718.20000
     60     470088.90000
     61     518231.50000
     62     549345.00000
     63     584954.60000
     64     614243.60000
     65     643728.00000
     66     734693.60000
     67     898934.00000
     68    1081527.00000
     69    1298828.00000
     70    1591804.00000
     71    1838880.00000
     72    1901805.00000
     73    1857786.00000
     74    1838364.00000
     75    1868948.00000
     76    1964805.00000
     77    2148177.00000
     78    2412311.00000
     79    2736883.00000
     80    3093872.00000
     81    3474514.00000
     82    3858030.00000
     83    4156390.00000
     84    4321544.00000
     85    4420304.00000
     86    4467492.00000
     87    4430138.00000
     88    4377130.00000
     89    4361976.00000
     90    4443072.00000
     91    4830564.00000
     92    6263023.00000
     93    9623593.00000
     94    13129540.00000
     95    12854080.00000
     96    8812469.00000
     97    5022753.00000
     98    3217909.00000
     99    2359106.00000
    100    1831417.00000
    101    1549075.00000
    102    1353806.00000
    103    1196611.00000
    104    1106946.00000
    105    1061822.00000
    106     985202.00000
    107     915198.40000
    108     932613.00000
    109     997264.50000
    110    1093819.00000
    111    1238734.00000
    112    1314547.00000
    113    1201749.00000
    114     979220.20000
    115     796605.40000
    116     688053.80000
    117     609962.80000
    118     531668.40000
    119     469523.20000
    120     469695.90000
    121     512661.60000
    122     518203.30000
    123     494147.80000
    124     491669.20000
    125     488018.30000
    126     474969.80000
    127     459751.40000
    128     432221.10000
    129     432264.30000
    130     462407.50000
    131     467294.50000
    132     451549.20000
    133     449705.10000
    134     461195.40000
    135     450418.90000
    136     419251.50000
    137     429569.10000
    138     460870.40000
    139     446207.60000
    140     416511.60000
    141     410112.30000
    142     409452.20000
    143     394657.00000
    144     362483.30000
    145     340328.40000
    146     342289.20000
    147     357622.40000
    148     381483.20000
    149     385728.70000
    150     373153.30000
    151     387339.80000
    152     404494.30000
    153     387824.50000
    154     367011.90000
    155     367722.80000
    156     373119.60000
    157     364664.60000
    158     352334.20000
    159     343707.70000
    160     330063.60000
    161     330130.10000
    162     348650.70000
    163     353082.10000
    164     366177.40000
    165     406525.00000
    166     405485.40000
    167     372078.60000
    168     402022.20000
    169     466512.00000
    170     481391.40000
    171     469164.00000
    172     467826.80000
    173     467828.80000
    174     460004.00000
    175     444588.00000
    176     457910.10000
    177     531086.10000
    178     603912.50000
    179     623214.50000
    180     640829.50000
    181     707431.20000
    182     780712.50000
    183     809989.10000
    184     826834.40000
    185     880095.80000
    186     967080.90000
    187    1061397.00000
    188    1157408.00000
    189    1293180.00000
    190    1487044.00000
    191    1725160.00000
    192    2038190.00000
    193    2434064.00000
    194    2857640.00000
    195    3303674.00000
    196    3799368.00000
    197    4308505.00000
    198    4722726.00000
    199    4913912.00000
    200    4866996.00000
    201    4687472.00000
    202    4432360.00000
    203    4141560.00000
    204    3935982.00000
    205    3888500.00000
    206    3914841.00000
    207    3935728.00000
    208    4053990.00000
    209    4378132.00000
    210    4933424.00000
    211    5799574.00000
    212    7299280.00000
    213    10280890.00000
    214    14619940.00000
    215    17456100.00000
    216    16372650.00000
    217    13128140.00000
    218    10784590.00000
    219    9980307.00000
    220    10144800.00000
    221    10964450.00000
    222    12397020.00000
    223    15526710.00000
    224    20968570.00000
    225    25991840.00000
    226    26940750.00000
    227    23163820.00000
    228    16827190.00000
    229    10949940.00000
    230    7241429.00000
    231    5330384.00000
    232    4342160.00000
    233    3837365.00000
    234    3594168.00000
    235    3475372.00000
    236    3316061.00000
    237    3039626.00000
    238    2710423.00000
    239    2387956.00000
    240    2124118.00000
    241    1938833.00000
    242    1785414.00000
    243    1613795.00000
    244    1434088.00000
    245    1294770.00000
    246    1209181.00000
    247    1144081.00000
    248    1092474.00000
    249    1074705.00000
    250    1052232.00000
    251     999349.20000
    252     962361.90000
    253     932095.40000
    254     868326.10000
    255     796482.80000
    256     763934.00000
    257     790085.90000
    258     827144.10000
    259     805070.60000
    260     744804.10000
    261     700734.50000
    262     683624.90000
    263     702762.70000
    264     717670.40000
    265     669427.60000
    266     622697.80000
    267     633881.40000
    268     644234.60000
    269     644267.90000
    270     657625.10000
    271     641882.80000
    272     606350.20000
    273     607491.80000
    274     606114.20000
    275     570695.20000
    276     556829.20000
    277     562517.80000
    278     556343.30000
    279     568356.10000
    280     602186.20000
    281     619336.90000
    282     605750.40000
    283     578663.20000
    284     561990.90000
    285     557323.90000
    286     547587.50000
    287     535459.00000
    288     541527.50000
    289     553945.90000
    290     545583.20000
    291     529201.80000
    292     514373.90000
    293     487811.20000
    294     478932.60000
    295     517973.60000
    296     549992.90000
    297     522155.60000
    298     483146.10000
    299     498065.20000
    300     546025.40000
    301     565846.90000
    302     544164.50000
    303     508234.80000
    304     501678.90000
    305     552423.80000
    306     594128.00000
    307     568180.20000
    308     533586.60000
    309     507446.40000
    310     461508.20000
    311     456185.50000
    312     499409.80000
    313     516095.10000
    314     520677.40000
    315     537108.90000
    316     532235.90000
    317     524604.90000
    318     529149.90000
    319     534967.90000
    320     561997.20000
    321     583703.10000
    322     570060.20000
    323     569378.90000
    324     603350.20000
    325     626463.80000
    326     616293.40000
    327     610739.90000
    328     633519.60000
    329     656838.80000
    330     666295.70000
    331     662701.20000
    332     639823.30000
    333     619092.20000
    334     621809.50000
    335     627308.70000
    336     630408.70000
    337     659331.90000
    338     693627.30000
    339     683912.20000
    340     640767.90000
    341     607970.60000
    342     600513.20000
    343     607896.90000
    344     612019.20000
    345     589079.90000
    346     554859.80000
    347     557434.10000
    348     574894.70000
    349     563759.60000
    350     538990.20000
    351     524331.60000
    352     543336.20000
    353     574123.70000
    354     567266.00000
    355     554185.40000
    356     545243.20000
    357     501657.90000
    358     466792.30000
    359     485736.10000
    360     523770.50000
    361     534974.60000
    362     507229.40000
    363     470803.80000
    364     451237.40000
    365     441864.50000
    366     443175.00000
    367     467443.20000
    368     508594.90000
    369     513560.80000
    370     456219.70000
    371     422704.80000
    372     465093.10000
    373     506823.00000
    374     497959.90000
    375     466361.50000
    376     440838.20000
    377     440208.70000
    378     461042.80000
    379     461377.60000
    380     418339.00000
    381     385265.30000
    382     412818.70000
    383     455461.50000
    384     460073.70000
    385     443427.00000
    386     434321.50000
    387     447385.80000
    388     468544.80000
    389     453380.80000
    390     401496.80000
    391     369682.60000
    392     395389.50000
    393     447881.50000
    394     470568.80000
    395     455634.20000
    396     432810.50000
    397     426227.10000
    398     441095.10000
    399     455478.00000
    400     442160.90000
    401     403440.10000
    402     374316.90000
    403     374408.50000
    404     387963.10000
    405     407884.70000
    406     422768.20000
    407     418233.40000
    408     410385.90000
    409     401488.60000
    410     392586.80000
    411     409161.70000
    412     436817.90000
    413     433852.30000
    414     396882.00000
    415     368328.30000
    416     392330.50000
    417     460036.80000
    418     518305.80000
    419     518451.90000
    420     475013.90000
    421     447318.60000
    422     425961.60000
    423     380783.10000
    424     349717.90000
    425     346793.10000
    426     355423.70000
    427     378829.10000
    428     398052.40000
    429     393439.50000
    430     374668.80000
    431     374797.10000
    432     404633.00000
    433     403806.00000
    434     369642.00000
    435     371829.20000
    436     378546.20000
    437     345197.70000
    438     328242.10000
    439     354566.00000
    440     381284.20000
    441     375710.60000
    442     343646.70000
    443     312395.90000
    444     306556.80000
    445     333999.70000
    446     365455.00000
    447     375543.90000
    448     388468.20000
    449     397986.90000
    450     365929.60000
    451     326253.50000
    452     338393.20000
    453     378087.00000
    454     372355.80000
    455     338808.20000
    456     354209.70000
    457     381737.50000
    458     379330.00000
    459     406861.60000
    460     438785.90000
    461     403329.60000
    462     346168.10000
    463     324306.40000
    464     321012.70000
    465     308285.90000
    466     310939.90000
    467     363413.60000
    468     406255.40000
    469     385473.00000
    470     370306.30000
    471     407358.20000
    472     444580.40000
    473     441344.30000
    474     404421.40000
    475     376609.50000
    476     386615.20000
    477     405134.80000
    478     430326.10000
    479     470642.30000
    480     470520.00000
    481     427064.70000
    482     413215.60000
    483     432349.90000
    484     432911.90000
    485     426439.40000
    486     442698.50000
    487     444191.90000
    488     416184.20000
    489     413556.40000
    490     444755.60000
    491     457758.60000
    492     438313.10000
    493     417996.90000
    494     411074.00000
    495     404880.50000
    496     395345.80000
    497     398038.30000
    498     416978.60000
    499     423127.70000
    500     405951.00000
    501     391731.60000
    502     391747.40000
    503     409278.10000
    504     433889.80000
    505     411130.40000
    506     336319.50000
    507     309125.00000
    508     365533.00000
    509     406368.70000
    510     390792.10000
    511     376698.60000
    512     377005.20000
    513     373229.70000
    514     374903.30000
    515     392417.20000
    516     415983.70000
    517     431354.70000
    518     433604.50000
    519     414718.50000
    520     387405.00000
    521     382436.20000
    522     399236.20000
    523     416505.40000
    524     404171.10000
    525     370208.10000
    526     371702.50000
    527     389923.20000
    528     380170.10000
    529     378069.80000
    530     377373.80000
    531     343995.20000
    532     331673.70000
    533     356397.40000
    534     354045.20000
    535     342054.60000
    536     373135.90000
    537     393829.20000
    538     364707.40000
    539     345445.10000
    540     344829.10000
    541     321832.80000
    542     310827.20000
    543     350694.50000
    544     407028.60000
    545     437029.30000
    546     421914.90000
    547     372885.90000
    548     336199.80000
    549     335281.80000
    550     366170.90000
    551     418279.30000
    552     441697.90000
    553     427746.20000
    554     440095.90000
    555     470481.80000
    556     464618.20000
    557     446269.80000
    558     457315.10000
    559     468815.20000
    560     453351.10000
    561     465947.70000
    562     516135.80000
    563     527301.40000
    564     494090.30000
    565     453934.20000
    566     440972.00000
    567     502936.50000
    568     565881.60000
    569     529024.10000
    570     489889.60000
    571     542692.20000
    572     582831.20000
    573     537772.60000
    574     499472.80000
    575     551732.80000
    576     658762.60000
    577     711552.80000
    578     667905.40000
    579     609234.00000
    580     579217.70000
    581     535353.40000
    582     480677.90000
    583     448024.80000
    584     436407.60000
    585     444614.50000
    586     455660.70000
    587     429300.40000
    588     382340.10000
    589     372386.30000
    590     401516.60000
    591     430335.90000
    592     425640.20000
    593     390485.30000
    594     385012.40000
    595     416208.40000
    596     399046.80000
    597     340242.70000
    598     335892.40000
    599     371883.30000
    600     382371.50000
    601     396477.70000
    602     430760.80000
    603     425265.70000
    604     386461.70000
    605     373957.90000
    606     375191.00000
    607     371992.90000
    608     371479.50000
    609     341980.60000
    610     292235.00000
    611     289100.10000
    612     337978.20000
    613     374174.40000
    614     355165.50000
    615     321377.00000
    616     324979.50000
    617     323717.80000
    618     276069.50000
    619     242826.50000
    620     259090.10000
    621     282030.40000
    622     300530.80000
    623     313849.80000
    624     307058.90000
    625     317611.30000
    626     352148.10000
    627     331506.60000
    628     260192.40000
    629     252249.50000
    630     313643.00000
    631     350634.10000
    632     363127.90000
    633     379075.90000
    634     367738.40000
    635     336341.10000
    636     316275.90000
    637     304832.30000
    638     296418.60000
    639     286551.80000
    640     266476.00000
    641     251607.50000
    642     259907.40000
    643     261493.40000
    644     251952.30000
    645     276910.30000
