      1     248271.30000
      2     230830.90000
      3     244717.90000
      4     262435.60000
      5     274265.60000
      6     269540.30000
      7     263463.60000
      8     274019.70000
      9     282581.20000
     10     278510.20000
     11     257042.30000
     12     225979.20000
     13     229579.80000
     14     263071.20000
     15     274611.20000
     16     256206.60000
     17     225128.40000
     18     209947.30000
     19     229088.70000
     20     243706.40000
     21     226633.90000
     22     212240.20000
     23     219632.00000
     24     216987.60000
     25     199503.10000
     26     209315.60000
     27     237960.60000
     28     237613.40000
     29     216169.40000
     30     210464.60000
     31     233265.50000
     32     277693.40000
     33     312393.30000
     34     303846.80000
     35     277962.20000
     36     283693.00000
     37     292254.60000
     38     275088.60000
     39     289663.90000
     40     343488.90000
     41     365504.40000
     42     331076.80000
     43     281222.30000
     44     291266.40000
     45     355807.10000
     46     369297.10000
     47     336395.40000
     48     330891.90000
     49     331786.90000
     50     332456.20000
     51     367161.90000
     52     413702.00000
     53     421171.00000
     54     386602.60000
     55     372791.40000
     56     407755.20000
     57     442259.60000
     58     458776.00000
     59     475793.90000
     60     490616.50000
     61     509851.20000
     62     536475.20000
     63     570707.40000
     64     648806.90000
     65     739929.50000
     66     773652.10000
     67     817476.00000
     68     946946.20000
     69    1142985.00000
     70    1430856.00000
     71    1762464.00000
     72    1924555.00000
     73    1838312.00000
     74    1674647.00000
     75    1574451.00000
     76    1535362.00000
     77    1558974.00000
     78    1681932.00000
     79    1895797.00000
     80    2133912.00000
     81    2333223.00000
     82    2491142.00000
     83    2655237.00000
     84    2888460.00000
     85    3231747.00000
     86    3691934.00000
     87    4288852.00000
     88    5061985.00000
     89    5941340.00000
     90    6794203.00000
     91    7572546.00000
     92    8483325.00000
     93    10677820.00000
     94    14740990.00000
     95    17382300.00000
     96    14908000.00000
     97    9547394.00000
     98    5766563.00000
     99    4077919.00000
    100    3085750.00000
    101    2423844.00000
    102    2039303.00000
    103    1777444.00000
    104    1601040.00000
    105    1471467.00000
    106    1351768.00000
    107    1283578.00000
    108    1288680.00000
    109    1351539.00000
    110    1529917.00000
    111    1737341.00000
    112    1679316.00000
    113    1344285.00000
    114    1028132.00000
    115     849770.60000
    116     753568.20000
    117     707998.40000
    118     662992.20000
    119     611578.80000
    120     611349.70000
    121     644517.90000
    122     635723.10000
    123     573311.60000
    124     530027.20000
    125     558676.20000
    126     615913.10000
    127     632286.10000
    128     592468.20000
    129     540406.80000
    130     518910.40000
    131     528449.40000
    132     562431.00000
    133     600845.10000
    134     602680.40000
    135     562993.50000
    136     521277.70000
    137     511525.40000
    138     524047.70000
    139     533170.10000
    140     554112.70000
    141     586267.90000
    142     563074.80000
    143     486525.40000
    144     458942.90000
    145     497335.40000
    146     514563.20000
    147     484248.40000
    148     461432.90000
    149     471072.90000
    150     473517.80000
    151     441131.60000
    152     405285.20000
    153     398604.60000
    154     412866.60000
    155     435264.80000
    156     456491.10000
    157     456577.40000
    158     427239.80000
    159     388249.60000
    160     377901.00000
    161     406230.40000
    162     437550.80000
    163     463661.60000
    164     503259.90000
    165     524027.60000
    166     501234.60000
    167     491487.10000
    168     517494.10000
    169     523352.10000
    170     507842.10000
    171     523663.40000
    172     575755.40000
    173     619326.90000
    174     613333.20000
    175     581276.00000
    176     579884.40000
    177     609671.20000
    178     649750.90000
    179     709156.00000
    180     766617.10000
    181     794984.80000
    182     834229.50000
    183     894828.20000
    184     940712.00000
    185     999946.80000
    186    1094466.00000
    187    1201077.00000
    188    1339650.00000
    189    1534186.00000
    190    1769668.00000
    191    2057430.00000
    192    2448989.00000
    193    3008281.00000
    194    3804083.00000
    195    4898162.00000
    196    6362120.00000
    197    8124327.00000
    198    9658722.00000
    199    10223280.00000
    200    9585898.00000
    201    8241796.00000
    202    6891813.00000
    203    5922296.00000
    204    5396417.00000
    205    5249309.00000
    206    5349255.00000
    207    5532594.00000
    208    5748604.00000
    209    6120532.00000
    210    6799487.00000
    211    7934624.00000
    212    9622172.00000
    213    12123490.00000
    214    16061060.00000
    215    20452280.00000
    216    21764580.00000
    217    18497770.00000
    218    13810920.00000
    219    10788890.00000
    220    9644103.00000
    221    9856560.00000
    222    11133400.00000
    223    14202810.00000
    224    20107770.00000
    225    26429900.00000
    226    28995290.00000
    227    26732880.00000
    228    20962380.00000
    229    14072250.00000
    230    8907692.00000
    231    6213285.00000
    232    4906426.00000
    233    4241743.00000
    234    3978078.00000
    235    3969896.00000
    236    3947047.00000
    237    3652007.00000
    238    3183796.00000
    239    2745048.00000
    240    2398970.00000
    241    2125912.00000
    242    1886771.00000
    243    1683245.00000
    244    1537563.00000
    245    1443681.00000
    246    1364726.00000
    247    1264797.00000
    248    1159508.00000
    249    1085413.00000
    250    1022097.00000
    251     956567.40000
    252     935563.00000
    253     946365.90000
    254     929138.40000
    255     904547.80000
    256     921461.90000
    257     935173.30000
    258     889163.10000
    259     834913.60000
    260     811743.40000
    261     792018.90000
    262     791635.10000
    263     827485.10000
    264     851523.70000
    265     822385.60000
    266     776773.10000
    267     775537.80000
    268     806915.90000
    269     808098.00000
    270     751865.10000
    271     696708.60000
    272     697500.40000
    273     715167.50000
    274     723409.00000
    275     741284.50000
    276     753428.30000
    277     745929.20000
    278     728618.90000
    279     697804.40000
    280     662668.20000
    281     660066.40000
    282     678636.10000
    283     675752.50000
    284     663890.00000
    285     639485.10000
    286     594719.10000
    287     603503.60000
    288     649970.00000
    289     636204.00000
    290     621881.20000
    291     663057.90000
    292     664096.40000
    293     627419.40000
    294     649897.40000
    295     703819.00000
    296     717174.20000
    297     717459.30000
    298     742055.60000
    299     737964.60000
    300     677816.10000
    301     635497.60000
    302     653011.20000
    303     698401.90000
    304     728179.80000
    305     712927.20000
    306     689026.60000
    307     721851.80000
    308     792021.50000
    309     833145.60000
    310     831994.60000
    311     810253.60000
    312     782882.30000
    313     774967.60000
    314     799545.10000
    315     825118.30000
    316     847998.50000
    317     903936.20000
    318     955427.00000
    319     960330.10000
    320     975167.20000
    321    1012163.00000
    322    1041877.00000
    323    1108077.00000
    324    1189939.00000
    325    1212239.00000
    326    1218684.00000
    327    1267837.00000
    328    1342010.00000
    329    1436400.00000
    330    1539508.00000
    331    1598790.00000
    332    1603728.00000
    333    1611031.00000
    334    1658058.00000
    335    1698740.00000
    336    1658735.00000
    337    1563573.00000
    338    1511705.00000
    339    1495953.00000
    340    1438104.00000
    341    1349045.00000
    342    1273567.00000
    343    1217499.00000
    344    1176823.00000
    345    1122812.00000
    346    1045724.00000
    347    1001299.00000
    348     992565.70000
    349     942728.00000
    350     863897.60000
    351     829188.90000
    352     826722.90000
    353     837273.80000
    354     844137.10000
    355     801235.70000
    356     765822.70000
    357     782740.50000
    358     761622.00000
    359     691484.40000
    360     663965.20000
    361     702945.10000
    362     748637.30000
    363     737794.10000
    364     686458.50000
    365     648054.60000
    366     639170.90000
    367     652297.60000
    368     653446.60000
    369     628911.20000
    370     614132.40000
    371     619762.80000
    372     637817.20000
    373     648233.50000
    374     614585.60000
    375     584170.40000
    376     601210.40000
    377     597715.70000
    378     586115.20000
    379     628950.70000
    380     653472.60000
    381     628953.40000
    382     613966.60000
    383     586750.10000
    384     547138.20000
    385     566109.10000
    386     634131.70000
    387     681250.60000
    388     679494.70000
    389     641472.40000
    390     599182.90000
    391     584230.40000
    392     594458.60000
    393     596070.20000
    394     569961.10000
    395     530435.90000
    396     501381.70000
    397     503754.70000
    398     535583.40000
    399     570351.10000
    400     603086.50000
    401     634955.50000
    402     633962.80000
    403     587810.50000
    404     541722.40000
    405     538034.90000
    406     556414.30000
    407     559249.00000
    408     566397.60000
    409     594226.80000
    410     593845.40000
    411     565819.40000
    412     577036.30000
    413     606990.30000
    414     602437.00000
    415     594889.90000
    416     595323.50000
    417     597819.90000
    418     648287.90000
    419     710136.80000
    420     699913.60000
    421     643126.80000
    422     576160.20000
    423     515588.30000
    424     514636.50000
    425     561980.60000
    426     603922.60000
    427     615280.60000
    428     579355.00000
    429     552909.10000
    430     574413.90000
    431     553723.10000
    432     479082.00000
    433     461750.30000
    434     507795.40000
    435     524871.10000
    436     511500.80000
    437     525514.60000
    438     540710.50000
    439     537061.00000
    440     555119.80000
    441     559473.80000
    442     518317.90000
    443     506646.00000
    444     546118.90000
    445     566465.90000
    446     543419.20000
    447     523728.10000
    448     538889.70000
    449     556487.00000
    450     557232.20000
    451     569840.10000
    452     586466.80000
    453     582934.70000
    454     570253.00000
    455     559818.10000
    456     546508.00000
    457     503711.50000
    458     457519.20000
    459     483365.60000
    460     526971.80000
    461     509599.30000
    462     508510.30000
    463     559617.90000
    464     589984.10000
    465     599206.80000
    466     620403.00000
    467     622495.50000
    468     590398.10000
    469     563725.80000
    470     565804.80000
    471     583283.20000
    472     605440.10000
    473     628286.40000
    474     633770.80000
    475     621863.60000
    476     630060.80000
    477     662145.90000
    478     681242.40000
    479     677330.90000
    480     649712.20000
    481     606583.40000
    482     592004.20000
    483     608360.90000
    484     607027.10000
    485     582933.30000
    486     558292.80000
    487     538979.10000
    488     534629.40000
    489     554577.90000
    490     596324.50000
    491     622891.90000
    492     588216.80000
    493     537020.10000
    494     556145.20000
    495     619823.40000
    496     625678.40000
    497     564473.10000
    498     524514.90000
    499     547959.10000
    500     606894.10000
    501     664332.90000
    502     687207.80000
    503     672966.90000
    504     649754.90000
    505     633951.90000
    506     628881.90000
    507     635158.80000
    508     644819.60000
    509     637912.30000
    510     603253.30000
    511     577723.80000
    512     604554.90000
    513     645099.40000
    514     630695.70000
    515     577309.10000
    516     560973.90000
    517     600797.10000
    518     619033.40000
    519     569488.30000
    520     528885.40000
    521     554293.10000
    522     598395.40000
    523     626701.50000
    524     647002.60000
    525     644267.10000
    526     615417.20000
    527     588737.80000
    528     571154.50000
    529     581826.80000
    530     630198.80000
    531     645114.90000
    532     612163.90000
    533     601882.20000
    534     611245.20000
    535     624748.60000
    536     657348.20000
    537     656202.10000
    538     601800.80000
    539     582357.10000
    540     623882.20000
    541     649401.60000
    542     646130.10000
    543     668601.70000
    544     700596.80000
    545     702290.70000
    546     698063.60000
    547     697132.00000
    548     680773.10000
    549     665376.30000
    550     663039.30000
    551     672759.90000
    552     707691.40000
    553     745358.00000
    554     740200.10000
    555     730067.10000
    556     790951.40000
    557     866883.40000
    558     861421.40000
    559     831826.30000
    560     854330.10000
    561     897416.20000
    562     937210.10000
    563     983001.10000
    564    1035389.00000
    565    1108150.00000
    566    1193393.00000
    567    1236330.00000
    568    1245043.00000
    569    1317684.00000
    570    1466127.00000
    571    1587938.00000
    572    1647833.00000
    573    1693515.00000
    574    1736173.00000
    575    1761608.00000
    576    1756349.00000
    577    1663210.00000
    578    1477720.00000
    579    1318768.00000
    580    1243865.00000
    581    1192678.00000
    582    1132872.00000
    583    1058518.00000
    584     956989.80000
    585     860946.20000
    586     820155.20000
    587     819864.40000
    588     793431.20000
    589     738138.50000
    590     724908.20000
    591     746032.70000
    592     723730.00000
    593     670735.60000
    594     649563.70000
    595     646691.10000
    596     625279.50000
    597     611090.70000
    598     634159.60000
    599     642885.20000
    600     593823.20000
    601     554805.50000
    602     575018.00000
    603     602090.10000
    604     609584.10000
    605     623941.10000
    606     633442.40000
    607     606561.40000
    608     574886.20000
    609     591442.70000
    610     623815.10000
    611     612866.40000
    612     574611.20000
    613     550699.60000
    614     545475.60000
    615     531370.90000
    616     508224.70000
    617     516984.60000
    618     542300.30000
    619     536542.50000
    620     524037.60000
    621     546337.20000
    622     580046.00000
    623     568600.40000
    624     511231.80000
    625     468505.30000
    626     472373.20000
    627     500425.80000
    628     514799.30000
    629     505755.10000
    630     502129.80000
    631     518476.60000
    632     529799.90000
    633     519962.40000
    634     511040.80000
    635     501879.10000
    636     471354.10000
    637     455738.10000
    638     481357.60000
    639     519635.90000
    640     539378.90000
    641     513921.10000
    642     478393.50000
    643     494154.80000
    644     529670.40000
    645     532153.10000
