      1     240896.20000
      2     295046.20000
      3     335194.20000
      4     328261.10000
      5     318014.50000
      6     315431.90000
      7     311774.50000
      8     327676.00000
      9     357743.00000
     10     355181.20000
     11     309580.20000
     12     280136.30000
     13     290824.90000
     14     315979.90000
     15     353460.50000
     16     370209.40000
     17     334630.10000
     18     307658.90000
     19     338868.70000
     20     400974.70000
     21     445403.30000
     22     436424.40000
     23     403792.90000
     24     394561.00000
     25     386895.10000
     26     375707.60000
     27     375954.10000
     28     370492.40000
     29     382318.60000
     30     417544.10000
     31     427990.20000
     32     430593.50000
     33     467375.40000
     34     509836.50000
     35     518687.00000
     36     526854.90000
     37     587003.00000
     38     672068.00000
     39     745216.50000
     40     837015.10000
     41     945278.20000
     42    1007510.00000
     43    1009307.00000
     44     995347.50000
     45     984141.10000
     46     954986.00000
     47     899567.10000
     48     840021.20000
     49     817922.40000
     50     864063.40000
     51     938389.20000
     52     975295.50000
     53     995651.80000
     54    1052812.00000
     55    1148761.00000
     56    1271938.00000
     57    1413864.00000
     58    1557696.00000
     59    1688990.00000
     60    1824314.00000
     61    1987284.00000
     62    2160406.00000
     63    2333861.00000
     64    2504474.00000
     65    2647214.00000
     66    2755794.00000
     67    2789074.00000
     68    2712888.00000
     69    2602670.00000
     70    2490288.00000
     71    2323674.00000
     72    2148344.00000
     73    2048917.00000
     74    2005960.00000
     75    1955753.00000
     76    1884340.00000
     77    1836880.00000
     78    1834914.00000
     79    1834412.00000
     80    1817247.00000
     81    1790958.00000
     82    1730847.00000
     83    1655011.00000
     84    1640355.00000
     85    1703460.00000
     86    1788165.00000
     87    1862424.00000
     88    1963562.00000
     89    2156613.00000
     90    2468012.00000
     91    2910582.00000
     92    3485802.00000
     93    4240447.00000
     94    5437126.00000
     95    7546142.00000
     96    11506620.00000
     97    17597070.00000
     98    22649080.00000
     99    22741290.00000
    100    19402320.00000
    101    16951330.00000
    102    15877030.00000
    103    14226430.00000
    104    11586370.00000
    105    8837047.00000
    106    6682708.00000
    107    5230854.00000
    108    4252516.00000
    109    3566782.00000
    110    3073334.00000
    111    2686072.00000
    112    2357040.00000
    113    2075830.00000
    114    1855272.00000
    115    1701833.00000
    116    1582208.00000
    117    1475007.00000
    118    1399878.00000
    119    1350520.00000
    120    1314618.00000
    121    1300152.00000
    122    1287324.00000
    123    1281063.00000
    124    1303448.00000
    125    1300072.00000
    126    1241054.00000
    127    1195744.00000
    128    1196098.00000
    129    1199411.00000
    130    1193746.00000
    131    1211425.00000
    132    1248394.00000
    133    1276440.00000
    134    1318417.00000
    135    1397417.00000
    136    1475409.00000
    137    1505030.00000
    138    1511346.00000
    139    1591698.00000
    140    1737886.00000
    141    1811534.00000
    142    1795265.00000
    143    1768125.00000
    144    1719660.00000
    145    1637913.00000
    146    1557913.00000
    147    1486348.00000
    148    1426706.00000
    149    1389390.00000
    150    1358942.00000
    151    1297800.00000
    152    1206539.00000
    153    1148914.00000
    154    1142206.00000
    155    1144493.00000
    156    1124002.00000
    157    1056918.00000
    158     981188.60000
    159     948858.30000
    160     935509.60000
    161     920405.40000
    162     917329.50000
    163     938663.40000
    164     950209.80000
    165     904804.30000
    166     863959.90000
    167     883843.30000
    168     897098.80000
    169     851103.90000
    170     774622.50000
    171     719486.70000
    172     707603.70000
    173     727228.90000
    174     757083.10000
    175     753283.40000
    176     715418.60000
    177     728680.50000
    178     793951.90000
    179     814199.60000
    180     790604.10000
    181     779214.80000
    182     789953.40000
    183     829936.00000
    184     889727.20000
    185     965260.50000
    186    1075734.00000
    187    1194265.00000
    188    1292110.00000
    189    1431386.00000
    190    1672930.00000
    191    2000259.00000
    192    2416923.00000
    193    2935865.00000
    194    3664743.00000
    195    4952146.00000
    196    7416052.00000
    197    11976540.00000
    198    18004390.00000
    199    21496950.00000
    200    19210500.00000
    201    13395650.00000
    202    8376076.00000
    203    5529162.00000
    204    4072710.00000
    205    3282518.00000
    206    2805868.00000
    207    2531782.00000
    208    2448740.00000
    209    2486198.00000
    210    2552708.00000
    211    2657581.00000
    212    2878433.00000
    213    3215033.00000
    214    3605274.00000
    215    4016498.00000
    216    4668318.00000
    217    5893144.00000
    218    8229364.00000
    219    13090070.00000
    220    20077640.00000
    221    24283580.00000
    222    22148850.00000
    223    18205840.00000
    224    19722630.00000
    225    25313660.00000
    226    26059520.00000
    227    19335180.00000
    228    11571290.00000
    229    7121222.00000
    230    5051902.00000
    231    4017749.00000
    232    3516014.00000
    233    3275358.00000
    234    3194546.00000
    235    3146182.00000
    236    3022887.00000
    237    2826004.00000
    238    2666976.00000
    239    2597114.00000
    240    2561450.00000
    241    2538949.00000
    242    2550044.00000
    243    2598551.00000
    244    2633240.00000
    245    2666027.00000
    246    2773556.00000
    247    2973734.00000
    248    3292846.00000
    249    3717474.00000
    250    4216681.00000
    251    4929188.00000
    252    6008779.00000
    253    7527878.00000
    254    9655941.00000
    255    12179350.00000
    256    13840510.00000
    257    13330730.00000
    258    10914990.00000
    259    8033422.00000
    260    5720158.00000
    261    4185621.00000
    262    3266906.00000
    263    2704536.00000
    264    2340792.00000
    265    2120232.00000
    266    1925422.00000
    267    1706767.00000
    268    1530179.00000
    269    1401662.00000
    270    1300123.00000
    271    1222940.00000
    272    1168599.00000
    273    1158183.00000
    274    1152330.00000
    275    1084224.00000
    276     990154.40000
    277     930188.30000
    278     915290.50000
    279     939057.60000
    280     943389.00000
    281     893143.40000
    282     873664.60000
    283     925261.10000
    284     943678.40000
    285     885730.70000
    286     854130.80000
    287     891033.10000
    288     908328.20000
    289     879447.10000
    290     872210.40000
    291     879808.20000
    292     844159.30000
    293     805408.60000
    294     824079.00000
    295     865725.10000
    296     891636.80000
    297     902424.20000
    298     906395.00000
    299     929285.90000
    300     948726.40000
    301     920363.80000
    302     900423.50000
    303     939904.10000
    304     969401.60000
    305     957815.20000
    306     979337.50000
    307    1034961.00000
    308    1062673.00000
    309    1091918.00000
    310    1143723.00000
    311    1161366.00000
    312    1147379.00000
    313    1143635.00000
    314    1153404.00000
    315    1181442.00000
    316    1214591.00000
    317    1230670.00000
    318    1252606.00000
    319    1287865.00000
    320    1310352.00000
    321    1318245.00000
    322    1318416.00000
    323    1307638.00000
    324    1284854.00000
    325    1253121.00000
    326    1218970.00000
    327    1191577.00000
    328    1168736.00000
    329    1129198.00000
    330    1089583.00000
    331    1098500.00000
    332    1122836.00000
    333    1087951.00000
    334    1011998.00000
    335     966485.90000
    336     963650.60000
    337     964497.60000
    338     945986.40000
    339     914481.80000
    340     895694.00000
    341     890490.90000
    342     861176.40000
    343     830415.80000
    344     847126.80000
    345     867363.00000
    346     841066.10000
    347     788829.10000
    348     755269.70000
    349     765295.90000
    350     772312.00000
    351     731764.20000
    352     694582.20000
    353     693521.90000
    354     701868.00000
    355     721773.80000
    356     745282.80000
    357     744325.00000
    358     733242.80000
    359     719149.80000
    360     705922.20000
    361     730539.00000
    362     753294.20000
    363     700777.20000
    364     636935.80000
    365     654414.20000
    366     715054.40000
    367     727225.80000
    368     671356.00000
    369     627837.90000
    370     660153.90000
    371     704166.60000
    372     688695.00000
    373     659911.10000
    374     673621.10000
    375     695810.80000
    376     679257.40000
    377     636576.20000
    378     604798.70000
    379     598271.40000
    380     624497.20000
    381     682174.70000
    382     711327.90000
    383     670335.00000
    384     624328.90000
    385     619262.70000
    386     629056.20000
    387     647311.20000
    388     663701.50000
    389     658691.40000
    390     659713.60000
    391     695150.20000
    392     732732.80000
    393     708554.90000
    394     632311.50000
    395     601336.90000
    396     637117.60000
    397     661616.10000
    398     666803.60000
    399     692116.10000
    400     696777.50000
    401     648880.80000
    402     618134.90000
    403     644880.40000
    404     664814.30000
    405     658646.30000
    406     673397.30000
    407     681069.20000
    408     661186.40000
    409     664912.60000
    410     667714.70000
    411     628868.40000
    412     596264.00000
    413     593668.00000
    414     606016.20000
    415     630216.20000
    416     648789.20000
    417     663912.40000
    418     693908.20000
    419     713481.60000
    420     713019.90000
    421     732686.60000
    422     764211.60000
    423     748354.00000
    424     693534.90000
    425     674434.60000
    426     705157.10000
    427     732333.90000
    428     733033.00000
    429     710176.50000
    430     668830.80000
    431     643020.40000
    432     659862.60000
    433     690173.40000
    434     691905.50000
    435     691908.50000
    436     724119.00000
    437     740747.10000
    438     731188.00000
    439     745182.60000
    440     754817.10000
    441     719373.40000
    442     682128.80000
    443     693424.40000
    444     750437.10000
    445     807393.40000
    446     825966.50000
    447     836773.20000
    448     882712.50000
    449     919373.60000
    450     895978.80000
    451     852383.90000
    452     836097.40000
    453     857622.60000
    454     911726.90000
    455     953102.00000
    456     957580.10000
    457     966454.80000
    458    1002494.00000
    459    1052123.00000
    460    1089168.00000
    461    1099710.00000
    462    1133096.00000
    463    1204792.00000
    464    1256439.00000
    465    1298297.00000
    466    1356246.00000
    467    1379184.00000
    468    1358137.00000
    469    1363329.00000
    470    1429575.00000
    471    1506740.00000
    472    1563562.00000
    473    1630416.00000
    474    1701449.00000
    475    1774987.00000
    476    1888938.00000
    477    2002565.00000
    478    2070449.00000
    479    2172196.00000
    480    2345660.00000
    481    2480613.00000
    482    2536732.00000
    483    2619311.00000
    484    2776934.00000
    485    2949153.00000
    486    3060458.00000
    487    3068797.00000
    488    3013402.00000
    489    2971121.00000
    490    2937734.00000
    491    2847710.00000
    492    2682750.00000
    493    2499272.00000
    494    2365186.00000
    495    2277874.00000
    496    2180305.00000
    497    2053691.00000
    498    1913694.00000
    499    1773099.00000
    500    1664052.00000
    501    1597538.00000
    502    1534272.00000
    503    1465500.00000
    504    1410000.00000
    505    1348986.00000
    506    1275292.00000
    507    1219638.00000
    508    1194672.00000
    509    1175278.00000
    510    1122103.00000
    511    1057336.00000
    512    1052655.00000
    513    1086572.00000
    514    1076729.00000
    515    1029084.00000
    516     996747.00000
    517     980688.20000
    518     971376.20000
    519     981548.00000
    520     991016.10000
    521     973172.80000
    522     943727.40000
    523     924031.00000
    524     931919.40000
    525     957107.30000
    526     942233.20000
    527     881815.90000
    528     847134.20000
    529     870117.10000
    530     916991.20000
    531     955906.00000
    532     969270.10000
    533     957426.50000
    534     949382.10000
    535     966232.90000
    536     996511.90000
    537    1002541.00000
    538     968580.90000
    539     934791.10000
    540     928131.10000
    541     946681.00000
    542    1012033.00000
    543    1109212.00000
    544    1154688.00000
    545    1144822.00000
    546    1185281.00000
    547    1277764.00000
    548    1330836.00000
    549    1378630.00000
    550    1497408.00000
    551    1652867.00000
    552    1791193.00000
    553    1894788.00000
    554    1971967.00000
    555    2080872.00000
    556    2237816.00000
    557    2338036.00000
    558    2304317.00000
    559    2197224.00000
    560    2094925.00000
    561    2002970.00000
    562    1885878.00000
    563    1709848.00000
    564    1505796.00000
    565    1358743.00000
    566    1292125.00000
    567    1253561.00000
    568    1199720.00000
    569    1138050.00000
    570    1109342.00000
    571    1110297.00000
    572    1083794.00000
    573    1014648.00000
    574     941053.80000
    575     892216.80000
    576     864897.60000
    577     843097.80000
    578     826814.20000
    579     821912.10000
    580     827524.60000
    581     832293.80000
    582     810547.40000
    583     761422.10000
    584     730582.10000
    585     748986.90000
    586     772216.10000
    587     755420.70000
    588     744395.90000
    589     754690.70000
    590     717102.30000
    591     665313.10000
    592     691478.50000
    593     751280.30000
    594     787441.40000
    595     820594.20000
    596     833476.70000
    597     802954.00000
    598     757232.30000
    599     730881.00000
    600     732461.10000
    601     748469.60000
    602     773731.60000
    603     777861.70000
    604     736184.50000
    605     701217.30000
    606     690343.50000
    607     681906.10000
    608     694168.30000
    609     698012.50000
    610     679741.20000
    611     699960.40000
    612     730888.20000
    613     722826.90000
    614     730837.70000
    615     751762.40000
    616     730509.10000
    617     710256.40000
    618     713924.30000
    619     704926.40000
    620     704494.40000
    621     721322.90000
    622     717358.60000
    623     700778.80000
    624     696643.70000
    625     694623.60000
    626     697363.10000
    627     722596.90000
    628     742624.90000
    629     727504.70000
    630     701915.80000
    631     698244.40000
    632     723250.90000
    633     736058.90000
    634     711483.40000
    635     721833.90000
    636     771314.60000
    637     776148.70000
    638     764539.30000
    639     762398.30000
    640     732026.60000
    641     726833.80000
    642     765899.90000
    643     778179.20000
    644     768978.00000
    645     766197.80000
