      1     307061.50000
      2     283510.40000
      3     258541.40000
      4     255583.60000
      5     267264.90000
      6     264334.60000
      7     238096.20000
      8     228099.60000
      9     257220.10000
     10     298124.00000
     11     305321.30000
     12     279197.60000
     13     268043.20000
     14     286329.10000
     15     306556.90000
     16     298939.50000
     17     270600.90000
     18     261836.50000
     19     280633.10000
     20     316127.40000
     21     344491.10000
     22     329467.00000
     23     305823.20000
     24     313055.90000
     25     310788.20000
     26     304470.70000
     27     330740.20000
     28     338955.50000
     29     311171.70000
     30     301290.20000
     31     315047.60000
     32     354508.90000
     33     407307.00000
     34     403372.60000
     35     348923.00000
     36     310745.20000
     37     307836.90000
     38     328842.60000
     39     338912.10000
     40     338322.90000
     41     360772.20000
     42     372310.00000
     43     348032.50000
     44     329679.10000
     45     333213.40000
     46     330672.00000
     47     310069.60000
     48     323054.00000
     49     379225.10000
     50     390101.10000
     51     359677.60000
     52     360855.60000
     53     369386.20000
     54     361072.10000
     55     376738.60000
     56     429261.80000
     57     457483.20000
     58     434482.20000
     59     453601.80000
     60     528522.20000
     61     545656.00000
     62     513813.80000
     63     511748.50000
     64     527651.80000
     65     538304.60000
     66     536157.50000
     67     527404.10000
     68     553318.50000
     69     599412.80000
     70     609872.80000
     71     613615.80000
     72     672143.80000
     73     750259.90000
     74     777644.60000
     75     773641.60000
     76     788084.50000
     77     820866.80000
     78     863639.20000
     79     918412.80000
     80    1009802.00000
     81    1144746.00000
     82    1269794.00000
     83    1409441.00000
     84    1654380.00000
     85    1980841.00000
     86    2352129.00000
     87    2838641.00000
     88    3509855.00000
     89    4406683.00000
     90    5667192.00000
     91    7634283.00000
     92    10877370.00000
     93    16075780.00000
     94    22854060.00000
     95    27910070.00000
     96    26965170.00000
     97    20290740.00000
     98    12726330.00000
     99    7704431.00000
    100    5075832.00000
    101    3653246.00000
    102    2768043.00000
    103    2197432.00000
    104    1848404.00000
    105    1617082.00000
    106    1444241.00000
    107    1280009.00000
    108    1130471.00000
    109    1072137.00000
    110    1058888.00000
    111     983889.60000
    112     881065.80000
    113     821239.00000
    114     794692.30000
    115     783997.80000
    116     774019.50000
    117     762757.50000
    118     785709.50000
    119     828930.70000
    120     853561.50000
    121     874189.20000
    122     892673.50000
    123     894770.40000
    124     912390.40000
    125     964534.10000
    126    1018968.00000
    127    1076951.00000
    128    1154920.00000
    129    1198104.00000
    130    1202969.00000
    131    1280574.00000
    132    1441324.00000
    133    1588313.00000
    134    1759896.00000
    135    2077088.00000
    136    2544936.00000
    137    3151870.00000
    138    4036050.00000
    139    5376745.00000
    140    7215236.00000
    141    9299167.00000
    142    10806330.00000
    143    10746490.00000
    144    9125880.00000
    145    6951730.00000
    146    5053044.00000
    147    3672598.00000
    148    2768019.00000
    149    2189528.00000
    150    1813775.00000
    151    1573606.00000
    152    1406897.00000
    153    1270911.00000
    154    1157071.00000
    155    1083443.00000
    156    1050486.00000
    157    1007636.00000
    158     917071.00000
    159     804327.40000
    160     725415.00000
    161     708323.10000
    162     707693.90000
    163     668113.20000
    164     609581.20000
    165     582460.90000
    166     604034.10000
    167     632046.30000
    168     623496.20000
    169     613398.40000
    170     630598.00000
    171     650739.10000
    172     641739.60000
    173     593069.70000
    174     556169.60000
    175     553744.10000
    176     557897.20000
    177     589748.40000
    178     616491.20000
    179     592838.30000
    180     601304.60000
    181     648465.60000
    182     643440.00000
    183     614576.50000
    184     625624.40000
    185     660329.80000
    186     677239.20000
    187     673172.80000
    188     676182.40000
    189     677376.20000
    190     686807.50000
    191     734001.10000
    192     764102.90000
    193     754617.90000
    194     764936.60000
    195     809408.60000
    196     872282.80000
    197     931020.10000
    198     950800.30000
    199     948257.60000
    200     965472.80000
    201    1009514.00000
    202    1077472.00000
    203    1172596.00000
    204    1316579.00000
    205    1508766.00000
    206    1685567.00000
    207    1850073.00000
    208    2051672.00000
    209    2281238.00000
    210    2546367.00000
    211    2855159.00000
    212    3239368.00000
    213    3833155.00000
    214    4843336.00000
    215    6435518.00000
    216    9098981.00000
    217    14140850.00000
    218    20812960.00000
    219    23927350.00000
    220    20260040.00000
    221    13817830.00000
    222    9533749.00000
    223    7785776.00000
    224    7086931.00000
    225    6621640.00000
    226    6119895.00000
    227    5554781.00000
    228    4933418.00000
    229    4333022.00000
    230    3844700.00000
    231    3440749.00000
    232    3121318.00000
    233    2905413.00000
    234    2748714.00000
    235    2636894.00000
    236    2601272.00000
    237    2609094.00000
    238    2578528.00000
    239    2509330.00000
    240    2432680.00000
    241    2369489.00000
    242    2376816.00000
    243    2530202.00000
    244    2879236.00000
    245    3315965.00000
    246    3848708.00000
    247    4727815.00000
    248    6776460.00000
    249    11995190.00000
    250    19331190.00000
    251    21922660.00000
    252    16576430.00000
    253    9065217.00000
    254    4529558.00000
    255    2576912.00000
    256    1761012.00000
    257    1425008.00000
    258    1234985.00000
    259    1125938.00000
    260    1028638.00000
    261     930136.60000
    262     855690.90000
    263     788741.20000
    264     755472.50000
    265     761912.00000
    266     752555.60000
    267     712487.90000
    268     699247.90000
    269     699238.10000
    270     638817.60000
    271     546489.40000
    272     518745.90000
    273     565899.90000
    274     591963.40000
    275     564496.50000
    276     541869.70000
    277     539253.50000
    278     541654.10000
    279     539645.10000
    280     524951.60000
    281     503644.50000
    282     486115.10000
    283     478617.80000
    284     476073.40000
    285     487703.80000
    286     513882.10000
    287     508236.60000
    288     471438.00000
    289     458159.20000
    290     470895.50000
    291     482475.80000
    292     480269.60000
    293     472057.40000
    294     495336.10000
    295     528698.50000
    296     498656.80000
    297     440879.00000
    298     433094.00000
    299     447692.70000
    300     446015.90000
    301     441263.50000
    302     436452.80000
    303     433386.40000
    304     434197.80000
    305     412880.20000
    306     376830.80000
    307     384536.20000
    308     433471.50000
    309     459363.80000
    310     457059.40000
    311     461691.50000
    312     463896.20000
    313     450338.20000
    314     437336.80000
    315     439265.70000
    316     452643.00000
    317     439721.80000
    318     400844.00000
    319     407510.10000
    320     448894.00000
    321     449045.00000
    322     413823.20000
    323     396898.00000
    324     426206.70000
    325     460775.30000
    326     446571.20000
    327     420789.10000
    328     421436.30000
    329     429352.10000
    330     439404.20000
    331     433434.60000
    332     391576.30000
    333     365101.80000
    334     392490.00000
    335     424557.50000
    336     432070.10000
    337     448931.40000
    338     481493.60000
    339     496031.20000
    340     467557.80000
    341     406668.40000
    342     368751.00000
    343     403878.10000
    344     478730.70000
    345     502601.20000
    346     464027.00000
    347     445723.50000
    348     473818.00000
    349     489681.80000
    350     468826.90000
    351     442711.90000
    352     428447.30000
    353     429326.70000
    354     451406.80000
    355     461570.40000
    356     436883.20000
    357     413079.70000
    358     391441.80000
    359     371872.80000
    360     404259.40000
    361     444274.30000
    362     422307.20000
    363     404543.30000
    364     424848.40000
    365     418299.80000
    366     402916.30000
    367     438247.20000
    368     473679.10000
    369     454297.40000
    370     438410.40000
    371     453195.60000
    372     449294.10000
    373     436890.60000
    374     434531.30000
    375     423254.20000
    376     423663.80000
    377     435933.80000
    378     426491.60000
    379     404132.10000
    380     382061.80000
    381     360436.90000
    382     349012.30000
    383     354028.40000
    384     374480.20000
    385     389044.80000
    386     394627.10000
    387     427503.80000
    388     471945.50000
    389     482804.90000
    390     469299.90000
    391     444445.20000
    392     426372.30000
    393     440591.40000
    394     439189.30000
    395     401729.50000
    396     407484.30000
    397     445860.20000
    398     430759.80000
    399     403349.20000
    400     428592.70000
    401     460183.40000
    402     457608.20000
    403     431207.40000
    404     395179.00000
    405     377720.60000
    406     384946.80000
    407     377590.80000
    408     358457.80000
    409     375655.80000
    410     402629.60000
    411     393869.90000
    412     394074.20000
    413     414284.20000
    414     404338.20000
    415     393046.70000
    416     429600.40000
    417     478077.90000
    418     496005.60000
    419     497991.00000
    420     483997.20000
    421     439709.80000
    422     415089.20000
    423     431501.10000
    424     437809.00000
    425     438987.30000
    426     449204.00000
    427     432930.70000
    428     402300.00000
    429     400555.40000
    430     421092.60000
    431     409897.70000
    432     365004.80000
    433     365782.90000
    434     400465.00000
    435     396134.70000
    436     390612.10000
    437     414742.90000
    438     430937.20000
    439     433758.60000
    440     432250.00000
    441     435420.80000
    442     436243.90000
    443     415574.90000
    444     409541.90000
    445     427553.40000
    446     402685.20000
    447     342071.50000
    448     328125.90000
    449     368866.60000
    450     416728.80000
    451     436989.20000
    452     408831.10000
    453     379278.80000
    454     406127.40000
    455     450761.40000
    456     469710.30000
    457     456321.30000
    458     423999.80000
    459     433109.60000
    460     464280.90000
    461     440944.60000
    462     404848.90000
    463     395465.10000
    464     384680.80000
    465     396244.80000
    466     426098.70000
    467     421505.10000
    468     403240.20000
    469     422202.70000
    470     470529.40000
    471     487699.10000
    472     443678.70000
    473     404792.90000
    474     416474.40000
    475     416438.20000
    476     375520.10000
    477     354412.90000
    478     367091.80000
    479     367165.20000
    480     356856.70000
    481     369517.70000
    482     400540.20000
    483     424485.70000
    484     433005.40000
    485     427642.40000
    486     406967.40000
    487     388079.10000
    488     375827.90000
    489     355838.20000
    490     365588.10000
    491     413222.00000
    492     425324.90000
    493     405666.10000
    494     426757.80000
    495     469894.40000
    496     459456.60000
    497     412399.30000
    498     411128.30000
    499     436822.60000
    500     415923.90000
    501     372233.40000
    502     360267.20000
    503     387141.90000
    504     433223.20000
    505     457539.40000
    506     450853.10000
    507     444580.70000
    508     443682.40000
    509     440432.80000
    510     437692.20000
    511     433348.70000
    512     428525.60000
    513     414245.40000
    514     380821.40000
    515     362470.80000
    516     383283.80000
    517     400175.80000
    518     394885.30000
    519     400705.20000
    520     398640.70000
    521     369294.20000
    522     368703.70000
    523     408340.20000
    524     427459.80000
    525     403155.20000
    526     362361.00000
    527     351705.40000
    528     400102.10000
    529     455304.00000
    530     439343.10000
    531     367217.60000
    532     312824.80000
    533     322565.30000
    534     398236.20000
    535     470144.10000
    536     467696.00000
    537     437903.10000
    538     446005.20000
    539     459887.50000
    540     443808.80000
    541     421596.90000
    542     412159.20000
    543     409181.80000
    544     411576.90000
    545     423183.60000
    546     443462.90000
    547     460825.70000
    548     458146.80000
    549     436453.50000
    550     417422.60000
    551     423206.20000
    552     440360.60000
    553     436862.50000
    554     431057.90000
    555     441545.60000
    556     436740.50000
    557     429227.50000
    558     452691.30000
    559     458702.10000
    560     411492.20000
    561     370703.10000
    562     401946.10000
    563     495444.70000
    564     550146.70000
    565     508445.10000
    566     473318.30000
    567     490023.10000
    568     469999.60000
    569     436008.60000
    570     455837.40000
    571     479260.60000
    572     476576.10000
    573     487367.80000
    574     511938.50000
    575     509335.60000
    576     481627.20000
    577     474126.50000
    578     489533.60000
    579     494271.60000
    580     471289.50000
    581     436638.50000
    582     435634.70000
    583     478920.80000
    584     528400.50000
    585     557546.20000
    586     566117.90000
    587     549289.20000
    588     509619.10000
    589     505169.90000
    590     550375.40000
    591     567392.90000
    592     551226.30000
    593     537441.70000
    594     501610.80000
    595     472758.80000
    596     510868.30000
    597     577985.60000
    598     599059.00000
    599     571113.70000
    600     534729.10000
    601     503973.30000
    602     477598.10000
    603     471690.60000
    604     500107.00000
    605     530276.70000
    606     528270.50000
    607     522100.90000
    608     520951.60000
    609     506822.90000
    610     509478.90000
    611     523395.40000
    612     510271.80000
    613     516932.20000
    614     561768.90000
    615     558137.90000
    616     507518.40000
    617     495433.70000
    618     514133.60000
    619     519666.50000
    620     505894.40000
    621     478706.10000
    622     465545.20000
    623     485832.20000
    624     525022.50000
    625     539686.90000
    626     501301.90000
    627     459882.50000
    628     461768.80000
    629     471145.50000
    630     455183.30000
    631     444233.00000
    632     474359.50000
    633     513048.90000
    634     503137.20000
    635     461851.40000
    636     446730.30000
    637     473184.30000
    638     507710.20000
    639     505726.10000
    640     474687.20000
    641     451204.00000
    642     430300.00000
    643     420369.90000
    644     448968.40000
    645     474064.20000
