      1     123911.50000
      2     117324.20000
      3     113331.20000
      4     163964.40000
      5     209846.10000
      6     208268.60000
      7     185618.90000
      8     160077.40000
      9     144866.00000
     10     153933.00000
     11     164436.10000
     12     141819.40000
     13      94919.56000
     14      85780.38000
     15     130214.40000
     16     147646.10000
     17     127810.40000
     18     157366.60000
     19     214200.40000
     20     202486.80000
     21     139905.80000
     22     104259.40000
     23     106286.50000
     24     125040.80000
     25     170605.90000
     26     236371.60000
     27     261921.80000
     28     219671.50000
     29     170123.20000
     30     164074.60000
     31     171671.00000
     32     171115.40000
     33     187492.60000
     34     210302.80000
     35     217688.20000
     36     243216.60000
     37     306097.00000
     38     372324.80000
     39     429855.80000
     40     502247.20000
     41     576934.20000
     42     608500.60000
     43     604229.40000
     44     611108.80000
     45     605588.40000
     46     549676.80000
     47     511858.40000
     48     540349.00000
     49     578732.90000
     50     591982.10000
     51     589868.60000
     52     605394.50000
     53     665716.80000
     54     737282.20000
     55     815506.40000
     56     948211.90000
     57    1116295.00000
     58    1257106.00000
     59    1373337.00000
     60    1524235.00000
     61    1759172.00000
     62    2127784.00000
     63    2705213.00000
     64    3610629.00000
     65    5001394.00000
     66    6828998.00000
     67    8466172.00000
     68    8918888.00000
     69    7848446.00000
     70    6042990.00000
     71    4456900.00000
     72    3358858.00000
     73    2621320.00000
     74    2143197.00000
     75    1858970.00000
     76    1697910.00000
     77    1591627.00000
     78    1502286.00000
     79    1435016.00000
     80    1393040.00000
     81    1394872.00000
     82    1439593.00000
     83    1441960.00000
     84    1371902.00000
     85    1297030.00000
     86    1259117.00000
     87    1248261.00000
     88    1239936.00000
     89    1236629.00000
     90    1262217.00000
     91    1327876.00000
     92    1404954.00000
     93    1523264.00000
     94    1757022.00000
     95    2106826.00000
     96    2689367.00000
     97    3781684.00000
     98    6422774.00000
     99    11441580.00000
    100    15629950.00000
    101    14551060.00000
    102    10053200.00000
    103    8009132.00000
    104    10972010.00000
    105    15530940.00000
    106    15652030.00000
    107    10778340.00000
    108    6093371.00000
    109    4033801.00000
    110    3212631.00000
    111    2657236.00000
    112    2198452.00000
    113    1807852.00000
    114    1538796.00000
    115    1353081.00000
    116    1204092.00000
    117    1079652.00000
    118     993070.90000
    119     943113.80000
    120     890316.10000
    121     836430.60000
    122     835691.60000
    123     848888.40000
    124     767831.40000
    125     651583.80000
    126     623761.60000
    127     675529.40000
    128     737022.10000
    129     757177.60000
    130     747069.50000
    131     738966.40000
    132     721238.60000
    133     674535.40000
    134     615197.90000
    135     586654.40000
    136     579034.70000
    137     548615.20000
    138     511955.60000
    139     480015.20000
    140     438653.60000
    141     426402.80000
    142     463572.80000
    143     505978.40000
    144     525534.60000
    145     521623.00000
    146     511970.30000
    147     520239.50000
    148     529657.20000
    149     512698.80000
    150     466699.90000
    151     421664.60000
    152     426629.00000
    153     470440.90000
    154     486607.70000
    155     454963.50000
    156     415617.80000
    157     392123.30000
    158     383548.20000
    159     404210.60000
    160     434176.20000
    161     431356.00000
    162     424882.10000
    163     456502.90000
    164     491267.80000
    165     492891.80000
    166     480186.40000
    167     451913.10000
    168     393472.40000
    169     346487.00000
    170     343280.40000
    171     355867.40000
    172     360173.20000
    173     366082.10000
    174     383844.90000
    175     412676.00000
    176     456597.40000
    177     503435.10000
    178     515333.20000
    179     501551.50000
    180     533178.40000
    181     619254.60000
    182     681610.90000
    183     692224.90000
    184     701326.20000
    185     744668.80000
    186     800845.80000
    187     847662.80000
    188     918886.20000
    189    1034246.00000
    190    1174951.00000
    191    1364199.00000
    192    1624065.00000
    193    1968782.00000
    194    2541684.00000
    195    3595740.00000
    196    5689416.00000
    197    9630970.00000
    198    14454060.00000
    199    16626930.00000
    200    14229460.00000
    201    9646950.00000
    202    5995126.00000
    203    4000640.00000
    204    3019632.00000
    205    2498362.00000
    206    2206488.00000
    207    2052237.00000
    208    1983030.00000
    209    2003629.00000
    210    2079491.00000
    211    2131106.00000
    212    2191455.00000
    213    2301328.00000
    214    2427235.00000
    215    2602248.00000
    216    2918642.00000
    217    3492736.00000
    218    4405756.00000
    219    6210820.00000
    220    9971070.00000
    221    14674940.00000
    222    16701730.00000
    223    14691510.00000
    224    12387430.00000
    225    13987610.00000
    226    17696270.00000
    227    17884310.00000
    228    13564310.00000
    229    8635090.00000
    230    5441038.00000
    231    3751147.00000
    232    2968928.00000
    233    2595770.00000
    234    2359009.00000
    235    2222995.00000
    236    2172482.00000
    237    2145996.00000
    238    2066532.00000
    239    1940924.00000
    240    1836060.00000
    241    1789574.00000
    242    1759120.00000
    243    1707762.00000
    244    1704276.00000
    245    1777857.00000
    246    1850134.00000
    247    1899858.00000
    248    1951371.00000
    249    1970615.00000
    250    1971851.00000
    251    1998400.00000
    252    2041165.00000
    253    2134800.00000
    254    2379898.00000
    255    2887100.00000
    256    3751264.00000
    257    5641188.00000
    258    9421839.00000
    259    13358880.00000
    260    13854790.00000
    261    10620150.00000
    262    6699842.00000
    263    4039310.00000
    264    2650065.00000
    265    2044682.00000
    266    1743739.00000
    267    1514925.00000
    268    1345864.00000
    269    1223183.00000
    270    1130735.00000
    271    1069288.00000
    272    1024282.00000
    273     974509.00000
    274     915100.10000
    275     859522.80000
    276     827136.40000
    277     821997.90000
    278     829029.90000
    279     805359.20000
    280     721408.50000
    281     657997.90000
    282     680753.70000
    283     703143.20000
    284     678903.40000
    285     663906.80000
    286     659939.60000
    287     665894.10000
    288     718832.70000
    289     787967.70000
    290     804569.10000
    291     769800.60000
    292     751354.60000
    293     771447.10000
    294     774118.20000
    295     753674.10000
    296     763344.90000
    297     807083.40000
    298     840395.10000
    299     819466.60000
    300     778959.30000
    301     812518.60000
    302     889483.80000
    303     906303.60000
    304     906141.10000
    305     970769.90000
    306    1038658.00000
    307    1056686.00000
    308    1089862.00000
    309    1163164.00000
    310    1219537.00000
    311    1242940.00000
    312    1284474.00000
    313    1376951.00000
    314    1480972.00000
    315    1564360.00000
    316    1631787.00000
    317    1667063.00000
    318    1705078.00000
    319    1789494.00000
    320    1840956.00000
    321    1809903.00000
    322    1757571.00000
    323    1728863.00000
    324    1726152.00000
    325    1695790.00000
    326    1601011.00000
    327    1513414.00000
    328    1464210.00000
    329    1399444.00000
    330    1311778.00000
    331    1227834.00000
    332    1165106.00000
    333    1130772.00000
    334    1091889.00000
    335    1031842.00000
    336    1002202.00000
    337    1010000.00000
    338     975365.90000
    339     876481.70000
    340     787648.10000
    341     755620.80000
    342     756895.20000
    343     767719.20000
    344     775126.80000
    345     750452.10000
    346     704862.80000
    347     675486.50000
    348     649247.80000
    349     617751.60000
    350     617731.40000
    351     653189.00000
    352     666347.00000
    353     632322.20000
    354     608747.60000
    355     624076.80000
    356     631163.20000
    357     597497.50000
    358     548916.90000
    359     537216.20000
    360     567547.60000
    361     583565.90000
    362     552109.50000
    363     517017.40000
    364     534038.60000
    365     568600.90000
    366     561159.80000
    367     542727.40000
    368     547083.40000
    369     532022.70000
    370     474146.90000
    371     428937.70000
    372     453550.40000
    373     509800.80000
    374     508020.60000
    375     460363.50000
    376     461675.70000
    377     502017.40000
    378     509673.80000
    379     502902.10000
    380     489718.20000
    381     443570.30000
    382     421021.80000
    383     456110.40000
    384     483871.40000
    385     471241.50000
    386     466719.90000
    387     504665.80000
    388     524706.70000
    389     476791.70000
    390     425158.00000
    391     421570.10000
    392     451483.70000
    393     492443.20000
    394     502187.30000
    395     483826.50000
    396     489559.60000
    397     510935.50000
    398     519985.90000
    399     516241.60000
    400     494120.60000
    401     472484.80000
    402     479902.70000
    403     492346.10000
    404     471353.60000
    405     439265.60000
    406     438854.90000
    407     451269.10000
    408     441295.50000
    409     434154.10000
    410     468933.00000
    411     511716.10000
    412     497200.30000
    413     451362.80000
    414     442843.30000
    415     453547.90000
    416     449672.40000
    417     459586.90000
    418     495101.10000
    419     526770.30000
    420     530959.90000
    421     511573.10000
    422     490934.10000
    423     478031.00000
    424     484208.20000
    425     518642.60000
    426     545450.70000
    427     541095.70000
    428     526067.90000
    429     516338.00000
    430     511338.10000
    431     493233.70000
    432     485699.90000
    433     533583.80000
    434     568047.50000
    435     536687.10000
    436     527721.00000
    437     559522.90000
    438     563033.90000
    439     555845.60000
    440     570677.10000
    441     581454.60000
    442     580711.30000
    443     583733.10000
    444     577491.30000
    445     554838.80000
    446     563078.60000
    447     616016.40000
    448     654211.90000
    449     668160.50000
    450     681706.40000
    451     681850.40000
    452     695365.40000
    453     745120.20000
    454     767952.10000
    455     740653.00000
    456     731922.80000
    457     765196.60000
    458     804465.50000
    459     841463.50000
    460     873851.10000
    461     913604.40000
    462     993388.70000
    463    1073688.00000
    464    1119078.00000
    465    1171210.00000
    466    1222520.00000
    467    1260105.00000
    468    1331993.00000
    469    1415693.00000
    470    1449868.00000
    471    1461584.00000
    472    1525606.00000
    473    1663474.00000
    474    1799797.00000
    475    1872177.00000
    476    1930030.00000
    477    2019528.00000
    478    2141674.00000
    479    2312603.00000
    480    2508138.00000
    481    2692723.00000
    482    2913550.00000
    483    3220006.00000
    484    3575944.00000
    485    3940985.00000
    486    4341740.00000
    487    4759392.00000
    488    5057779.00000
    489    5117264.00000
    490    4922157.00000
    491    4515106.00000
    492    3966578.00000
    493    3379426.00000
    494    2853108.00000
    495    2421743.00000
    496    2070920.00000
    497    1782023.00000
    498    1553326.00000
    499    1397716.00000
    500    1286622.00000
    501    1187519.00000
    502    1114767.00000
    503    1058955.00000
    504     996580.90000
    505     936523.50000
    506     900230.40000
    507     899334.60000
    508     901131.20000
    509     874402.60000
    510     839913.20000
    511     817775.20000
    512     810254.10000
    513     795874.70000
    514     741694.30000
    515     674539.00000
    516     635732.80000
    517     628777.30000
    518     672231.40000
    519     737261.20000
    520     743098.60000
    521     708097.40000
    522     678612.80000
    523     644552.20000
    524     634779.30000
    525     643663.90000
    526     620085.20000
    527     613661.80000
    528     665360.50000
    529     701430.40000
    530     675821.10000
    531     636365.60000
    532     645147.40000
    533     697924.30000
    534     726945.10000
    535     706556.80000
    536     683764.20000
    537     691222.80000
    538     727483.70000
    539     761963.40000
    540     752639.60000
    541     737498.90000
    542     776850.20000
    543     845289.20000
    544     911177.60000
    545     971500.80000
    546    1015039.00000
    547    1056767.00000
    548    1133630.00000
    549    1259997.00000
    550    1427280.00000
    551    1626718.00000
    552    1863476.00000
    553    2181761.00000
    554    2633316.00000
    555    3171449.00000
    556    3668837.00000
    557    4002818.00000
    558    4070229.00000
    559    3849911.00000
    560    3425642.00000
    561    2902310.00000
    562    2377758.00000
    563    1944777.00000
    564    1637795.00000
    565    1409660.00000
    566    1213889.00000
    567    1054392.00000
    568     934499.40000
    569     850065.80000
    570     794951.90000
    571     743518.70000
    572     691256.10000
    573     658456.20000
    574     650819.10000
    575     645597.50000
    576     603629.20000
    577     547754.00000
    578     536108.70000
    579     535503.20000
    580     509960.20000
    581     501296.30000
    582     510979.80000
    583     512736.50000
    584     510066.80000
    585     493685.10000
    586     475350.40000
    587     474288.10000
    588     466490.20000
    589     458256.60000
    590     478025.90000
    591     496361.70000
    592     477638.00000
    593     443087.50000
    594     434541.10000
    595     444974.50000
    596     428898.90000
    597     403737.40000
    598     430956.90000
    599     478759.80000
    600     466936.20000
    601     409915.60000
    602     369632.60000
    603     374820.90000
    604     424449.20000
    605     458640.50000
    606     430521.00000
    607     399367.60000
    608     406669.30000
    609     404490.20000
    610     370161.90000
    611     346642.40000
    612     365462.50000
    613     388125.40000
    614     370655.30000
    615     349278.60000
    616     368387.20000
    617     404424.50000
    618     420441.70000
    619     393269.90000
    620     328842.90000
    621     307467.60000
    622     364529.00000
    623     409612.80000
    624     405110.00000
    625     389229.10000
    626     358215.20000
    627     331651.50000
    628     344197.40000
    629     363172.40000
    630     353962.80000
    631     331636.70000
    632     328881.70000
    633     347235.40000
    634     352056.90000
    635     342712.10000
    636     360631.90000
    637     398591.20000
    638     401010.30000
    639     373468.40000
    640     370324.10000
    641     389765.50000
    642     397770.50000
    643     397198.80000
    644     401817.60000
    645     402779.40000
