      1     132900.40000
      2     158865.20000
      3     191092.20000
      4     203234.20000
      5     169586.60000
      6     132754.70000
      7     137584.40000
      8     164149.80000
      9     176792.80000
     10     166958.70000
     11     152938.80000
     12     147107.60000
     13     140581.90000
     14     140418.10000
     15     150937.10000
     16     144694.80000
     17     126027.00000
     18     119177.60000
     19      99405.69000
     20      61628.06000
     21      60234.12000
     22      97905.75000
     23      99314.38000
     24      55044.50000
     25      46839.75000
     26      94110.25000
     27     139338.00000
     28     150915.50000
     29     140354.50000
     30     135329.20000
     31     124017.60000
     32      76546.88000
     33      47471.75000
     34      95012.00000
     35     159782.50000
     36     179281.80000
     37     185004.50000
     38     192514.00000
     39     152620.50000
     40      92177.50000
     41     102709.40000
     42     140384.80000
     43     115480.50000
     44      87503.25000
     45     114265.20000
     46     150838.20000
     47     178143.60000
     48     190094.20000
     49     143437.50000
     50      69060.12000
     51      67619.88000
     52     127653.90000
     53     147935.10000
     54     125589.60000
     55     132288.40000
     56     170490.00000
     57     181551.50000
     58     163821.60000
     59     159861.00000
     60     162905.50000
     61     168018.20000
     62     195456.60000
     63     231543.50000
     64     272712.40000
     65     320854.50000
     66     327094.10000
     67     277079.50000
     68     238091.60000
     69     245219.50000
     70     269735.60000
     71     288773.00000
     72     293408.40000
     73     278904.90000
     74     254809.60000
     75     250940.40000
     76     286375.60000
     77     328679.80000
     78     350054.50000
     79     381072.60000
     80     475686.50000
     81     631539.20000
     82     750386.00000
     83     754251.00000
     84     708395.20000
     85     744828.20000
     86     880594.20000
     87    1000475.00000
     88    1046314.00000
     89    1079645.00000
     90    1158800.00000
     91    1250741.00000
     92    1295138.00000
     93    1357786.00000
     94    1548652.00000
     95    1825626.00000
     96    2124409.00000
     97    2487987.00000
     98    2965553.00000
     99    3650583.00000
    100    4677070.00000
    101    6093108.00000
    102    7961209.00000
    103    10210900.00000
    104    12191850.00000
    105    12874210.00000
    106    11850530.00000
    107    9885323.00000
    108    8079678.00000
    109    7053130.00000
    110    7048780.00000
    111    8599338.00000
    112    12998590.00000
    113    19154250.00000
    114    21410550.00000
    115    16832530.00000
    116    10089300.00000
    117    5905741.00000
    118    4057488.00000
    119    3085253.00000
    120    2503053.00000
    121    2153028.00000
    122    1954131.00000
    123    1811335.00000
    124    1718631.00000
    125    1754740.00000
    126    1825788.00000
    127    1739248.00000
    128    1488919.00000
    129    1224047.00000
    130    1031868.00000
    131     929923.40000
    132     875737.80000
    133     808021.80000
    134     740683.80000
    135     668414.20000
    136     592245.80000
    137     579833.80000
    138     615831.60000
    139     631527.60000
    140     623003.50000
    141     596230.10000
    142     540397.40000
    143     482575.50000
    144     463945.60000
    145     476103.50000
    146     505203.80000
    147     532306.50000
    148     504447.50000
    149     444803.40000
    150     423259.40000
    151     432421.20000
    152     447168.60000
    153     459643.70000
    154     449937.10000
    155     423539.60000
    156     418081.60000
    157     445552.40000
    158     459490.50000
    159     441109.10000
    160     441699.60000
    161     448350.50000
    162     411728.20000
    163     392267.80000
    164     433986.90000
    165     461353.60000
    166     420007.90000
    167     361697.60000
    168     364537.90000
    169     415934.00000
    170     456399.00000
    171     475526.20000
    172     473954.90000
    173     469255.60000
    174     494168.80000
    175     536527.50000
    176     574800.60000
    177     613285.80000
    178     657858.00000
    179     696316.00000
    180     710436.00000
    181     712359.00000
    182     748681.80000
    183     843760.00000
    184     945435.50000
    185    1009801.00000
    186    1074605.00000
    187    1192795.00000
    188    1390584.00000
    189    1648074.00000
    190    1927356.00000
    191    2268884.00000
    192    2758574.00000
    193    3491796.00000
    194    4678994.00000
    195    6747853.00000
    196    10444590.00000
    197    15890290.00000
    198    20535940.00000
    199    20661500.00000
    200    16283590.00000
    201    11016890.00000
    202    7323489.00000
    203    5276031.00000
    204    4265691.00000
    205    3728006.00000
    206    3327043.00000
    207    3026908.00000
    208    2819645.00000
    209    2655972.00000
    210    2564150.00000
    211    2587238.00000
    212    2735138.00000
    213    3034164.00000
    214    3568918.00000
    215    4327745.00000
    216    5219501.00000
    217    6332580.00000
    218    8108066.00000
    219    12579750.00000
    220    21078360.00000
    221    28109010.00000
    222    26734430.00000
    223    19967090.00000
    224    16293970.00000
    225    18733170.00000
    226    23129370.00000
    227    23130940.00000
    228    17756690.00000
    229    11891590.00000
    230    8639165.00000
    231    7388580.00000
    232    7250156.00000
    233    7834927.00000
    234    9023097.00000
    235    11046220.00000
    236    14875100.00000
    237    22500180.00000
    238    32736900.00000
    239    38199440.00000
    240    33723000.00000
    241    23699410.00000
    242    15062600.00000
    243    9821268.00000
    244    6935742.00000
    245    5333160.00000
    246    4392767.00000
    247    3824259.00000
    248    3446041.00000
    249    3142108.00000
    250    2876652.00000
    251    2622121.00000
    252    2374136.00000
    253    2207302.00000
    254    2139726.00000
    255    2075141.00000
    256    2019580.00000
    257    2026982.00000
    258    2035236.00000
    259    1980756.00000
    260    1863037.00000
    261    1711666.00000
    262    1606511.00000
    263    1616240.00000
    264    1677455.00000
    265    1674929.00000
    266    1621604.00000
    267    1608314.00000
    268    1636810.00000
    269    1642091.00000
    270    1636765.00000
    271    1659471.00000
    272    1679070.00000
    273    1714758.00000
    274    1812376.00000
    275    1903548.00000
    276    1927253.00000
    277    1956275.00000
    278    2073880.00000
    279    2240433.00000
    280    2378140.00000
    281    2499850.00000
    282    2643538.00000
    283    2795299.00000
    284    2923834.00000
    285    2985667.00000
    286    2947280.00000
    287    2848230.00000
    288    2744994.00000
    289    2628236.00000
    290    2483046.00000
    291    2347027.00000
    292    2242282.00000
    293    2123298.00000
    294    1963768.00000
    295    1824918.00000
    296    1736453.00000
    297    1631829.00000
    298    1492070.00000
    299    1391986.00000
    300    1346851.00000
    301    1288244.00000
    302    1218648.00000
    303    1193778.00000
    304    1180885.00000
    305    1127870.00000
    306    1076418.00000
    307    1083165.00000
    308    1105503.00000
    309    1055581.00000
    310     961771.60000
    311     919387.10000
    312     914108.80000
    313     894807.90000
    314     869300.50000
    315     850047.40000
    316     843105.30000
    317     828164.20000
    318     797013.00000
    319     791134.60000
    320     783453.00000
    321     735796.70000
    322     700545.10000
    323     692443.60000
    324     684073.80000
    325     689905.90000
    326     717491.50000
    327     731211.80000
    328     699183.00000
    329     657689.90000
    330     656619.10000
    331     671521.90000
    332     658534.00000
    333     629056.90000
    334     624587.20000
    335     641693.10000
    336     641582.60000
    337     627904.60000
    338     626389.40000
    339     634469.90000
    340     639707.40000
    341     645878.10000
    342     655313.00000
    343     646831.40000
    344     630365.50000
    345     651682.40000
    346     688315.90000
    347     675182.60000
    348     621915.20000
    349     583013.60000
    350     583448.90000
    351     611044.10000
    352     628043.50000
    353     622993.50000
    354     613133.70000
    355     589129.60000
    356     556162.40000
    357     551295.10000
    358     575973.00000
    359     602126.30000
    360     608277.70000
    361     590415.70000
    362     578822.50000
    363     585940.80000
    364     558909.90000
    365     490626.90000
    366     475702.80000
    367     548189.20000
    368     614959.80000
    369     612123.90000
    370     589620.90000
    371     595314.80000
    372     603977.40000
    373     613371.90000
    374     649789.90000
    375     682975.40000
    376     678759.30000
    377     652597.50000
    378     638057.30000
    379     678609.90000
    380     782302.00000
    381     872397.00000
    382     871209.20000
    383     786068.80000
    384     678718.30000
    385     619108.70000
    386     620472.10000
    387     621643.50000
    388     605690.40000
    389     604553.10000
    390     599835.20000
    391     577898.60000
    392     568150.60000
    393     567878.40000
    394     551598.20000
    395     535497.40000
    396     557528.90000
    397     595582.20000
    398     599420.20000
    399     592404.60000
    400     578425.20000
    401     521615.30000
    402     497149.80000
    403     537932.80000
    404     551024.60000
    405     551831.60000
    406     577694.30000
    407     574143.00000
    408     563914.60000
    409     586775.00000
    410     598575.90000
    411     574245.10000
    412     543773.90000
    413     550763.20000
    414     580827.40000
    415     578392.70000
    416     563757.90000
    417     572628.90000
    418     579263.60000
    419     574342.40000
    420     562683.70000
    421     553646.90000
    422     573019.20000
    423     593847.10000
    424     586605.80000
    425     580793.10000
    426     586086.90000
    427     592326.90000
    428     595236.80000
    429     572101.80000
    430     538228.10000
    431     555703.80000
    432     616540.90000
    433     645004.60000
    434     626359.80000
    435     606778.60000
    436     599921.20000
    437     578906.30000
    438     552424.90000
    439     570591.80000
    440     619024.10000
    441     634045.80000
    442     604390.80000
    443     557343.10000
    444     523579.10000
    445     529194.80000
    446     596363.90000
    447     698110.60000
    448     731563.90000
    449     685079.30000
    450     655767.50000
    451     651278.90000
    452     650680.40000
    453     680516.10000
    454     705194.10000
    455     703834.90000
    456     722813.40000
    457     751086.20000
    458     767332.20000
    459     788702.60000
    460     801072.60000
    461     810062.90000
    462     843911.80000
    463     884194.90000
    464     917634.40000
    465     947080.30000
    466     955546.60000
    467     961453.70000
    468    1001952.00000
    469    1043563.00000
    470    1054222.00000
    471    1079052.00000
    472    1138838.00000
    473    1203321.00000
    474    1268961.00000
    475    1336525.00000
    476    1378773.00000
    477    1397636.00000
    478    1425658.00000
    479    1463890.00000
    480    1512671.00000
    481    1588922.00000
    482    1688193.00000
    483    1805273.00000
    484    1913681.00000
    485    1976677.00000
    486    2020218.00000
    487    2065538.00000
    488    2078424.00000
    489    2061726.00000
    490    2059261.00000
    491    2059163.00000
    492    2016082.00000
    493    1941513.00000
    494    1886730.00000
    495    1856942.00000
    496    1795794.00000
    497    1692288.00000
    498    1593780.00000
    499    1513159.00000
    500    1459591.00000
    501    1424657.00000
    502    1365206.00000
    503    1300772.00000
    504    1261879.00000
    505    1224924.00000
    506    1180998.00000
    507    1143265.00000
    508    1102989.00000
    509    1061598.00000
    510    1048285.00000
    511    1033226.00000
    512     991867.80000
    513     977795.10000
    514     969876.90000
    515     926737.50000
    516     895629.40000
    517     878603.70000
    518     849466.60000
    519     839900.70000
    520     874470.00000
    521     922567.50000
    522     928313.00000
    523     892119.10000
    524     864679.60000
    525     852797.30000
    526     846852.60000
    527     869250.90000
    528     915768.40000
    529     948257.10000
    530     946870.10000
    531     932623.80000
    532     947571.60000
    533     989311.00000
    534    1028399.00000
    535    1068121.00000
    536    1107271.00000
    537    1133493.00000
    538    1163882.00000
    539    1233117.00000
    540    1327911.00000
    541    1388153.00000
    542    1436257.00000
    543    1534580.00000
    544    1653690.00000
    545    1780774.00000
    546    1945810.00000
    547    2152583.00000
    548    2441112.00000
    549    2794927.00000
    550    3108746.00000
    551    3379494.00000
    552    3626614.00000
    553    3754422.00000
    554    3667177.00000
    555    3353764.00000
    556    2924146.00000
    557    2531654.00000
    558    2202647.00000
    559    1900058.00000
    560    1648027.00000
    561    1481602.00000
    562    1378844.00000
    563    1283951.00000
    564    1190386.00000
    565    1133607.00000
    566    1090174.00000
    567    1007698.00000
    568     909669.20000
    569     840975.70000
    570     794946.50000
    571     766893.50000
    572     757970.40000
    573     748224.50000
    574     738535.60000
    575     743123.60000
    576     743217.10000
    577     711032.20000
    578     661918.80000
    579     639803.20000
    580     657311.40000
    581     669652.00000
    582     626000.40000
    583     563533.70000
    584     570852.60000
    585     638405.40000
    586     677118.80000
    587     659791.80000
    588     618533.60000
    589     584211.80000
    590     585267.50000
    591     611892.40000
    592     620759.20000
    593     599261.80000
    594     574441.60000
    595     587844.10000
    596     632674.60000
    597     646017.00000
    598     595204.80000
    599     515930.30000
    600     494068.40000
    601     553753.10000
    602     596434.90000
    603     574390.40000
    604     558428.90000
    605     576711.70000
    606     579293.90000
    607     548829.90000
    608     528649.20000
    609     563019.30000
    610     614762.20000
    611     593930.40000
    612     529726.80000
    613     521916.10000
    614     545219.10000
    615     534299.10000
    616     518363.60000
    617     536208.20000
    618     555659.60000
    619     547275.50000
    620     533310.80000
    621     539772.10000
    622     579437.10000
    623     618840.10000
    624     607192.80000
    625     563372.20000
    626     519173.50000
    627     497730.60000
    628     530931.60000
    629     583024.10000
    630     591112.50000
    631     564858.00000
    632     542276.00000
    633     530117.30000
    634     528211.40000
    635     529959.60000
    636     529987.80000
    637     548327.20000
    638     574697.40000
    639     580516.70000
    640     585329.60000
    641     617021.60000
    642     649499.00000
    643     620377.80000
    644     550642.10000
    645     542135.50000
