      1     202791.20000
      2     228084.90000
      3     272416.60000
      4     265373.70000
      5     208065.60000
      6     167557.30000
      7     177379.80000
      8     214416.60000
      9     236472.60000
     10     229887.30000
     11     216888.30000
     12     219706.80000
     13     242523.60000
     14     254826.30000
     15     225701.60000
     16     210186.70000
     17     251896.10000
     18     266295.10000
     19     220866.60000
     20     200062.20000
     21     218915.20000
     22     234573.50000
     23     227269.10000
     24     195392.20000
     25     192957.10000
     26     251520.50000
     27     288161.40000
     28     247490.90000
     29     201048.60000
     30     197943.80000
     31     186553.40000
     32     148778.60000
     33     141333.80000
     34     180251.10000
     35     216886.60000
     36     228608.10000
     37     229670.20000
     38     224072.20000
     39     231766.00000
     40     262791.20000
     41     272312.90000
     42     262192.40000
     43     282640.90000
     44     305035.90000
     45     283919.50000
     46     257024.80000
     47     251306.20000
     48     237766.80000
     49     224219.40000
     50     231177.10000
     51     233105.90000
     52     245806.20000
     53     294159.90000
     54     316325.00000
     55     298748.10000
     56     294998.60000
     57     285972.90000
     58     275825.20000
     59     311755.60000
     60     349173.20000
     61     360500.40000
     62     390019.80000
     63     405606.00000
     64     376143.80000
     65     388852.60000
     66     460786.20000
     67     476188.40000
     68     439245.80000
     69     455103.40000
     70     483768.40000
     71     452938.10000
     72     426918.50000
     73     445412.90000
     74     470128.90000
     75     502072.90000
     76     533597.90000
     77     543619.20000
     78     569174.80000
     79     622380.60000
     80     696134.60000
     81     820130.90000
     82     948044.60000
     83     982606.40000
     84     945459.80000
     85     938455.80000
     86     987372.80000
     87    1059299.00000
     88    1153458.00000
     89    1238385.00000
     90    1263586.00000
     91    1285707.00000
     92    1386919.00000
     93    1566082.00000
     94    1786825.00000
     95    2007380.00000
     96    2212070.00000
     97    2429768.00000
     98    2720729.00000
     99    3168369.00000
    100    3801138.00000
    101    4595990.00000
    102    5596041.00000
    103    6875782.00000
    104    8436398.00000
    105    10116130.00000
    106    11508540.00000
    107    12206770.00000
    108    12297400.00000
    109    12553150.00000
    110    13944450.00000
    111    16215080.00000
    112    17135590.00000
    113    14889220.00000
    114    10677150.00000
    115    6996960.00000
    116    4746481.00000
    117    3471656.00000
    118    2687674.00000
    119    2182355.00000
    120    1884104.00000
    121    1681671.00000
    122    1481070.00000
    123    1338948.00000
    124    1328414.00000
    125    1418032.00000
    126    1463248.00000
    127    1325111.00000
    128    1061363.00000
    129     838350.20000
    130     736337.90000
    131     725901.70000
    132     692248.40000
    133     598892.50000
    134     558259.90000
    135     569285.40000
    136     515873.10000
    137     428661.90000
    138     411893.40000
    139     448703.30000
    140     468773.20000
    141     467657.00000
    142     449995.20000
    143     420974.90000
    144     429450.20000
    145     464839.70000
    146     477459.50000
    147     466513.20000
    148     436264.20000
    149     416580.00000
    150     423092.50000
    151     419228.90000
    152     429698.90000
    153     484065.80000
    154     522057.40000
    155     505866.70000
    156     474210.90000
    157     469062.90000
    158     487066.30000
    159     499215.10000
    160     497195.40000
    161     488321.20000
    162     472096.10000
    163     461443.00000
    164     490196.10000
    165     549613.40000
    166     568379.80000
    167     544573.00000
    168     557423.00000
    169     600635.00000
    170     618993.10000
    171     611871.90000
    172     589067.80000
    173     578218.80000
    174     614547.60000
    175     685424.00000
    176     752109.50000
    177     796175.10000
    178     841085.50000
    179     902435.80000
    180     950204.60000
    181     973001.40000
    182    1011185.00000
    183    1103175.00000
    184    1235662.00000
    185    1384889.00000
    186    1563110.00000
    187    1755212.00000
    188    1924712.00000
    189    2142650.00000
    190    2498567.00000
    191    2928566.00000
    192    3396156.00000
    193    4064807.00000
    194    5115657.00000
    195    6676335.00000
    196    8948646.00000
    197    11821140.00000
    198    14159390.00000
    199    14434970.00000
    200    12448660.00000
    201    9515976.00000
    202    6962868.00000
    203    5247818.00000
    204    4235688.00000
    205    3649774.00000
    206    3302714.00000
    207    3096988.00000
    208    2972890.00000
    209    2938203.00000
    210    3005253.00000
    211    3165056.00000
    212    3450409.00000
    213    3908556.00000
    214    4530438.00000
    215    5303703.00000
    216    6365858.00000
    217    7977277.00000
    218    11157270.00000
    219    17147230.00000
    220    23363690.00000
    221    24348630.00000
    222    20086630.00000
    223    16629240.00000
    224    17531780.00000
    225    20082410.00000
    226    19653670.00000
    227    15581120.00000
    228    11152610.00000
    229    8659500.00000
    230    7854526.00000
    231    7991058.00000
    232    8765503.00000
    233    10181680.00000
    234    12238150.00000
    235    15094050.00000
    236    19546520.00000
    237    25042190.00000
    238    27554230.00000
    239    23918170.00000
    240    16789330.00000
    241    10764070.00000
    242    7130447.00000
    243    5039796.00000
    244    3812722.00000
    245    3091108.00000
    246    2642939.00000
    247    2320236.00000
    248    2057055.00000
    249    1827830.00000
    250    1623157.00000
    251    1443127.00000
    252    1265288.00000
    253    1111875.00000
    254    1028496.00000
    255    1001660.00000
    256    1005876.00000
    257    1015766.00000
    258     988051.80000
    259     902688.00000
    260     795719.50000
    261     730252.80000
    262     718255.40000
    263     729696.40000
    264     753010.00000
    265     771436.10000
    266     779564.00000
    267     796017.50000
    268     814620.50000
    269     825202.50000
    270     820525.40000
    271     811209.10000
    272     828102.60000
    273     845639.50000
    274     848039.20000
    275     874708.80000
    276     910673.20000
    277     932479.80000
    278     959694.20000
    279     987171.80000
    280    1014816.00000
    281    1057103.00000
    282    1099668.00000
    283    1133010.00000
    284    1146600.00000
    285    1122075.00000
    286    1082736.00000
    287    1053044.00000
    288    1023748.00000
    289    1005672.00000
    290     999623.00000
    291     969730.30000
    292     921930.10000
    293     877803.60000
    294     820298.80000
    295     758595.90000
    296     708567.70000
    297     669694.60000
    298     657532.00000
    299     640522.10000
    300     590027.10000
    301     551338.10000
    302     539799.70000
    303     537362.40000
    304     526245.50000
    305     480507.10000
    306     430872.40000
    307     423482.00000
    308     445929.10000
    309     462288.10000
    310     430348.70000
    311     361308.90000
    312     329847.10000
    313     334406.60000
    314     324172.80000
    315     314158.00000
    316     313455.80000
    317     306767.20000
    318     308446.70000
    319     324349.10000
    320     334159.40000
    321     324190.40000
    322     317579.50000
    323     325521.20000
    324     308177.70000
    325     273144.80000
    326     267701.80000
    327     288623.80000
    328     312885.10000
    329     312034.70000
    330     275833.20000
    331     254329.80000
    332     263061.60000
    333     252212.10000
    334     227140.60000
    335     225094.50000
    336     231260.30000
    337     239785.60000
    338     248327.20000
    339     230119.90000
    340     205871.10000
    341     200078.90000
    342     199302.30000
    343     219671.80000
    344     263625.80000
    345     280166.50000
    346     257135.20000
    347     239483.60000
    348     247136.40000
    349     262287.30000
    350     269333.50000
    351     251077.40000
    352     209448.00000
    353     192905.60000
    354     220970.50000
    355     248157.80000
    356     249579.40000
    357     247680.70000
    358     261417.70000
    359     289707.50000
    360     326055.80000
    361     353709.50000
    362     346298.70000
    363     308424.20000
    364     268820.80000
    365     241321.40000
    366     229489.40000
    367     223539.60000
    368     231065.40000
    369     275528.30000
    370     310252.70000
    371     281356.30000
    372     245739.90000
    373     272648.70000
    374     320680.60000
    375     326365.10000
    376     315768.60000
    377     329855.80000
    378     354434.20000
    379     380280.50000
    380     415008.40000
    381     437641.00000
    382     423717.30000
    383     376001.80000
    384     305917.80000
    385     252001.50000
    386     249239.40000
    387     254445.20000
    388     237820.20000
    389     232313.60000
    390     237891.10000
    391     251188.10000
    392     280076.80000
    393     284273.40000
    394     255847.60000
    395     250347.30000
    396     274141.40000
    397     278794.50000
    398     260189.10000
    399     260416.00000
    400     273903.10000
    401     260597.10000
    402     242965.20000
    403     257830.60000
    404     280856.20000
    405     281472.60000
    406     265732.80000
    407     253919.40000
    408     235138.70000
    409     203548.90000
    410     213308.10000
    411     263632.20000
    412     284885.30000
    413     269755.00000
    414     239780.50000
    415     212593.40000
    416     218169.80000
    417     247379.80000
    418     277883.30000
    419     300592.20000
    420     292327.20000
    421     266872.40000
    422     265652.70000
    423     273582.60000
    424     268216.50000
    425     262016.80000
    426     254168.80000
    427     249709.20000
    428     258908.10000
    429     272693.50000
    430     277263.50000
    431     257031.00000
    432     244853.90000
    433     277120.10000
    434     293809.00000
    435     273755.50000
    436     283277.10000
    437     304373.90000
    438     287822.40000
    439     270893.10000
    440     270215.40000
    441     257745.60000
    442     249468.30000
    443     269584.00000
    444     295447.50000
    445     293985.60000
    446     272643.60000
    447     261631.50000
    448     270128.60000
    449     291302.30000
    450     308477.90000
    451     311285.50000
    452     307134.90000
    453     294923.60000
    454     277838.70000
    455     271811.90000
    456     280882.70000
    457     296434.80000
    458     303755.10000
    459     296364.00000
    460     286973.00000
    461     300871.50000
    462     351648.50000
    463     409453.40000
    464     429156.20000
    465     412954.90000
    466     383812.70000
    467     339020.40000
    468     307389.60000
    469     334654.80000
    470     386712.70000
    471     406419.70000
    472     397871.20000
    473     392870.50000
    474     401048.90000
    475     408491.00000
    476     410567.80000
    477     402552.20000
    478     372781.90000
    479     341601.20000
    480     353362.30000
    481     412984.70000
    482     461343.00000
    483     464750.60000
    484     452744.70000
    485     433835.20000
    486     410976.60000
    487     403795.60000
    488     390170.00000
    489     369272.00000
    490     391554.40000
    491     436219.30000
    492     451213.60000
    493     461972.30000
    494     468144.70000
    495     436595.70000
    496     418671.20000
    497     442500.90000
    498     447581.60000
    499     426032.60000
    500     410759.20000
    501     399836.10000
    502     408285.40000
    503     429710.60000
    504     422526.10000
    505     417731.90000
    506     443191.20000
    507     451192.20000
    508     432647.20000
    509     415327.40000
    510     402148.40000
    511     395293.30000
    512     395800.90000
    513     388287.80000
    514     370020.20000
    515     367743.80000
    516     384350.20000
    517     392914.60000
    518     392738.50000
    519     394214.90000
    520     401375.10000
    521     420735.30000
    522     440121.30000
    523     444744.80000
    524     447080.30000
    525     453281.10000
    526     447896.90000
    527     443889.90000
    528     480964.50000
    529     543736.20000
    530     564794.40000
    531     545821.50000
    532     536159.00000
    533     534131.20000
    534     559527.00000
    535     620043.10000
    536     646341.70000
    537     634445.30000
    538     621331.90000
    539     618245.60000
    540     663224.50000
    541     736267.40000
    542     788884.70000
    543     853150.10000
    544     945719.90000
    545    1018281.00000
    546    1055095.00000
    547    1107842.00000
    548    1190131.00000
    549    1250792.00000
    550    1291229.00000
    551    1330125.00000
    552    1342726.00000
    553    1333882.00000
    554    1288784.00000
    555    1184671.00000
    556    1087179.00000
    557     997362.80000
    558     861375.90000
    559     767526.50000
    560     766515.10000
    561     745674.90000
    562     670306.90000
    563     624323.70000
    564     617690.10000
    565     592058.90000
    566     526099.10000
    567     419376.00000
    568     334246.60000
    569     356411.00000
    570     401537.40000
    571     363921.80000
    572     326277.00000
    573     343044.70000
    574     340978.30000
    575     327366.00000
    576     356074.50000
    577     369139.80000
    578     329985.80000
    579     297411.30000
    580     292121.80000
    581     297250.10000
    582     296466.50000
    583     283564.00000
    584     284899.80000
    585     303714.80000
    586     311535.30000
    587     298186.80000
    588     285801.30000
    589     300664.20000
    590     320878.50000
    591     311007.20000
    592     294335.90000
    593     309319.50000
    594     330646.40000
    595     317939.10000
    596     296842.50000
    597     301640.90000
    598     303857.50000
    599     279653.10000
    600     268527.20000
    601     287995.90000
    602     312433.50000
    603     344589.80000
    604     364818.50000
    605     328818.80000
    606     261336.30000
    607     231446.20000
    608     264982.40000
    609     300391.80000
    610     274493.40000
    611     230969.10000
    612     232654.80000
    613     247048.50000
    614     228592.50000
    615     227040.70000
    616     269687.90000
    617     284956.30000
    618     272150.60000
    619     285484.30000
    620     303236.90000
    621     308114.20000
    622     288260.60000
    623     238250.70000
    624     235644.40000
    625     276036.60000
    626     269914.00000
    627     243821.20000
    628     236026.60000
    629     244045.00000
    630     280647.40000
    631     302910.90000
    632     296388.50000
    633     299279.50000
    634     295457.30000
    635     270267.40000
    636     251338.50000
    637     259485.80000
    638     276299.00000
    639     273996.60000
    640     262614.60000
    641     268921.10000
    642     302303.00000
    643     325510.20000
    644     304677.80000
    645     267489.40000
