      1     179035.60000
      2     196192.60000
      3     199130.90000
      4     189132.10000
      5     156456.60000
      6     132020.40000
      7     133265.80000
      8     111591.20000
      9      80696.62000
     10      90738.50000
     11     109974.90000
     12     119222.60000
     13     144792.80000
     14     153239.40000
     15     127533.00000
     16     126592.50000
     17     152783.60000
     18     165994.80000
     19     164579.60000
     20     141761.10000
     21     126141.60000
     22     167861.90000
     23     208779.20000
     24     183501.30000
     25     145403.30000
     26     145853.10000
     27     173559.30000
     28     197570.20000
     29     181072.20000
     30     155903.50000
     31     172376.70000
     32     178240.20000
     33     157359.10000
     34     169053.70000
     35     189089.10000
     36     183548.40000
     37     170961.90000
     38     157086.20000
     39     168815.80000
     40     205341.40000
     41     214667.00000
     42     211469.10000
     43     235997.80000
     44     256951.60000
     45     243510.20000
     46     227382.80000
     47     228352.90000
     48     225529.50000
     49     225169.80000
     50     236786.40000
     51     232882.10000
     52     206831.40000
     53     181089.50000
     54     174793.20000
     55     206216.60000
     56     260664.70000
     57     276074.90000
     58     240580.20000
     59     219227.00000
     60     234561.70000
     61     257167.60000
     62     270963.30000
     63     266083.10000
     64     258204.60000
     65     265895.30000
     66     269267.40000
     67     264885.20000
     68     269518.50000
     69     274064.80000
     70     265210.80000
     71     267248.40000
     72     314699.20000
     73     367208.40000
     74     355587.00000
     75     315298.80000
     76     327811.10000
     77     375461.50000
     78     395928.10000
     79     403405.50000
     80     433152.40000
     81     473869.90000
     82     514402.10000
     83     540676.20000
     84     526264.40000
     85     481956.00000
     86     468992.60000
     87     532882.90000
     88     623699.40000
     89     677856.00000
     90     709031.80000
     91     739362.50000
     92     797681.40000
     93     889691.80000
     94     979625.80000
     95    1118531.00000
     96    1321321.00000
     97    1491846.00000
     98    1671131.00000
     99    1960998.00000
    100    2354210.00000
    101    2864273.00000
    102    3582664.00000
    103    4668863.00000
    104    6355906.00000
    105    9040849.00000
    106    12891500.00000
    107    16451290.00000
    108    17116050.00000
    109    14464080.00000
    110    10890070.00000
    111    8296400.00000
    112    6666810.00000
    113    5492138.00000
    114    4563081.00000
    115    3808401.00000
    116    3213794.00000
    117    2761460.00000
    118    2386144.00000
    119    2052832.00000
    120    1793230.00000
    121    1621877.00000
    122    1508011.00000
    123    1413207.00000
    124    1291106.00000
    125    1135787.00000
    126    1007252.00000
    127     928219.10000
    128     860267.80000
    129     803344.10000
    130     773469.60000
    131     735698.60000
    132     666378.00000
    133     590351.40000
    134     547934.40000
    135     553323.10000
    136     559322.90000
    137     525973.90000
    138     487834.50000
    139     484331.90000
    140     494103.80000
    141     484156.30000
    142     470752.80000
    143     468937.30000
    144     451992.80000
    145     416367.50000
    146     389759.90000
    147     375377.40000
    148     364530.80000
    149     363998.70000
    150     376074.50000
    151     395296.80000
    152     410938.90000
    153     397485.60000
    154     354256.80000
    155     317020.20000
    156     310805.70000
    157     339538.80000
    158     378798.50000
    159     391092.10000
    160     377690.00000
    161     362778.20000
    162     359906.50000
    163     371311.60000
    164     380142.30000
    165     381430.70000
    166     394619.60000
    167     405802.90000
    168     401025.60000
    169     416057.40000
    170     434836.70000
    171     403478.90000
    172     367150.20000
    173     379808.20000
    174     398401.40000
    175     395785.90000
    176     400755.20000
    177     427769.80000
    178     462450.20000
    179     466694.50000
    180     445545.00000
    181     472909.90000
    182     528772.10000
    183     519496.20000
    184     495268.60000
    185     533383.40000
    186     570614.40000
    187     576606.20000
    188     587773.90000
    189     586100.00000
    190     579198.00000
    191     615381.40000
    192     691220.50000
    193     763225.50000
    194     791307.90000
    195     802670.10000
    196     848689.00000
    197     908611.20000
    198     967337.50000
    199    1032789.00000
    200    1084759.00000
    201    1134881.00000
    202    1226934.00000
    203    1364198.00000
    204    1479334.00000
    205    1547436.00000
    206    1662062.00000
    207    1851642.00000
    208    2045805.00000
    209    2262607.00000
    210    2553133.00000
    211    2868100.00000
    212    3168890.00000
    213    3517216.00000
    214    3983277.00000
    215    4604514.00000
    216    5374317.00000
    217    6337581.00000
    218    7620063.00000
    219    9479822.00000
    220    13025710.00000
    221    18700140.00000
    222    22835130.00000
    223    21126390.00000
    224    15438850.00000
    225    10776280.00000
    226    8807444.00000
    227    8813590.00000
    228    10839690.00000
    229    15410620.00000
    230    20410810.00000
    231    21274520.00000
    232    17359520.00000
    233    13156550.00000
    234    12699190.00000
    235    16905410.00000
    236    21852040.00000
    237    21098120.00000
    238    14574680.00000
    239    8143464.00000
    240    4666590.00000
    241    3112524.00000
    242    2368663.00000
    243    1907652.00000
    244    1577238.00000
    245    1393764.00000
    246    1270671.00000
    247    1167428.00000
    248    1086881.00000
    249    1003294.00000
    250     907323.80000
    251     830119.50000
    252     790087.50000
    253     741299.40000
    254     656713.10000
    255     584965.10000
    256     564665.00000
    257     553419.80000
    258     519496.40000
    259     500393.20000
    260     496234.40000
    261     477063.10000
    262     466247.00000
    263     469570.80000
    264     455668.20000
    265     437524.20000
    266     431185.50000
    267     421511.20000
    268     416150.60000
    269     428104.00000
    270     456568.90000
    271     469772.20000
    272     423599.40000
    273     377278.60000
    274     397308.20000
    275     423204.70000
    276     412397.10000
    277     403338.40000
    278     420491.20000
    279     436128.30000
    280     405928.10000
    281     361023.90000
    282     360332.40000
    283     367242.10000
    284     329696.20000
    285     275519.10000
    286     253902.80000
    287     280103.80000
    288     326630.00000
    289     353022.90000
    290     341694.60000
    291     305322.30000
    292     292182.20000
    293     309391.10000
    294     302621.50000
    295     288253.60000
    296     305628.60000
    297     314784.80000
    298     298795.80000
    299     288065.00000
    300     285260.80000
    301     282162.60000
    302     290833.00000
    303     312104.40000
    304     317248.90000
    305     300008.70000
    306     286784.80000
    307     296118.50000
    308     319893.30000
    309     326762.30000
    310     314765.80000
    311     310726.40000
    312     311527.30000
    313     309552.90000
    314     319374.90000
    315     330311.70000
    316     298460.20000
    317     242444.00000
    318     235070.00000
    319     252368.40000
    320     236614.30000
    321     225798.00000
    322     237794.80000
    323     239530.30000
    324     250079.30000
    325     285524.50000
    326     303930.30000
    327     281186.00000
    328     249316.30000
    329     249884.90000
    330     271002.70000
    331     261820.50000
    332     231581.70000
    333     233763.30000
    334     250973.10000
    335     244477.90000
    336     239173.90000
    337     254840.90000
    338     281264.20000
    339     299890.80000
    340     285303.20000
    341     273685.40000
    342     305033.20000
    343     314925.60000
    344     273053.90000
    345     255177.60000
    346     292467.10000
    347     332400.90000
    348     336805.30000
    349     330029.70000
    350     340287.00000
    351     343517.10000
    352     318049.40000
    353     288752.40000
    354     281963.40000
    355     290540.60000
    356     290536.60000
    357     275545.90000
    358     266152.90000
    359     275649.50000
    360     292455.30000
    361     297264.50000
    362     284565.20000
    363     282424.80000
    364     299585.90000
    365     298978.60000
    366     288273.00000
    367     285014.00000
    368     256729.40000
    369     225970.50000
    370     237185.90000
    371     245231.70000
    372     223288.40000
    373     227824.20000
    374     265609.60000
    375     287971.80000
    376     288948.10000
    377     272406.10000
    378     265715.60000
    379     305092.40000
    380     320628.40000
    381     281718.50000
    382     275280.00000
    383     296812.40000
    384     297232.10000
    385     295298.20000
    386     299518.90000
    387     316842.50000
    388     326897.80000
    389     290459.40000
    390     263998.40000
    391     289683.70000
    392     314929.40000
    393     308938.40000
    394     270565.40000
    395     228465.20000
    396     225554.20000
    397     238629.60000
    398     244025.90000
    399     261770.20000
    400     290767.40000
    401     304460.50000
    402     291185.70000
    403     276662.40000
    404     268416.80000
    405     257052.40000
    406     277779.10000
    407     313423.20000
    408     297640.90000
    409     264833.10000
    410     267649.80000
    411     281055.60000
    412     290813.00000
    413     288211.70000
    414     250775.10000
    415     216575.00000
    416     224333.60000
    417     240959.60000
    418     252884.90000
    419     284876.70000
    420     322756.10000
    421     333278.00000
    422     312087.20000
    423     276120.40000
    424     248893.80000
    425     236004.10000
    426     227159.30000
    427     234406.50000
    428     257328.60000
    429     263285.30000
    430     253640.90000
    431     249405.30000
    432     240186.60000
    433     208972.70000
    434     175591.80000
    435     191126.10000
    436     251740.80000
    437     289324.20000
    438     282993.00000
    439     265535.30000
    440     248289.50000
    441     225883.80000
    442     206923.10000
    443     206660.30000
    444     228325.40000
    445     250204.90000
    446     257782.40000
    447     266602.90000
    448     263864.70000
    449     236786.60000
    450     230070.70000
    451     250093.70000
    452     256979.80000
    453     251229.70000
    454     247141.10000
    455     247732.00000
    456     240130.00000
    457     216228.50000
    458     218562.70000
    459     251596.90000
    460     258156.60000
    461     249464.70000
    462     247726.50000
    463     216393.90000
    464     184462.60000
    465     203279.90000
    466     237380.40000
    467     257781.20000
    468     272566.20000
    469     274903.50000
    470     265705.80000
    471     253192.30000
    472     241267.90000
    473     244635.20000
    474     257480.60000
    475     251396.00000
    476     243949.30000
    477     253908.60000
    478     251905.40000
    479     256032.30000
    480     274187.40000
    481     246432.40000
    482     206972.60000
    483     225215.80000
    484     258323.20000
    485     263800.80000
    486     250314.00000
    487     224199.90000
    488     209886.00000
    489     220816.10000
    490     216487.70000
    491     191800.40000
    492     203552.70000
    493     248355.60000
    494     287454.20000
    495     308828.90000
    496     282655.20000
    497     241747.20000
    498     251987.40000
    499     264210.90000
    500     240131.20000
    501     233356.60000
    502     250439.00000
    503     243780.40000
    504     215623.80000
    505     221614.90000
    506     260171.30000
    507     262075.30000
    508     227047.20000
    509     212762.10000
    510     219473.60000
    511     229628.90000
    512     256078.90000
    513     272660.40000
    514     244155.90000
    515     210888.60000
    516     210105.40000
    517     226722.90000
    518     253380.40000
    519     279204.30000
    520     281827.50000
    521     259917.80000
    522     236466.40000
    523     243409.60000
    524     274337.10000
    525     285339.40000
    526     258131.20000
    527     205080.00000
    528     162098.10000
    529     179041.80000
    530     241825.20000
    531     287657.70000
    532     294244.80000
    533     253739.20000
    534     194612.70000
    535     195663.70000
    536     239559.60000
    537     257999.10000
    538     270178.10000
    539     285682.30000
    540     279398.50000
    541     274312.10000
    542     284023.80000
    543     274578.70000
    544     237912.50000
    545     214677.30000
    546     224039.60000
    547     239846.90000
    548     251571.30000
    549     269496.70000
    550     277971.40000
    551     257223.10000
    552     233174.80000
    553     246759.90000
    554     274314.10000
    555     247561.20000
    556     171480.90000
    557     136714.30000
    558     190967.00000
    559     263963.70000
    560     263043.50000
    561     217093.20000
    562     222232.90000
    563     267206.00000
    564     267790.30000
    565     225920.90000
    566     207558.10000
    567     223833.20000
    568     244012.80000
    569     256826.20000
    570     259144.60000
    571     254322.70000
    572     253092.30000
    573     255522.10000
    574     261426.10000
    575     263307.70000
    576     242529.00000
    577     205508.40000
    578     191223.00000
    579     206013.10000
    580     202346.60000
    581     193631.10000
    582     235211.70000
    583     275327.60000
    584     264123.00000
    585     265743.80000
    586     282940.30000
    587     250251.90000
    588     231246.90000
    589     289571.90000
    590     317447.40000
    591     276049.30000
    592     264006.80000
    593     276632.10000
    594     273298.00000
    595     282407.10000
    596     275519.00000
    597     234989.30000
    598     234769.50000
    599     268569.40000
    600     246088.30000
    601     190975.40000
    602     195320.20000
    603     246394.60000
    604     279109.80000
    605     279121.50000
    606     256061.80000
    607     239300.30000
    608     265071.20000
    609     303215.90000
    610     294220.90000
    611     244093.70000
    612     219203.80000
    613     256238.70000
    614     289996.50000
    615     271396.60000
    616     263900.10000
    617     281986.70000
    618     283153.80000
    619     300887.00000
    620     343436.50000
    621     357380.90000
    622     331721.70000
    623     293239.90000
    624     280085.80000
    625     290058.80000
    626     289519.50000
    627     302061.00000
    628     320733.40000
    629     299719.20000
    630     293199.40000
    631     329821.50000
    632     330765.80000
    633     288749.60000
    634     261227.90000
    635     250983.70000
    636     235494.00000
    637     209664.10000
    638     207732.80000
    639     267444.60000
    640     334759.50000
    641     335458.90000
    642     291585.80000
    643     252466.20000
    644     244585.80000
    645     285323.10000
