      1     392873.60000
      2     354433.00000
      3     345663.90000
      4     359233.20000
      5     380685.00000
      6     398179.20000
      7     385824.50000
      8     368986.20000
      9     386364.50000
     10     401399.40000
     11     387263.10000
     12     384764.20000
     13     388163.80000
     14     361670.00000
     15     353551.40000
     16     391024.40000
     17     409340.40000
     18     399510.90000
     19     396941.40000
     20     380933.60000
     21     354440.60000
     22     361732.00000
     23     394401.60000
     24     403095.60000
     25     377281.20000
     26     355479.00000
     27     350726.40000
     28     338905.00000
     29     326704.50000
     30     344337.80000
     31     384202.60000
     32     403997.40000
     33     383067.90000
     34     341434.80000
     35     323060.80000
     36     353071.80000
     37     379706.10000
     38     365114.60000
     39     363627.20000
     40     381585.90000
     41     378204.50000
     42     396318.50000
     43     450931.00000
     44     478037.50000
     45     482886.50000
     46     486237.60000
     47     452279.50000
     48     415327.10000
     49     428328.80000
     50     449827.20000
     51     450840.50000
     52     460289.10000
     53     480051.40000
     54     482612.60000
     55     471893.80000
     56     465471.50000
     57     457221.60000
     58     460913.80000
     59     487050.10000
     60     515358.80000
     61     528242.90000
     62     503682.50000
     63     487940.90000
     64     542514.00000
     65     583531.90000
     66     567819.60000
     67     576568.90000
     68     590021.50000
     69     559306.60000
     70     549921.80000
     71     596512.50000
     72     639816.80000
     73     630665.00000
     74     578616.50000
     75     547170.80000
     76     592657.50000
     77     665037.50000
     78     693058.50000
     79     713176.80000
     80     748300.20000
     81     763014.20000
     82     779366.20000
     83     802939.80000
     84     817154.50000
     85     877423.20000
     86     973638.80000
     87    1025531.00000
     88    1068085.00000
     89    1158373.00000
     90    1230750.00000
     91    1219580.00000
     92    1184701.00000
     93    1198185.00000
     94    1232213.00000
     95    1267645.00000
     96    1326284.00000
     97    1386949.00000
     98    1462821.00000
     99    1585335.00000
    100    1694507.00000
    101    1772538.00000
    102    1897072.00000
    103    2114813.00000
    104    2462893.00000
    105    2942702.00000
    106    3494288.00000
    107    4151030.00000
    108    5060036.00000
    109    6366677.00000
    110    8157906.00000
    111    10522080.00000
    112    13487280.00000
    113    16500440.00000
    114    18466820.00000
    115    18760560.00000
    116    17504710.00000
    117    15053720.00000
    118    11994670.00000
    119    9120460.00000
    120    6890289.00000
    121    5263328.00000
    122    4067136.00000
    123    3214966.00000
    124    2632928.00000
    125    2213196.00000
    126    1865132.00000
    127    1571502.00000
    128    1362072.00000
    129    1227839.00000
    130    1122063.00000
    131    1027698.00000
    132     978196.00000
    133     992629.60000
    134    1015557.00000
    135    1008610.00000
    136    1005318.00000
    137    1005338.00000
    138     974768.40000
    139     924295.20000
    140     882737.00000
    141     859324.50000
    142     850234.20000
    143     856506.90000
    144     868876.80000
    145     867391.20000
    146     871120.00000
    147     904117.20000
    148     937600.00000
    149     924838.00000
    150     866011.20000
    151     841285.50000
    152     888938.20000
    153     932233.00000
    154     941560.80000
    155     956042.20000
    156     989235.50000
    157    1054256.00000
    158    1114244.00000
    159    1094206.00000
    160    1025887.00000
    161    1002654.00000
    162    1043025.00000
    163    1110921.00000
    164    1178502.00000
    165    1234540.00000
    166    1279648.00000
    167    1311539.00000
    168    1332357.00000
    169    1370962.00000
    170    1424720.00000
    171    1467735.00000
    172    1536538.00000
    173    1652138.00000
    174    1761285.00000
    175    1853794.00000
    176    1972921.00000
    177    2117989.00000
    178    2260364.00000
    179    2403656.00000
    180    2553475.00000
    181    2718856.00000
    182    2925818.00000
    183    3151070.00000
    184    3382348.00000
    185    3703104.00000
    186    4158817.00000
    187    4715156.00000
    188    5377164.00000
    189    6204129.00000
    190    7237084.00000
    191    8468856.00000
    192    9911651.00000
    193    11696280.00000
    194    14082700.00000
    195    17401930.00000
    196    22148270.00000
    197    28894260.00000
    198    36589960.00000
    199    41231810.00000
    200    39480600.00000
    201    32986000.00000
    202    25960110.00000
    203    20681520.00000
    204    17354920.00000
    205    15571540.00000
    206    14778990.00000
    207    14517140.00000
    208    14672140.00000
    209    15372640.00000
    210    16544550.00000
    211    17980810.00000
    212    19850540.00000
    213    23261290.00000
    214    29920100.00000
    215    38735300.00000
    216    43963220.00000
    217    42374590.00000
    218    39828540.00000
    219    42174830.00000
    220    44421320.00000
    221    39515870.00000
    222    30388070.00000
    223    24046010.00000
    224    22755570.00000
    225    25584420.00000
    226    30126530.00000
    227    32360610.00000
    228    30512760.00000
    229    27671840.00000
    230    28369250.00000
    231    32897340.00000
    232    35461190.00000
    233    30887490.00000
    234    21815780.00000
    235    14182880.00000
    236    9751731.00000
    237    7261196.00000
    238    5738126.00000
    239    4728580.00000
    240    4047042.00000
    241    3610010.00000
    242    3285437.00000
    243    3012480.00000
    244    2810622.00000
    245    2663762.00000
    246    2512052.00000
    247    2311994.00000
    248    2033476.00000
    249    1731818.00000
    250    1530394.00000
    251    1415713.00000
    252    1294748.00000
    253    1189128.00000
    254    1166984.00000
    255    1194932.00000
    256    1207801.00000
    257    1222254.00000
    258    1271604.00000
    259    1326460.00000
    260    1340511.00000
    261    1347106.00000
    262    1428464.00000
    263    1578417.00000
    264    1745164.00000
    265    1909946.00000
    266    2017687.00000
    267    2002311.00000
    268    1875428.00000
    269    1705678.00000
    270    1553438.00000
    271    1419724.00000
    272    1290400.00000
    273    1221858.00000
    274    1230182.00000
    275    1222179.00000
    276    1167812.00000
    277    1122344.00000
    278    1106871.00000
    279    1112951.00000
    280    1114808.00000
    281    1109962.00000
    282    1142991.00000
    283    1204790.00000
    284    1241872.00000
    285    1248545.00000
    286    1222800.00000
    287    1153810.00000
    288    1071909.00000
    289    1004868.00000
    290     938504.80000
    291     855825.50000
    292     792143.20000
    293     797907.50000
    294     822208.60000
    295     792787.40000
    296     736486.00000
    297     677574.50000
    298     622524.00000
    299     607653.20000
    300     614513.10000
    301     599980.60000
    302     569619.10000
    303     537086.80000
    304     508108.80000
    305     480099.80000
    306     454671.10000
    307     456922.80000
    308     484195.10000
    309     504691.20000
    310     495694.50000
    311     450500.40000
    312     422278.20000
    313     457703.50000
    314     472649.40000
    315     392974.90000
    316     310974.60000
    317     326087.10000
    318     393660.10000
    319     423901.80000
    320     383405.80000
    321     312553.20000
    322     304817.40000
    323     368914.90000
    324     399937.50000
    325     376854.80000
    326     362633.90000
    327     343594.90000
    328     303622.60000
    329     301180.60000
    330     343776.80000
    331     366501.90000
    332     336241.90000
    333     284816.90000
    334     281233.10000
    335     333126.40000
    336     346393.10000
    337     296879.40000
    338     283600.10000
    339     322189.50000
    340     325446.60000
    341     296642.40000
    342     294831.60000
    343     293551.00000
    344     272968.90000
    345     281983.80000
    346     309572.20000
    347     306369.80000
    348     299140.40000
    349     306884.50000
    350     305459.40000
    351     308299.40000
    352     309812.10000
    353     293563.60000
    354     308428.20000
    355     356133.60000
    356     371243.60000
    357     359372.40000
    358     377040.00000
    359     412022.40000
    360     403833.10000
    361     381420.50000
    362     414969.90000
    363     454728.60000
    364     447930.50000
    365     451182.60000
    366     477106.90000
    367     476049.20000
    368     450033.00000
    369     413917.80000
    370     375345.10000
    371     365192.00000
    372     380424.70000
    373     388482.30000
    374     380822.20000
    375     358599.80000
    376     336618.80000
    377     329007.50000
    378     320651.00000
    379     297672.90000
    380     270928.40000
    381     286446.80000
    382     358037.30000
    383     395029.40000
    384     366791.20000
    385     367409.60000
    386     393174.60000
    387     369868.40000
    388     339373.50000
    389     357442.10000
    390     393343.90000
    391     410445.10000
    392     407313.60000
    393     394066.10000
    394     379732.10000
    395     382039.90000
    396     395232.20000
    397     390929.70000
    398     394043.60000
    399     416588.70000
    400     399609.00000
    401     350025.90000
    402     330092.10000
    403     330153.30000
    404     335286.00000
    405     365487.70000
    406     394947.00000
    407     402707.70000
    408     415355.90000
    409     425372.80000
    410     416495.20000
    411     413874.40000
    412     429902.20000
    413     457193.20000
    414     480280.90000
    415     472392.20000
    416     442126.80000
    417     426011.30000
    418     419605.90000
    419     399220.20000
    420     382311.00000
    421     390838.20000
    422     421402.60000
    423     468192.30000
    424     493975.00000
    425     475726.60000
    426     473068.10000
    427     495511.00000
    428     477898.90000
    429     457367.30000
    430     491450.90000
    431     508382.40000
    432     479894.00000
    433     496303.30000
    434     562906.90000
    435     594080.00000
    436     582459.40000
    437     575672.20000
    438     573330.90000
    439     559570.20000
    440     567986.00000
    441     612713.60000
    442     623532.90000
    443     586283.60000
    444     587751.50000
    445     630831.30000
    446     652457.90000
    447     662188.50000
    448     669305.10000
    449     673660.70000
    450     731104.00000
    451     815681.90000
    452     823343.00000
    453     780770.40000
    454     764124.00000
    455     760918.20000
    456     773430.20000
    457     827862.60000
    458     911756.80000
    459     984467.00000
    460    1001987.00000
    461     997171.10000
    462    1026304.00000
    463    1051587.00000
    464    1072797.00000
    465    1155183.00000
    466    1242977.00000
    467    1264724.00000
    468    1284603.00000
    469    1328663.00000
    470    1365915.00000
    471    1439755.00000
    472    1539171.00000
    473    1580021.00000
    474    1596129.00000
    475    1665674.00000
    476    1752936.00000
    477    1811663.00000
    478    1870822.00000
    479    1942480.00000
    480    2006061.00000
    481    2065609.00000
    482    2121349.00000
    483    2153966.00000
    484    2155808.00000
    485    2127975.00000
    486    2091011.00000
    487    2083837.00000
    488    2087101.00000
    489    2056736.00000
    490    2030260.00000
    491    2023945.00000
    492    1984516.00000
    493    1924029.00000
    494    1873160.00000
    495    1820522.00000
    496    1782282.00000
    497    1762228.00000
    498    1735516.00000
    499    1711027.00000
    500    1694171.00000
    501    1658825.00000
    502    1611683.00000
    503    1586371.00000
    504    1580663.00000
    505    1582811.00000
    506    1585606.00000
    507    1589968.00000
    508    1642127.00000
    509    1740352.00000
    510    1825738.00000
    511    1925353.00000
    512    2063794.00000
    513    2186936.00000
    514    2304471.00000
    515    2447682.00000
    516    2597919.00000
    517    2791164.00000
    518    3031115.00000
    519    3192784.00000
    520    3212046.00000
    521    3144534.00000
    522    3018428.00000
    523    2816489.00000
    524    2543145.00000
    525    2255032.00000
    526    2017021.00000
    527    1824192.00000
    528    1648858.00000
    529    1491082.00000
    530    1332717.00000
    531    1177458.00000
    532    1075981.00000
    533    1027908.00000
    534     979095.80000
    535     895547.20000
    536     796084.60000
    537     752164.80000
    538     774412.20000
    539     768386.00000
    540     720078.70000
    541     707536.80000
    542     710543.20000
    543     670245.00000
    544     618935.70000
    545     595542.30000
    546     590827.90000
    547     586292.80000
    548     572804.60000
    549     557405.60000
    550     540966.30000
    551     519643.60000
    552     506622.80000
    553     496762.10000
    554     486162.70000
    555     512374.40000
    556     568381.50000
    557     591678.60000
    558     570888.90000
    559     527962.60000
    560     481267.40000
    561     457448.70000
    562     452982.70000
    563     453910.60000
    564     463746.80000
    565     480613.80000
    566     499043.80000
    567     497591.20000
    568     479343.70000
    569     476103.20000
    570     462544.70000
    571     430956.10000
    572     439272.10000
    573     487251.30000
    574     517641.20000
    575     490990.00000
    576     429514.90000
    577     417867.20000
    578     456545.80000
    579     450731.50000
    580     411474.90000
    581     422838.30000
    582     465370.30000
    583     472967.80000
    584     450927.00000
    585     445175.80000
    586     469685.50000
    587     479915.30000
    588     437014.30000
    589     404794.50000
    590     447656.70000
    591     486069.80000
    592     460290.10000
    593     444181.00000
    594     465322.30000
    595     483192.80000
    596     493923.50000
    597     486353.20000
    598     455333.50000
    599     444008.30000
    600     454819.10000
    601     449419.60000
    602     448179.10000
    603     481629.20000
    604     511782.80000
    605     500889.10000
    606     464551.80000
    607     424658.60000
    608     391151.90000
    609     385653.50000
    610     422235.80000
    611     476625.80000
    612     511684.70000
    613     518724.80000
    614     503614.90000
    615     465611.20000
    616     440091.70000
    617     458749.40000
    618     465897.60000
    619     437371.20000
    620     442561.20000
    621     501449.10000
    622     550155.10000
    623     530406.20000
    624     489716.80000
    625     516431.60000
    626     548203.90000
    627     503649.10000
    628     465508.10000
    629     493712.80000
    630     524759.80000
    631     517228.50000
    632     495238.50000
    633     487207.20000
    634     496293.10000
    635     501986.40000
    636     488651.90000
    637     485427.70000
    638     528281.40000
    639     583132.40000
    640     596194.90000
    641     564919.50000
    642     512852.90000
    643     486553.00000
    644     502475.10000
    645     510514.20000
    646     517380.80000
