      1      66671.38000
      2      73042.75000
      3      59005.06000
      4      66229.19000
      5     114718.60000
      6     158780.10000
      7     131541.10000
      8      49646.25000
      9      22917.56000
     10      68496.06000
     11      86446.31000
     12      62116.38000
     13      63455.00000
     14      96267.50000
     15     107918.40000
     16      79163.94000
     17      56807.69000
     18      65265.12000
     19      63998.56000
     20      48034.00000
     21      50106.75000
     22      70175.81000
     23      89653.25000
     24      76717.31000
     25      37553.50000
     26      30263.12000
     27      47283.12000
     28      58839.62000
     29      70442.94000
     30      53200.19000
     31      18170.31000
     32       8332.18800
     33      -1012.62500
     34     -12390.12000
     35        689.25000
     36      24379.50000
     37      42541.56000
     38      38104.69000
     39      17729.12000
     40      36642.25000
     41      92674.94000
     42     107429.20000
     43      64459.62000
     44      31943.50000
     45      38043.75000
     46      47739.75000
     47      44945.56000
     48      38679.88000
     49      36761.12000
     50      47755.75000
     51      59688.50000
     52      65757.62000
     53      74598.12000
     54      47868.88000
     55     -18258.75000
     56     -31168.38000
     57      24702.75000
     58      59488.00000
     59      51610.62000
     60      59811.75000
     61      94259.62000
     62      97320.62000
     63      69840.50000
     64      85886.88000
     65     138192.90000
     66     141647.50000
     67      98889.12000
     68      83425.00000
     69      81885.75000
     70      54920.62000
     71      55679.62000
     72      87314.88000
     73      83172.38000
     74      78170.50000
     75     115244.50000
     76     154116.90000
     77     171797.00000
     78     164590.10000
     79     157670.40000
     80     182029.50000
     81     186731.60000
     82     150334.80000
     83     127447.00000
     84     131076.00000
     85     147281.90000
     86     163179.80000
     87     171464.80000
     88     213836.40000
     89     308325.20000
     90     386753.50000
     91     395133.00000
     92     365573.20000
     93     347874.80000
     94     351112.80000
     95     371665.80000
     96     415229.50000
     97     469230.20000
     98     518042.40000
     99     595446.20000
    100     721654.40000
    101     860697.00000
    102    1027690.00000
    103    1258920.00000
    104    1535376.00000
    105    1876037.00000
    106    2311292.00000
    107    2797065.00000
    108    3340568.00000
    109    4038162.00000
    110    4903544.00000
    111    5866682.00000
    112    6907061.00000
    113    7921297.00000
    114    8531934.00000
    115    8311710.00000
    116    7248415.00000
    117    5798672.00000
    118    4411981.00000
    119    3258485.00000
    120    2395348.00000
    121    1838993.00000
    122    1530059.00000
    123    1344844.00000
    124    1142960.00000
    125     945077.90000
    126     872593.80000
    127     856978.00000
    128     757308.60000
    129     608352.30000
    130     505050.00000
    131     458326.20000
    132     439869.20000
    133     438413.40000
    134     425501.90000
    135     357495.60000
    136     288179.20000
    137     306269.60000
    138     344711.10000
    139     307954.70000
    140     266755.40000
    141     288944.10000
    142     295108.40000
    143     234800.60000
    144     194401.40000
    145     236418.80000
    146     287421.20000
    147     275551.00000
    148     242241.20000
    149     243609.40000
    150     266132.50000
    151     279345.00000
    152     291430.10000
    153     307486.50000
    154     293339.20000
    155     247854.50000
    156     219812.60000
    157     227614.80000
    158     248023.40000
    159     260309.00000
    160     254590.50000
    161     230857.10000
    162     226740.10000
    163     288643.00000
    164     378592.20000
    165     419662.80000
    166     428048.00000
    167     466829.50000
    168     517980.20000
    169     541081.00000
    170     589152.20000
    171     726683.80000
    172     897931.00000
    173    1010540.00000
    174    1068525.00000
    175    1111287.00000
    176    1180564.00000
    177    1358613.00000
    178    1634124.00000
    179    1914714.00000
    180    2232058.00000
    181    2673682.00000
    182    3240684.00000
    183    3889390.00000
    184    4535765.00000
    185    5036063.00000
    186    5258284.00000
    187    5173298.00000
    188    4881706.00000
    189    4559876.00000
    190    4341819.00000
    191    4253083.00000
    192    4298880.00000
    193    4572001.00000
    194    5210727.00000
    195    6346840.00000
    196    8157650.00000
    197    10709260.00000
    198    13420610.00000
    199    14911810.00000
    200    14121180.00000
    201    11583410.00000
    202    8833367.00000
    203    6821595.00000
    204    5592927.00000
    205    4933706.00000
    206    4644311.00000
    207    4533228.00000
    208    4599516.00000
    209    5002747.00000
    210    5856940.00000
    211    7172702.00000
    212    9127213.00000
    213    12561660.00000
    214    17452700.00000
    215    21084060.00000
    216    20956660.00000
    217    18788980.00000
    218    19476560.00000
    219    24815950.00000
    220    29070370.00000
    221    26520340.00000
    222    20742670.00000
    223    18599890.00000
    224    20312800.00000
    225    20934570.00000
    226    17650720.00000
    227    12598060.00000
    228    8903324.00000
    229    7127438.00000
    230    6538024.00000
    231    6631080.00000
    232    7167934.00000
    233    8118898.00000
    234    9476650.00000
    235    11169300.00000
    236    12834500.00000
    237    13609090.00000
    238    12758760.00000
    239    10554170.00000
    240    8077042.00000
    241    6120044.00000
    242    4744548.00000
    243    3803437.00000
    244    3216789.00000
    245    2816232.00000
    246    2451720.00000
    247    2134601.00000
    248    1906872.00000
    249    1753863.00000
    250    1639084.00000
    251    1544344.00000
    252    1458170.00000
    253    1372612.00000
    254    1329069.00000
    255    1341767.00000
    256    1345048.00000
    257    1286659.00000
    258    1200580.00000
    259    1163691.00000
    260    1157534.00000
    261    1116400.00000
    262    1084651.00000
    263    1113160.00000
    264    1149214.00000
    265    1150108.00000
    266    1154600.00000
    267    1180468.00000
    268    1179611.00000
    269    1157260.00000
    270    1182996.00000
    271    1265318.00000
    272    1349427.00000
    273    1416081.00000
    274    1501597.00000
    275    1617455.00000
    276    1711803.00000
    277    1777547.00000
    278    1886128.00000
    279    2054810.00000
    280    2242853.00000
    281    2421958.00000
    282    2567584.00000
    283    2671216.00000
    284    2689724.00000
    285    2576039.00000
    286    2420990.00000
    287    2318788.00000
    288    2199082.00000
    289    1992083.00000
    290    1758828.00000
    291    1561122.00000
    292    1400164.00000
    293    1303164.00000
    294    1271536.00000
    295    1217342.00000
    296    1100170.00000
    297     995229.20000
    298     938848.90000
    299     859540.60000
    300     755008.20000
    301     721710.30000
    302     746813.20000
    303     747425.30000
    304     728872.30000
    305     714085.80000
    306     708630.40000
    307     716219.20000
    308     688656.80000
    309     625988.30000
    310     609065.60000
    311     631787.40000
    312     626090.60000
    313     597579.80000
    314     583991.20000
    315     572340.20000
    316     543992.90000
    317     538596.30000
    318     562646.90000
    319     565217.80000
    320     550147.40000
    321     533296.70000
    322     496331.80000
    323     474073.80000
    324     512454.00000
    325     556399.50000
    326     551003.90000
    327     545084.20000
    328     556949.10000
    329     561416.10000
    330     582421.10000
    331     622865.20000
    332     675089.40000
    333     723150.20000
    334     691493.60000
    335     590147.40000
    336     513094.90000
    337     464691.80000
    338     424250.90000
    339     423738.80000
    340     452112.80000
    341     458610.20000
    342     447865.70000
    343     444286.60000
    344     420538.70000
    345     370882.40000
    346     358106.60000
    347     392339.20000
    348     406388.60000
    349     381627.70000
    350     359574.20000
    351     377798.80000
    352     427090.00000
    353     432155.90000
    354     373208.20000
    355     354225.70000
    356     416348.20000
    357     466813.80000
    358     460690.70000
    359     443545.20000
    360     441076.80000
    361     436815.90000
    362     417551.30000
    363     397518.10000
    364     376846.20000
    365     357563.80000
    366     375983.30000
    367     399010.20000
    368     382277.80000
    369     371855.90000
    370     369771.80000
    371     351650.30000
    372     350838.30000
    373     363947.00000
    374     358157.40000
    375     346842.80000
    376     361694.90000
    377     384209.60000
    378     376318.10000
    379     365341.90000
    380     382425.70000
    381     401761.00000
    382     398849.90000
    383     382771.40000
    384     378525.80000
    385     372893.40000
    386     346132.20000
    387     346430.10000
    388     379896.60000
    389     377386.00000
    390     353667.70000
    391     374796.90000
    392     412270.50000
    393     389354.10000
    394     328318.80000
    395     335722.60000
    396     398456.50000
    397     407410.90000
    398     389799.40000
    399     413266.10000
    400     423927.50000
    401     391448.40000
    402     363704.60000
    403     352332.90000
    404     336266.70000
    405     329837.20000
    406     365710.20000
    407     410637.80000
    408     387714.30000
    409     324121.90000
    410     321246.30000
    411     359675.20000
    412     344722.90000
    413     311613.50000
    414     336785.60000
    415     360260.90000
    416     343476.40000
    417     345975.20000
    418     341558.10000
    419     304211.80000
    420     303212.10000
    421     335331.40000
    422     359580.40000
    423     373953.50000
    424     364807.30000
    425     366554.50000
    426     408831.20000
    427     429511.40000
    428     410416.00000
    429     403901.10000
    430     398979.20000
    431     362775.70000
    432     335671.50000
    433     344805.80000
    434     355781.70000
    435     360476.90000
    436     374951.90000
    437     396682.40000
    438     420102.90000
    439     424251.80000
    440     398028.30000
    441     380301.30000
    442     389243.50000
    443     392183.20000
    444     381066.20000
    445     382267.40000
    446     391961.00000
    447     372682.90000
    448     337209.60000
    449     339867.80000
    450     368938.90000
    451     380195.20000
    452     379378.70000
    453     383752.80000
    454     387211.50000
    455     396101.30000
    456     426964.90000
    457     448414.90000
    458     442116.70000
    459     455410.40000
    460     473558.00000
    461     442461.90000
    462     411511.30000
    463     440552.60000
    464     474499.20000
    465     453216.60000
    466     421785.90000
    467     423965.40000
    468     438089.60000
    469     452471.30000
    470     463169.20000
    471     459809.20000
    472     451843.90000
    473     459093.90000
    474     480338.90000
    475     489459.70000
    476     488010.20000
    477     487368.80000
    478     481321.50000
    479     494633.70000
    480     529148.10000
    481     545289.40000
    482     538836.10000
    483     520744.20000
    484     519481.70000
    485     559769.80000
    486     590620.10000
    487     582539.40000
    488     570209.20000
    489     567552.80000
    490     586447.50000
    491     620088.40000
    492     641368.40000
    493     661890.90000
    494     662203.90000
    495     615636.70000
    496     583977.60000
    497     623650.90000
    498     700751.20000
    499     749720.40000
    500     783500.40000
    501     860509.80000
    502     941303.20000
    503     974897.90000
    504    1015014.00000
    505    1112715.00000
    506    1253208.00000
    507    1389946.00000
    508    1516385.00000
    509    1720272.00000
    510    2043752.00000
    511    2386660.00000
    512    2670226.00000
    513    2899197.00000
    514    3026870.00000
    515    2965160.00000
    516    2728720.00000
    517    2430097.00000
    518    2135104.00000
    519    1832866.00000
    520    1538634.00000
    521    1308101.00000
    522    1151500.00000
    523    1025297.00000
    524     908409.60000
    525     810618.60000
    526     737279.20000
    527     685437.60000
    528     634635.70000
    529     582436.10000
    530     557978.90000
    531     560466.60000
    532     568773.20000
    533     568219.10000
    534     548039.90000
    535     518449.20000
    536     505207.90000
    537     520362.20000
    538     521228.70000
    539     477485.70000
    540     453523.90000
    541     463835.90000
    542     428920.20000
    543     360589.50000
    544     340786.50000
    545     371887.70000
    546     406839.80000
    547     409002.20000
    548     364122.10000
    549     323704.60000
    550     349446.70000
    551     401830.60000
    552     419411.10000
    553     427605.80000
    554     439785.60000
    555     419863.60000
    556     399219.00000
    557     413566.80000
    558     411535.70000
    559     375215.40000
    560     349994.80000
    561     356840.70000
    562     377093.30000
    563     368368.50000
    564     328600.00000
    565     307205.40000
    566     311214.40000
    567     311244.70000
    568     304946.60000
    569     307709.70000
    570     338020.10000
    571     381901.60000
    572     382471.60000
    573     337259.60000
    574     303730.70000
    575     300182.20000
    576     314269.90000
    577     338307.70000
    578     362931.50000
    579     376597.90000
    580     364096.10000
    581     327121.10000
    582     292116.90000
    583     297670.30000
    584     340813.20000
    585     351537.00000
    586     330437.80000
    587     352400.60000
    588     393864.30000
    589     390460.90000
    590     355484.50000
    591     329974.90000
    592     331615.00000
    593     336439.50000
    594     323081.10000
    595     316739.70000
    596     323263.30000
    597     324828.60000
    598     333864.40000
    599     354819.80000
    600     356449.90000
    601     325688.20000
    602     304237.00000
    603     320202.00000
    604     334745.90000
    605     332149.50000
    606     336015.70000
    607     325760.80000
    608     303675.90000
    609     319307.90000
    610     353248.90000
    611     373685.10000
    612     391429.00000
    613     370166.40000
    614     312027.70000
    615     295566.30000
    616     316053.80000
    617     324663.10000
    618     327843.20000
    619     342983.50000
    620     379114.10000
    621     409821.90000
    622     379631.20000
    623     315154.60000
    624     317479.80000
    625     383021.40000
    626     404449.30000
    627     363839.20000
    628     316049.90000
    629     301285.90000
    630     347847.30000
    631     390640.00000
    632     352502.40000
    633     306143.50000
    634     329871.60000
    635     371533.40000
    636     360370.20000
    637     321539.10000
    638     321216.20000
    639     335934.20000
    640     314231.40000
    641     293016.50000
    642     288708.80000
    643     267263.80000
    644     263496.70000
    645     306689.80000
