      1     165358.80000
      2     145336.90000
      3     176460.10000
      4     150103.00000
      5     106384.10000
      6     140018.80000
      7     192749.50000
      8     218963.50000
      9     228009.20000
     10     218127.90000
     11     215498.40000
     12     212964.80000
     13     179679.40000
     14     177068.20000
     15     233650.10000
     16     250065.70000
     17     201183.90000
     18     171412.40000
     19     179112.20000
     20     197449.70000
     21     217008.90000
     22     195325.30000
     23     136941.40000
     24     141403.80000
     25     213272.80000
     26     245177.20000
     27     216689.40000
     28     199238.50000
     29     223121.60000
     30     243443.90000
     31     236301.50000
     32     225915.10000
     33     187140.90000
     34     121198.10000
     35     114860.40000
     36     155170.60000
     37     159804.80000
     38     170825.60000
     39     227729.60000
     40     254505.80000
     41     224827.20000
     42     190510.50000
     43     179730.50000
     44     197462.80000
     45     219945.10000
     46     208874.80000
     47     187086.20000
     48     213434.50000
     49     250960.20000
     50     227875.50000
     51     205119.00000
     52     230555.20000
     53     229880.50000
     54     193985.90000
     55     190007.50000
     56     230726.50000
     57     273286.00000
     58     276667.10000
     59     240965.40000
     60     212878.40000
     61     245053.60000
     62     312380.60000
     63     342147.50000
     64     317588.20000
     65     264186.60000
     66     228835.20000
     67     238058.10000
     68     261705.80000
     69     293722.40000
     70     342447.20000
     71     374275.20000
     72     364559.00000
     73     312674.80000
     74     260411.40000
     75     275657.50000
     76     326260.00000
     77     340127.00000
     78     331505.90000
     79     316399.90000
     80     311849.60000
     81     362011.80000
     82     423040.80000
     83     417310.80000
     84     376650.90000
     85     359783.80000
     86     334948.90000
     87     291810.10000
     88     315884.50000
     89     434074.60000
     90     551019.40000
     91     572933.10000
     92     547653.10000
     93     580389.60000
     94     629542.50000
     95     633172.60000
     96     635264.50000
     97     640914.90000
     98     634783.40000
     99     636148.20000
    100     624061.50000
    101     617663.00000
    102     699375.00000
    103     803657.50000
    104     816137.80000
    105     822642.00000
    106     919145.20000
    107    1031253.00000
    108    1093077.00000
    109    1228842.00000
    110    1585774.00000
    111    2230997.00000
    112    3306696.00000
    113    5168298.00000
    114    9250857.00000
    115    16198390.00000
    116    21208960.00000
    117    18654490.00000
    118    11370710.00000
    119    5936698.00000
    120    3558387.00000
    121    2370936.00000
    122    1676470.00000
    123    1313632.00000
    124    1103625.00000
    125    1030916.00000
    126    1068740.00000
    127    1097269.00000
    128    1003910.00000
    129     835875.50000
    130     709512.10000
    131     640896.20000
    132     595769.60000
    133     575044.50000
    134     562441.00000
    135     529726.20000
    136     510521.20000
    137     531173.60000
    138     574951.50000
    139     605509.10000
    140     569594.40000
    141     501906.60000
    142     495680.60000
    143     528443.40000
    144     518121.60000
    145     491535.60000
    146     508411.20000
    147     518827.60000
    148     493574.00000
    149     507704.90000
    150     564715.90000
    151     592750.20000
    152     577998.90000
    153     545962.60000
    154     528933.60000
    155     539199.60000
    156     539435.40000
    157     528023.80000
    158     537389.20000
    159     541630.00000
    160     541507.20000
    161     589516.00000
    162     657447.80000
    163     691304.50000
    164     706824.50000
    165     731627.00000
    166     789080.20000
    167     893735.00000
    168     992917.20000
    169    1062934.00000
    170    1205333.00000
    171    1445930.00000
    172    1657538.00000
    173    1787464.00000
    174    1885833.00000
    175    2017181.00000
    176    2234426.00000
    177    2518097.00000
    178    2865521.00000
    179    3341114.00000
    180    3959230.00000
    181    4789137.00000
    182    6088816.00000
    183    8231570.00000
    184    11248980.00000
    185    13873000.00000
    186    14102820.00000
    187    11740770.00000
    188    8679131.00000
    189    6449727.00000
    190    5231290.00000
    191    4675905.00000
    192    4567144.00000
    193    4922910.00000
    194    5831300.00000
    195    7460056.00000
    196    10400820.00000
    197    15417150.00000
    198    21211150.00000
    199    23590670.00000
    200    20175930.00000
    201    13883850.00000
    202    8862035.00000
    203    6187068.00000
    204    4958996.00000
    205    4376074.00000
    206    4066159.00000
    207    3943194.00000
    208    4031258.00000
    209    4351612.00000
    210    4899698.00000
    211    5749910.00000
    212    7097598.00000
    213    9184644.00000
    214    12937870.00000
    215    19122510.00000
    216    25050470.00000
    217    26028850.00000
    218    23330230.00000
    219    24433110.00000
    220    29991790.00000
    221    30901250.00000
    222    23974540.00000
    223    16782560.00000
    224    15908780.00000
    225    20583850.00000
    226    23948130.00000
    227    20336890.00000
    228    12864850.00000
    229    7553999.00000
    230    5348202.00000
    231    4601527.00000
    232    4383888.00000
    233    4446353.00000
    234    5022996.00000
    235    6266842.00000
    236    8270738.00000
    237    12356420.00000
    238    18883770.00000
    239    22946400.00000
    240    19691940.00000
    241    12340680.00000
    242    6830030.00000
    243    4251154.00000
    244    3082722.00000
    245    2483090.00000
    246    2175563.00000
    247    2018228.00000
    248    1927485.00000
    249    1884914.00000
    250    1815451.00000
    251    1634965.00000
    252    1426766.00000
    253    1299446.00000
    254    1262550.00000
    255    1273735.00000
    256    1276303.00000
    257    1225722.00000
    258    1146138.00000
    259    1101996.00000
    260    1104958.00000
    261    1158669.00000
    262    1249005.00000
    263    1289979.00000
    264    1265600.00000
    265    1242614.00000
    266    1254486.00000
    267    1310869.00000
    268    1377726.00000
    269    1431211.00000
    270    1507510.00000
    271    1599189.00000
    272    1712746.00000
    273    1887264.00000
    274    2094228.00000
    275    2328046.00000
    276    2601432.00000
    277    2917760.00000
    278    3327338.00000
    279    3807060.00000
    280    4302694.00000
    281    4831971.00000
    282    5343788.00000
    283    5693895.00000
    284    5741734.00000
    285    5463482.00000
    286    4962334.00000
    287    4320137.00000
    288    3649981.00000
    289    3091351.00000
    290    2635833.00000
    291    2245977.00000
    292    1937341.00000
    293    1681168.00000
    294    1460855.00000
    295    1294494.00000
    296    1178689.00000
    297    1095031.00000
    298    1019668.00000
    299     941937.20000
    300     869268.50000
    301     817927.00000
    302     794528.10000
    303     765241.80000
    304     700138.10000
    305     631132.10000
    306     607736.60000
    307     631274.90000
    308     664345.60000
    309     668804.10000
    310     623286.80000
    311     570118.80000
    312     579902.20000
    313     621492.00000
    314     618352.30000
    315     576532.80000
    316     524889.20000
    317     475437.20000
    318     473765.60000
    319     531262.50000
    320     553657.80000
    321     490223.40000
    322     432746.70000
    323     445351.90000
    324     486448.10000
    325     515071.40000
    326     515471.90000
    327     490337.40000
    328     465363.80000
    329     454881.80000
    330     475171.70000
    331     561322.20000
    332     684393.50000
    333     728250.40000
    334     648267.90000
    335     545009.90000
    336     502364.60000
    337     487113.50000
    338     455957.30000
    339     439530.10000
    340     463297.10000
    341     484298.10000
    342     472893.60000
    343     455212.20000
    344     449109.40000
    345     448107.60000
    346     433903.10000
    347     391508.40000
    348     361701.40000
    349     382032.20000
    350     400428.20000
    351     373406.80000
    352     339853.10000
    353     349022.80000
    354     392054.50000
    355     406396.80000
    356     382677.20000
    357     388498.10000
    358     431189.30000
    359     444721.00000
    360     414720.20000
    361     396473.90000
    362     403878.30000
    363     387803.10000
    364     353639.20000
    365     346620.10000
    366     362300.60000
    367     394971.40000
    368     437831.50000
    369     450451.60000
    370     434034.20000
    371     427051.90000
    372     436321.50000
    373     438346.90000
    374     413465.10000
    375     391804.10000
    376     415884.10000
    377     463847.20000
    378     480509.10000
    379     446240.40000
    380     413834.60000
    381     430520.90000
    382     455396.60000
    383     451722.90000
    384     419201.60000
    385     373480.10000
    386     364781.60000
    387     376823.80000
    388     363827.40000
    389     371091.00000
    390     404632.00000
    391     401840.50000
    392     380037.30000
    393     393226.20000
    394     419818.50000
    395     408205.80000
    396     375270.80000
    397     377057.40000
    398     402698.30000
    399     406133.00000
    400     392815.20000
    401     383428.20000
    402     376934.80000
    403     373668.10000
    404     385544.80000
    405     420915.20000
    406     448510.10000
    407     453599.50000
    408     483333.50000
    409     503967.90000
    410     435932.20000
    411     373466.40000
    412     428673.80000
    413     497672.10000
    414     471415.40000
    415     406207.60000
    416     364563.60000
    417     362488.60000
    418     408799.40000
    419     446927.90000
    420     420409.90000
    421     377386.00000
    422     378559.10000
    423     406260.20000
    424     422758.90000
    425     422478.30000
    426     411358.30000
    427     411480.40000
    428     442583.90000
    429     456579.60000
    430     421480.80000
    431     405303.80000
    432     440262.00000
    433     483689.60000
    434     519715.40000
    435     530183.90000
    436     492430.90000
    437     445517.80000
    438     442585.90000
    439     494181.10000
    440     558695.80000
    441     573811.40000
    442     551325.90000
    443     548645.60000
    444     567145.10000
    445     585212.00000
    446     590747.80000
    447     590435.20000
    448     625267.80000
    449     675293.20000
    450     667574.80000
    451     617328.00000
    452     594536.10000
    453     618989.00000
    454     662945.50000
    455     711553.70000
    456     789798.10000
    457     885423.20000
    458     938287.20000
    459     942897.80000
    460     942640.50000
    461     960611.90000
    462    1004658.00000
    463    1067483.00000
    464    1107243.00000
    465    1113046.00000
    466    1144118.00000
    467    1211898.00000
    468    1261767.00000
    469    1312039.00000
    470    1398646.00000
    471    1458394.00000
    472    1476834.00000
    473    1545922.00000
    474    1675643.00000
    475    1811467.00000
    476    1963962.00000
    477    2127881.00000
    478    2254888.00000
    479    2379492.00000
    480    2575589.00000
    481    2784764.00000
    482    2910188.00000
    483    3013288.00000
    484    3186346.00000
    485    3376571.00000
    486    3484996.00000
    487    3507372.00000
    488    3491276.00000
    489    3418676.00000
    490    3250680.00000
    491    3047202.00000
    492    2899493.00000
    493    2774488.00000
    494    2596047.00000
    495    2417903.00000
    496    2293614.00000
    497    2183198.00000
    498    2101758.00000
    499    2072546.00000
    500    2053781.00000
    501    2043829.00000
    502    2064860.00000
    503    2089206.00000
    504    2104962.00000
    505    2173232.00000
    506    2317200.00000
    507    2507374.00000
    508    2821064.00000
    509    3361738.00000
    510    4144548.00000
    511    5247431.00000
    512    6714736.00000
    513    8133172.00000
    514    8662252.00000
    515    7852134.00000
    516    6244672.00000
    517    4715802.00000
    518    3553427.00000
    519    2653721.00000
    520    2027301.00000
    521    1671419.00000
    522    1450191.00000
    523    1266033.00000
    524    1112619.00000
    525    1003678.00000
    526     936240.90000
    527     897785.00000
    528     861186.40000
    529     792668.70000
    530     700711.60000
    531     638387.50000
    532     646864.50000
    533     679510.90000
    534     652215.90000
    535     587436.90000
    536     543974.20000
    537     512347.50000
    538     489374.90000
    539     474175.00000
    540     455842.90000
    541     465799.30000
    542     502976.50000
    543     519164.60000
    544     519159.80000
    545     523281.10000
    546     510717.60000
    547     478248.50000
    548     463075.00000
    549     469698.00000
    550     446852.40000
    551     394756.50000
    552     376858.80000
    553     393555.60000
    554     405114.40000
    555     417598.20000
    556     427901.80000
    557     405209.50000
    558     370180.80000
    559     369346.30000
    560     394477.30000
    561     416923.90000
    562     417044.50000
    563     379307.00000
    564     341329.10000
    565     342353.30000
    566     345461.40000
    567     337956.60000
    568     369299.00000
    569     426818.90000
    570     447404.20000
    571     430419.20000
    572     413096.90000
    573     404344.60000
    574     396478.10000
    575     393873.20000
    576     407426.40000
    577     426469.00000
    578     438391.20000
    579     441349.90000
    580     419399.00000
    581     386647.70000
    582     368482.20000
    583     340707.80000
    584     325786.30000
    585     363377.20000
    586     382932.80000
    587     354945.00000
    588     358269.70000
    589     403006.90000
    590     437669.80000
    591     438796.00000
    592     412450.20000
    593     401209.20000
    594     425374.90000
    595     453548.30000
    596     465762.20000
    597     457138.20000
    598     431812.50000
    599     403800.70000
    600     370766.30000
    601     358595.70000
    602     394782.20000
    603     419953.30000
    604     411117.10000
    605     418332.30000
    606     415520.80000
    607     382112.80000
    608     359110.80000
    609     347885.30000
    610     355035.40000
    611     382105.50000
    612     392026.90000
    613     397140.80000
    614     415580.20000
    615     411392.90000
    616     379638.80000
    617     367166.80000
    618     388710.90000
    619     412424.00000
    620     422408.50000
    621     418421.50000
    622     391664.20000
    623     358560.90000
    624     359184.20000
    625     385548.00000
    626     392241.10000
    627     401473.00000
    628     456518.60000
    629     502830.50000
    630     473098.90000
    631     400780.40000
    632     364435.00000
    633     379926.70000
    634     387310.70000
    635     357851.50000
    636     335915.10000
    637     344137.40000
    638     360050.10000
    639     380333.60000
    640     410405.60000
    641     422643.10000
    642     397998.70000
    643     372036.90000
    644     382880.80000
    645     423367.80000
