      1     166285.20000
      2     211845.80000
      3     239306.20000
      4     205436.40000
      5     153509.50000
      6     161255.80000
      7     181102.50000
      8     153024.30000
      9     130090.20000
     10     129604.10000
     11     121091.40000
     12     136674.80000
     13     184635.40000
     14     210123.80000
     15     190197.20000
     16     153974.90000
     17     137137.20000
     18     145579.60000
     19     182895.90000
     20     254389.90000
     21     309103.90000
     22     299824.80000
     23     244283.40000
     24     170418.50000
     25     124746.00000
     26     140503.70000
     27     156670.80000
     28     147497.50000
     29     169014.20000
     30     190508.90000
     31     179399.90000
     32     201698.50000
     33     233889.10000
     34     196311.10000
     35     134400.40000
     36     119330.10000
     37     141336.90000
     38     166909.20000
     39     186615.00000
     40     211060.30000
     41     226617.00000
     42     209816.10000
     43     186226.60000
     44     166930.10000
     45     136423.30000
     46     148269.00000
     47     224035.20000
     48     268732.60000
     49     229606.20000
     50     165555.20000
     51     152434.60000
     52     194435.60000
     53     233846.80000
     54     243471.60000
     55     227344.00000
     56     200371.90000
     57     201090.10000
     58     222426.40000
     59     221178.20000
     60     214970.80000
     61     247862.10000
     62     298469.40000
     63     300212.80000
     64     258693.90000
     65     248019.40000
     66     261452.50000
     67     244433.20000
     68     226253.10000
     69     247663.80000
     70     292313.90000
     71     331572.90000
     72     339934.20000
     73     310046.50000
     74     264150.80000
     75     252820.50000
     76     303884.90000
     77     337483.00000
     78     285495.60000
     79     233237.10000
     80     271810.50000
     81     362469.20000
     82     414180.60000
     83     397401.00000
     84     375552.50000
     85     384437.80000
     86     375624.60000
     87     366795.00000
     88     428363.90000
     89     528112.00000
     90     594469.20000
     91     627925.20000
     92     685371.40000
     93     803590.60000
     94     947536.40000
     95    1101748.00000
     96    1316894.00000
     97    1599976.00000
     98    1936027.00000
     99    2415243.00000
    100    3206811.00000
    101    4500700.00000
    102    6589836.00000
    103    9554822.00000
    104    12381470.00000
    105    13223000.00000
    106    11423890.00000
    107    8352334.00000
    108    5668240.00000
    109    3905648.00000
    110    2852007.00000
    111    2194912.00000
    112    1732486.00000
    113    1414201.00000
    114    1235065.00000
    115    1135532.00000
    116    1013175.00000
    117     842103.10000
    118     718300.10000
    119     677502.90000
    120     652365.80000
    121     627159.90000
    122     630006.80000
    123     653839.30000
    124     668736.20000
    125     661469.40000
    126     634447.10000
    127     586461.40000
    128     548321.40000
    129     539563.30000
    130     514104.60000
    131     474484.20000
    132     463800.20000
    133     444936.50000
    134     391876.40000
    135     368687.20000
    136     396800.60000
    137     409116.10000
    138     388637.30000
    139     376042.40000
    140     358403.20000
    141     320208.80000
    142     303715.90000
    143     323038.60000
    144     334575.20000
    145     324765.00000
    146     326181.60000
    147     343971.10000
    148     361229.30000
    149     366641.90000
    150     353906.10000
    151     344189.40000
    152     334160.10000
    153     296810.90000
    154     274480.00000
    155     314799.20000
    156     377028.00000
    157     397826.80000
    158     377425.90000
    159     365183.40000
    160     380302.60000
    161     401578.20000
    162     419302.00000
    163     436302.50000
    164     438167.40000
    165     406887.90000
    166     377432.40000
    167     399989.80000
    168     433769.10000
    169     444798.00000
    170     499284.00000
    171     587399.90000
    172     608774.10000
    173     580702.00000
    174     578341.50000
    175     573002.90000
    176     548802.40000
    177     571692.80000
    178     614104.60000
    179     597187.20000
    180     565068.40000
    181     584689.50000
    182     642482.80000
    183     687698.80000
    184     720383.80000
    185     814758.20000
    186     943133.80000
    187     993811.80000
    188     986756.20000
    189     993997.20000
    190    1000131.00000
    191     992486.80000
    192    1025088.00000
    193    1128046.00000
    194    1258195.00000
    195    1382049.00000
    196    1511380.00000
    197    1639945.00000
    198    1753254.00000
    199    1917436.00000
    200    2197174.00000
    201    2557954.00000
    202    2975213.00000
    203    3472220.00000
    204    4070964.00000
    205    4787864.00000
    206    5684856.00000
    207    6913972.00000
    208    8880388.00000
    209    12789300.00000
    210    19158050.00000
    211    24478710.00000
    212    24042210.00000
    213    19068590.00000
    214    14800280.00000
    215    13969850.00000
    216    17251090.00000
    217    23460570.00000
    218    27543460.00000
    219    25908690.00000
    220    22634570.00000
    221    24287120.00000
    222    29168490.00000
    223    28882090.00000
    224    21722340.00000
    225    14291670.00000
    226    10564780.00000
    227    9656897.00000
    228    11072460.00000
    229    15451020.00000
    230    20880210.00000
    231    22291970.00000
    232    17876150.00000
    233    11702560.00000
    234    7448612.00000
    235    5224060.00000
    236    4088010.00000
    237    3440623.00000
    238    2966024.00000
    239    2565881.00000
    240    2215311.00000
    241    1928626.00000
    242    1714190.00000
    243    1513536.00000
    244    1320704.00000
    245    1194956.00000
    246    1115347.00000
    247    1059692.00000
    248    1040865.00000
    249    1025329.00000
    250    1009102.00000
    251     990776.80000
    252     945604.40000
    253     902255.80000
    254     869731.60000
    255     817595.00000
    256     766374.90000
    257     730020.40000
    258     693627.10000
    259     694694.20000
    260     716777.80000
    261     672913.20000
    262     615188.50000
    263     636792.40000
    264     689795.10000
    265     713652.60000
    266     695819.50000
    267     648488.50000
    268     644750.80000
    269     685069.00000
    270     658517.80000
    271     578206.10000
    272     551693.40000
    273     567248.00000
    274     551311.00000
    275     495101.60000
    276     464841.50000
    277     504562.20000
    278     556378.60000
    279     572112.80000
    280     573317.80000
    281     580980.20000
    282     596559.10000
    283     592037.60000
    284     552980.60000
    285     535139.90000
    286     560175.00000
    287     578329.00000
    288     582171.90000
    289     562962.40000
    290     486028.80000
    291     420857.70000
    292     432933.20000
    293     446903.20000
    294     420420.90000
    295     409779.50000
    296     420659.60000
    297     431727.90000
    298     466151.50000
    299     490226.00000
    300     455065.50000
    301     426699.80000
    302     440030.90000
    303     425897.20000
    304     386277.60000
    305     400932.90000
    306     475023.50000
    307     521566.80000
    308     499914.20000
    309     461643.70000
    310     430805.10000
    311     398890.60000
    312     388657.00000
    313     405126.90000
    314     416484.50000
    315     398279.80000
    316     378563.20000
    317     399363.50000
    318     413856.10000
    319     383291.50000
    320     370726.80000
    321     398672.80000
    322     426176.80000
    323     434265.90000
    324     420005.20000
    325     409471.00000
    326     424159.70000
    327     437162.10000
    328     434599.50000
    329     444370.60000
    330     485434.60000
    331     506678.40000
    332     444580.80000
    333     370111.70000
    334     380025.40000
    335     415226.00000
    336     404105.20000
    337     364875.10000
    338     327046.70000
    339     328895.30000
    340     361380.80000
    341     375955.80000
    342     391652.50000
    343     419249.60000
    344     413808.40000
    345     363443.20000
    346     334227.40000
    347     385629.90000
    348     434294.10000
    349     410729.40000
    350     405561.10000
    351     434976.90000
    352     418724.30000
    353     383825.00000
    354     393468.10000
    355     435655.10000
    356     455470.60000
    357     421676.60000
    358     380186.10000
    359     369839.80000
    360     351359.80000
    361     312906.80000
    362     295271.60000
    363     309930.50000
    364     335160.70000
    365     346909.20000
    366     361114.90000
    367     406054.90000
    368     428989.70000
    369     384861.40000
    370     340029.90000
    371     334276.70000
    372     337260.20000
    373     357887.90000
    374     382601.50000
    375     363979.80000
    376     332441.10000
    377     319326.60000
    378     313885.60000
    379     334213.70000
    380     365934.70000
    381     376654.40000
    382     405617.50000
    383     462761.90000
    384     469949.30000
    385     406257.20000
    386     357268.90000
    387     372655.00000
    388     397739.60000
    389     387056.10000
    390     373756.70000
    391     383736.80000
    392     387883.70000
    393     355709.60000
    394     325509.20000
    395     354810.80000
    396     373488.90000
    397     326665.90000
    398     324570.80000
    399     395788.60000
    400     441250.40000
    401     422904.40000
    402     376517.30000
    403     361383.30000
    404     355745.70000
    405     306419.50000
    406     273528.80000
    407     299963.80000
    408     325443.00000
    409     316802.20000
    410     322288.40000
    411     359791.10000
    412     365512.80000
    413     328775.10000
    414     296005.20000
    415     287775.50000
    416     316921.80000
    417     338564.40000
    418     314989.70000
    419     324344.80000
    420     381109.80000
    421     392642.50000
    422     372450.90000
    423     384620.00000
    424     395512.30000
    425     376439.50000
    426     357827.70000
    427     352014.70000
    428     344722.60000
    429     328258.00000
    430     309720.40000
    431     305142.60000
    432     336372.80000
    433     377803.80000
    434     368395.80000
    435     349974.00000
    436     387881.80000
    437     420141.30000
    438     398490.90000
    439     369779.00000
    440     366620.10000
    441     379705.20000
    442     375240.20000
    443     335288.60000
    444     317306.60000
    445     359385.70000
    446     377840.70000
    447     330367.40000
    448     320511.80000
    449     374288.40000
    450     375818.90000
    451     316236.20000
    452     305718.80000
    453     346113.10000
    454     354220.70000
    455     329270.70000
    456     327371.70000
    457     364888.80000
    458     399778.80000
    459     389366.30000
    460     365405.00000
    461     365336.20000
    462     358268.10000
    463     334063.50000
    464     324228.80000
    465     325214.00000
    466     309726.60000
    467     291266.90000
    468     314912.50000
    469     370918.50000
    470     406866.90000
    471     408399.20000
    472     383803.70000
    473     358741.40000
    474     369803.80000
    475     391131.40000
    476     371486.10000
    477     342842.40000
    478     351229.50000
    479     353894.70000
    480     340897.70000
    481     357519.60000
    482     354569.10000
    483     295174.90000
    484     251901.10000
    485     266399.50000
    486     315050.80000
    487     352814.30000
    488     361448.80000
    489     366007.20000
    490     355991.10000
    491     336277.70000
    492     357960.60000
    493     383682.40000
    494     354158.80000
    495     321748.20000
    496     335711.70000
    497     363107.80000
    498     372053.90000
    499     365345.80000
    500     346930.40000
    501     316739.80000
    502     293857.30000
    503     295971.00000
    504     305304.00000
    505     307510.80000
    506     328734.30000
    507     368747.00000
    508     353340.60000
    509     281209.20000
    510     276898.10000
    511     357485.20000
    512     408523.20000
    513     394846.20000
    514     363325.70000
    515     340294.90000
    516     318923.40000
    517     312386.50000
    518     337750.40000
    519     342825.80000
    520     310402.90000
    521     318998.50000
    522     377034.90000
    523     410887.60000
    524     407113.00000
    525     395383.90000
    526     387849.50000
    527     392639.80000
    528     400325.00000
    529     398697.40000
    530     394257.10000
    531     390452.20000
    532     396232.90000
    533     388681.50000
    534     344239.20000
    535     334202.20000
    536     385804.00000
    537     415574.60000
    538     396611.00000
    539     357322.70000
    540     312337.90000
    541     287727.70000
    542     303872.70000
    543     353102.50000
    544     393665.60000
    545     397196.70000
    546     399826.50000
    547     403321.10000
    548     367463.10000
    549     327905.10000
    550     326418.10000
    551     341419.10000
    552     345293.40000
    553     330769.20000
    554     336123.00000
    555     375123.20000
    556     382704.60000
    557     358705.30000
    558     360630.70000
    559     356165.30000
    560     325111.60000
    561     337750.70000
    562     385044.80000
    563     392165.20000
    564     367969.90000
    565     333483.50000
    566     292134.20000
    567     287773.80000
    568     330369.80000
    569     373948.20000
    570     390216.60000
    571     403511.90000
    572     429418.80000
    573     415359.60000
    574     361712.90000
    575     347758.30000
    576     380373.40000
    577     416776.80000
    578     436764.20000
    579     443503.20000
    580     456064.80000
    581     442336.20000
    582     382939.30000
    583     339889.00000
    584     339629.50000
    585     361417.30000
    586     380296.40000
    587     386741.80000
    588     410623.60000
    589     436548.80000
    590     446787.50000
    591     463624.40000
    592     452322.60000
    593     411360.40000
    594     386260.90000
    595     376212.20000
    596     398354.40000
    597     445130.70000
    598     457247.70000
    599     431877.80000
    600     412611.60000
    601     432102.30000
    602     471087.20000
    603     471466.80000
    604     444381.40000
    605     441416.10000
    606     428861.60000
    607     379892.60000
    608     367063.00000
    609     393468.70000
    610     389395.60000
    611     392309.10000
    612     415796.60000
    613     365753.10000
    614     286683.00000
    615     306559.60000
    616     371361.60000
    617     374393.00000
    618     333959.30000
    619     307709.10000
    620     316275.10000
    621     339064.40000
    622     362629.80000
    623     398610.80000
    624     420591.40000
    625     403579.50000
    626     381045.10000
    627     384444.60000
    628     416269.70000
    629     464981.70000
    630     486302.60000
    631     446201.90000
    632     377924.50000
    633     333781.80000
    634     339496.10000
    635     366944.70000
    636     360227.20000
    637     343342.80000
    638     366578.20000
    639     415800.00000
    640     458409.60000
    641     470286.50000
    642     459073.50000
    643     433048.70000
    644     386571.30000
    645     365913.20000
