      1     355860.30000
      2     351588.90000
      3     349356.10000
      4     368748.40000
      5     359500.10000
      6     321206.10000
      7     312664.00000
      8     344465.70000
      9     371377.00000
     10     354794.20000
     11     297671.20000
     12     259006.70000
     13     305320.40000
     14     378948.30000
     15     373989.20000
     16     347347.40000
     17     367485.10000
     18     360761.60000
     19     318638.80000
     20     326197.00000
     21     391324.80000
     22     455729.20000
     23     472099.40000
     24     439867.40000
     25     407195.80000
     26     411849.90000
     27     417492.40000
     28     371706.70000
     29     337192.40000
     30     401724.90000
     31     494583.60000
     32     518253.80000
     33     503800.80000
     34     484990.00000
     35     469415.40000
     36     498195.80000
     37     542233.80000
     38     549628.80000
     39     564775.50000
     40     597105.00000
     41     597159.20000
     42     594676.10000
     43     628503.10000
     44     651750.70000
     45     643917.60000
     46     667184.10000
     47     730254.60000
     48     777807.90000
     49     830081.60000
     50     920277.30000
     51    1001846.00000
     52    1061036.00000
     53    1124291.00000
     54    1190013.00000
     55    1282138.00000
     56    1402926.00000
     57    1485283.00000
     58    1514832.00000
     59    1538253.00000
     60    1573917.00000
     61    1601136.00000
     62    1583397.00000
     63    1520342.00000
     64    1448099.00000
     65    1389751.00000
     66    1355882.00000
     67    1322488.00000
     68    1230703.00000
     69    1082239.00000
     70     953946.70000
     71     885219.00000
     72     863820.30000
     73     877946.90000
     74     877595.20000
     75     827525.90000
     76     786597.60000
     77     787293.80000
     78     800909.70000
     79     816950.40000
     80     809296.70000
     81     785472.60000
     82     807085.90000
     83     841753.50000
     84     851155.10000
     85     903745.10000
     86    1009578.00000
     87    1129443.00000
     88    1270016.00000
     89    1408965.00000
     90    1500525.00000
     91    1489629.00000
     92    1368275.00000
     93    1252049.00000
     94    1203469.00000
     95    1184305.00000
     96    1202546.00000
     97    1237230.00000
     98    1224415.00000
     99    1179198.00000
    100    1152166.00000
    101    1169021.00000
    102    1226856.00000
    103    1313313.00000
    104    1469336.00000
    105    1709215.00000
    106    1963590.00000
    107    2247859.00000
    108    2678334.00000
    109    3341508.00000
    110    4365272.00000
    111    5953600.00000
    112    8104666.00000
    113    10187790.00000
    114    11051970.00000
    115    10088410.00000
    116    7974651.00000
    117    5889967.00000
    118    4439094.00000
    119    3580768.00000
    120    3096294.00000
    121    2913901.00000
    122    2956768.00000
    123    2909583.00000
    124    2580854.00000
    125    2185260.00000
    126    1976689.00000
    127    1980771.00000
    128    2096244.00000
    129    2198791.00000
    130    2182968.00000
    131    2033321.00000
    132    1854884.00000
    133    1736952.00000
    134    1693316.00000
    135    1747130.00000
    136    1859519.00000
    137    1910012.00000
    138    1880169.00000
    139    1857284.00000
    140    1858265.00000
    141    1825614.00000
    142    1744433.00000
    143    1631954.00000
    144    1513061.00000
    145    1436275.00000
    146    1398464.00000
    147    1362677.00000
    148    1325867.00000
    149    1269887.00000
    150    1191190.00000
    151    1128190.00000
    152    1110355.00000
    153    1132639.00000
    154    1124287.00000
    155    1053071.00000
    156     988230.40000
    157     967695.60000
    158     993541.40000
    159    1041631.00000
    160    1036635.00000
    161     966421.90000
    162     878038.80000
    163     805827.80000
    164     777277.30000
    165     785495.60000
    166     819185.10000
    167     864028.40000
    168     870527.40000
    169     848755.00000
    170     836479.20000
    171     816476.80000
    172     805971.40000
    173     815597.60000
    174     797175.40000
    175     769230.90000
    176     775022.20000
    177     809951.50000
    178     890000.90000
    179     993389.40000
    180    1036548.00000
    181    1007966.00000
    182     978685.00000
    183    1020329.00000
    184    1142460.00000
    185    1266592.00000
    186    1336964.00000
    187    1404705.00000
    188    1532892.00000
    189    1718093.00000
    190    1943273.00000
    191    2238879.00000
    192    2651319.00000
    193    3299621.00000
    194    4496854.00000
    195    6915637.00000
    196    11379280.00000
    197    16876330.00000
    198    19592110.00000
    199    17154250.00000
    200    11974910.00000
    201    7647327.00000
    202    5183038.00000
    203    3931119.00000
    204    3242938.00000
    205    2835810.00000
    206    2654110.00000
    207    2640219.00000
    208    2704712.00000
    209    2818446.00000
    210    3059572.00000
    211    3479135.00000
    212    3960767.00000
    213    4399124.00000
    214    4948084.00000
    215    6000692.00000
    216    7894688.00000
    217    11392980.00000
    218    18279430.00000
    219    27925270.00000
    220    33854020.00000
    221    30417650.00000
    222    21027200.00000
    223    12966490.00000
    224    8650472.00000
    225    6653596.00000
    226    5735344.00000
    227    5368389.00000
    228    5310066.00000
    229    5352915.00000
    230    5196667.00000
    231    4781109.00000
    232    4471761.00000
    233    4604594.00000
    234    5162520.00000
    235    6009756.00000
    236    7468849.00000
    237    11133620.00000
    238    17479220.00000
    239    21959050.00000
    240    19814370.00000
    241    13581140.00000
    242    8741231.00000
    243    6626120.00000
    244    6081406.00000
    245    6456090.00000
    246    7537177.00000
    247    9410300.00000
    248    11806770.00000
    249    13279610.00000
    250    12426520.00000
    251    9716456.00000
    252    6822707.00000
    253    4736088.00000
    254    3474580.00000
    255    2741124.00000
    256    2290743.00000
    257    1997800.00000
    258    1777355.00000
    259    1590774.00000
    260    1444811.00000
    261    1353986.00000
    262    1317106.00000
    263    1249711.00000
    264    1113442.00000
    265    1010193.00000
    266     963492.10000
    267     914109.00000
    268     883439.50000
    269     870420.60000
    270     836987.50000
    271     812307.80000
    272     806249.20000
    273     791524.00000
    274     772433.80000
    275     754132.50000
    276     727554.80000
    277     703282.90000
    278     707404.80000
    279     736922.90000
    280     775948.10000
    281     818765.90000
    282     832987.30000
    283     809884.30000
    284     793552.20000
    285     779784.40000
    286     736006.90000
    287     715456.20000
    288     755131.90000
    289     783124.60000
    290     777858.80000
    291     771386.30000
    292     739702.10000
    293     690801.20000
    294     655448.10000
    295     624448.20000
    296     619452.60000
    297     655716.00000
    298     679067.20000
    299     672515.70000
    300     675985.50000
    301     649236.00000
    302     556375.60000
    303     504000.50000
    304     544173.30000
    305     583861.80000
    306     586629.10000
    307     602213.20000
    308     629208.20000
    309     623840.40000
    310     605245.10000
    311     615345.80000
    312     632720.40000
    313     628876.40000
    314     607359.10000
    315     585308.90000
    316     589056.10000
    317     604340.40000
    318     583384.80000
    319     537620.80000
    320     520533.30000
    321     541707.60000
    322     571530.20000
    323     575050.70000
    324     534222.40000
    325     482822.00000
    326     469681.10000
    327     497334.90000
    328     543998.20000
    329     570743.20000
    330     533004.90000
    331     461036.00000
    332     418225.20000
    333     419719.30000
    334     472608.60000
    335     533924.90000
    336     520784.50000
    337     472865.60000
    338     469873.60000
    339     478334.30000
    340     465993.80000
    341     456576.10000
    342     454008.20000
    343     459550.00000
    344     483688.10000
    345     518549.50000
    346     535437.80000
    347     501495.20000
    348     432238.10000
    349     380118.50000
    350     378930.70000
    351     432435.10000
    352     477341.30000
    353     455209.80000
    354     432493.80000
    355     464840.90000
    356     483790.20000
    357     448515.50000
    358     420602.50000
    359     441119.00000
    360     471661.70000
    361     477018.20000
    362     463801.30000
    363     438003.70000
    364     435196.90000
    365     502682.90000
    366     562555.00000
    367     530208.20000
    368     490290.70000
    369     483326.40000
    370     458126.10000
    371     464381.50000
    372     501697.10000
    373     479402.00000
    374     441258.90000
    375     459036.40000
    376     481575.90000
    377     468809.90000
    378     450980.10000
    379     456091.80000
    380     478365.60000
    381     481367.70000
    382     451784.70000
    383     431597.10000
    384     455158.30000
    385     497205.20000
    386     499977.40000
    387     466422.40000
    388     458368.90000
    389     473983.00000
    390     486536.60000
    391     531646.40000
    392     600564.00000
    393     606798.90000
    394     561300.40000
    395     567221.90000
    396     599657.60000
    397     603833.70000
    398     657759.20000
    399     741877.40000
    400     728915.00000
    401     635847.00000
    402     550276.20000
    403     507657.40000
    404     512687.00000
    405     523825.90000
    406     515504.10000
    407     535236.50000
    408     580756.10000
    409     576337.60000
    410     543396.10000
    411     547686.00000
    412     541795.00000
    413     513440.20000
    414     534766.90000
    415     576892.60000
    416     583413.20000
    417     585114.80000
    418     599473.10000
    419     605892.90000
    420     585598.40000
    421     559991.40000
    422     583047.10000
    423     612348.60000
    424     562382.50000
    425     492355.80000
    426     504874.50000
    427     560795.50000
    428     587897.60000
    429     611038.10000
    430     651225.40000
    431     688552.40000
    432     706017.20000
    433     678080.80000
    434     635878.90000
    435     631766.40000
    436     639773.90000
    437     636645.60000
    438     636838.80000
    439     648268.50000
    440     667268.30000
    441     678938.10000
    442     686822.80000
    443     697833.90000
    444     714789.50000
    445     765110.60000
    446     822721.80000
    447     804106.40000
    448     732000.30000
    449     718224.10000
    450     768031.90000
    451     803262.50000
    452     821143.10000
    453     852995.40000
    454     874285.00000
    455     884988.60000
    456     935905.10000
    457    1007961.00000
    458    1043563.00000
    459    1054293.00000
    460    1061933.00000
    461    1078245.00000
    462    1134427.00000
    463    1210640.00000
    464    1252751.00000
    465    1275505.00000
    466    1334720.00000
    467    1430530.00000
    468    1514577.00000
    469    1559898.00000
    470    1591403.00000
    471    1661765.00000
    472    1791868.00000
    473    1936854.00000
    474    2031845.00000
    475    2097792.00000
    476    2215754.00000
    477    2370120.00000
    478    2514386.00000
    479    2691103.00000
    480    2920581.00000
    481    3159620.00000
    482    3377422.00000
    483    3589562.00000
    484    3816780.00000
    485    3999947.00000
    486    4097640.00000
    487    4136236.00000
    488    4067244.00000
    489    3859854.00000
    490    3584976.00000
    491    3282965.00000
    492    2986323.00000
    493    2735340.00000
    494    2537800.00000
    495    2406635.00000
    496    2298145.00000
    497    2154026.00000
    498    2015553.00000
    499    1923210.00000
    500    1876224.00000
    501    1890166.00000
    502    1950512.00000
    503    2012848.00000
    504    2061556.00000
    505    2087961.00000
    506    2074127.00000
    507    2037484.00000
    508    1996856.00000
    509    1932254.00000
    510    1851814.00000
    511    1780478.00000
    512    1688803.00000
    513    1547313.00000
    514    1398950.00000
    515    1301058.00000
    516    1235647.00000
    517    1152804.00000
    518    1058356.00000
    519     996727.80000
    520     979561.10000
    521     953851.20000
    522     892591.90000
    523     866449.80000
    524     886831.00000
    525     857799.60000
    526     794669.40000
    527     793525.50000
    528     829748.00000
    529     829043.80000
    530     792301.40000
    531     774691.20000
    532     789243.20000
    533     785155.10000
    534     768527.40000
    535     767290.90000
    536     745337.80000
    537     701879.10000
    538     677630.60000
    539     677931.50000
    540     686379.10000
    541     704982.00000
    542     738383.20000
    543     740577.00000
    544     691635.60000
    545     658604.50000
    546     677071.60000
    547     711799.00000
    548     739518.20000
    549     770348.60000
    550     807221.00000
    551     852943.50000
    552     932628.40000
    553    1024691.00000
    554    1058346.00000
    555    1016193.00000
    556     917131.50000
    557     781633.10000
    558     689674.10000
    559     701906.40000
    560     755333.80000
    561     781656.60000
    562     773446.40000
    563     721456.90000
    564     660310.40000
    565     652982.50000
    566     678756.10000
    567     680083.80000
    568     661532.50000
    569     666315.00000
    570     698714.50000
    571     719212.40000
    572     744787.90000
    573     821682.90000
    574     872080.80000
    575     810448.20000
    576     717995.20000
    577     670070.10000
    578     626575.00000
    579     581738.40000
    580     570073.60000
    581     578411.10000
    582     580625.10000
    583     553620.00000
    584     494877.90000
    585     473155.30000
    586     525858.20000
    587     586854.50000
    588     608313.20000
    589     594647.20000
    590     559188.20000
    591     547506.80000
    592     585669.20000
    593     607438.30000
    594     550410.20000
    595     484377.60000
    596     510359.10000
    597     578910.20000
    598     575484.20000
    599     513153.50000
    600     475548.80000
    601     487977.40000
    602     537163.70000
    603     574524.70000
    604     550584.80000
    605     499050.70000
    606     465930.70000
    607     463861.30000
    608     496178.50000
    609     516600.10000
    610     505074.60000
    611     505141.80000
    612     512146.20000
    613     524366.70000
    614     562141.00000
    615     545850.90000
    616     463985.90000
    617     466558.30000
    618     549037.60000
    619     597846.10000
    620     645329.40000
    621     676156.90000
    622     617938.40000
    623     559141.40000
    624     567754.40000
    625     567257.40000
    626     533913.00000
    627     523154.20000
    628     537280.70000
    629     550227.20000
    630     561216.90000
    631     554553.40000
    632     539626.70000
    633     554983.50000
    634     559988.60000
    635     523475.20000
    636     528571.90000
    637     591312.10000
    638     623093.50000
    639     617835.40000
    640     600278.70000
    641     554699.20000
    642     528270.60000
    643     549555.60000
    644     550956.70000
    645     536657.50000
