      1     159072.70000
      2     147861.80000
      3     148763.30000
      4     174804.10000
      5     195417.90000
      6     195026.20000
      7     181207.20000
      8     151350.90000
      9     138357.60000
     10     176370.50000
     11     216221.20000
     12     211589.60000
     13     178886.10000
     14     141527.90000
     15     119386.10000
     16     125104.70000
     17     151965.80000
     18     180487.70000
     19     197902.50000
     20     216595.60000
     21     238268.70000
     22     235820.10000
     23     211043.20000
     24     210124.90000
     25     235172.10000
     26     234942.20000
     27     217783.40000
     28     214798.40000
     29     203967.50000
     30     202371.10000
     31     236857.90000
     32     254158.00000
     33     227198.50000
     34     189687.90000
     35     161773.40000
     36     169284.70000
     37     212805.50000
     38     236186.30000
     39     227829.60000
     40     225348.70000
     41     235636.10000
     42     243658.10000
     43     225304.10000
     44     189313.20000
     45     187649.50000
     46     204640.50000
     47     199816.10000
     48     215795.10000
     49     259494.10000
     50     272109.40000
     51     259659.30000
     52     259293.40000
     53     271548.40000
     54     282227.20000
     55     276517.20000
     56     260810.80000
     57     235069.60000
     58     197057.70000
     59     200076.30000
     60     251273.30000
     61     269665.70000
     62     252611.80000
     63     275799.80000
     64     330250.00000
     65     340303.90000
     66     316797.00000
     67     324094.90000
     68     338655.20000
     69     326750.10000
     70     316433.80000
     71     296454.10000
     72     266565.10000
     73     284059.50000
     74     344097.60000
     75     395964.80000
     76     395582.20000
     77     334765.90000
     78     318829.80000
     79     394653.40000
     80     458010.40000
     81     512501.50000
     82     640150.80000
     83     822535.60000
     84    1046036.00000
     85    1252408.00000
     86    1264010.00000
     87    1050259.00000
     88     807084.20000
     89     679014.80000
     90     642573.50000
     91     620391.40000
     92     584896.90000
     93     576401.50000
     94     625796.20000
     95     698824.80000
     96     748323.60000
     97     771447.90000
     98     790702.80000
     99     816374.20000
    100     869277.10000
    101     963155.50000
    102    1087033.00000
    103    1256411.00000
    104    1535539.00000
    105    2049204.00000
    106    2966637.00000
    107    4908258.00000
    108    8623670.00000
    109    12398200.00000
    110    12525290.00000
    111    8811256.00000
    112    4955940.00000
    113    2978179.00000
    114    2166214.00000
    115    1774672.00000
    116    1594964.00000
    117    1536572.00000
    118    1571132.00000
    119    1663266.00000
    120    1751023.00000
    121    1734071.00000
    122    1594718.00000
    123    1455462.00000
    124    1386783.00000
    125    1364338.00000
    126    1441186.00000
    127    1665020.00000
    128    1884271.00000
    129    1957842.00000
    130    1928180.00000
    131    1863464.00000
    132    1842752.00000
    133    1963364.00000
    134    2203930.00000
    135    2512978.00000
    136    2998370.00000
    137    3911052.00000
    138    5548270.00000
    139    7722314.00000
    140    9145572.00000
    141    8534262.00000
    142    6365406.00000
    143    4207365.00000
    144    2840396.00000
    145    2078192.00000
    146    1617787.00000
    147    1329160.00000
    148    1153444.00000
    149    1036737.00000
    150     921815.50000
    151     820547.20000
    152     787102.80000
    153     785593.00000
    154     752579.00000
    155     705020.10000
    156     664885.20000
    157     613057.10000
    158     558536.70000
    159     545576.80000
    160     573771.90000
    161     590465.80000
    162     577902.90000
    163     563990.10000
    164     550543.10000
    165     535405.70000
    166     537330.00000
    167     526940.80000
    168     478508.90000
    169     438918.70000
    170     431980.10000
    171     443483.90000
    172     481011.00000
    173     530413.10000
    174     541552.30000
    175     511194.60000
    176     507267.10000
    177     567679.80000
    178     634671.50000
    179     652987.90000
    180     656353.90000
    181     673820.20000
    182     678748.50000
    183     693907.50000
    184     766732.10000
    185     867754.80000
    186     956970.00000
    187    1051015.00000
    188    1168744.00000
    189    1320905.00000
    190    1539432.00000
    191    1844428.00000
    192    2258061.00000
    193    2856408.00000
    194    3774039.00000
    195    5199212.00000
    196    7169464.00000
    197    9204916.00000
    198    10343450.00000
    199    9901573.00000
    200    8192209.00000
    201    6168044.00000
    202    4565842.00000
    203    3591275.00000
    204    3051710.00000
    205    2673075.00000
    206    2390436.00000
    207    2270457.00000
    208    2256456.00000
    209    2286231.00000
    210    2443262.00000
    211    2780166.00000
    212    3274084.00000
    213    3870450.00000
    214    4716239.00000
    215    6122505.00000
    216    8856552.00000
    217    15219580.00000
    218    24830880.00000
    219    30013260.00000
    220    25170930.00000
    221    15718220.00000
    222    9064372.00000
    223    6102780.00000
    224    4948464.00000
    225    4560373.00000
    226    4541930.00000
    227    4690070.00000
    228    4725479.00000
    229    4534600.00000
    230    4278202.00000
    231    4164308.00000
    232    4272995.00000
    233    4536980.00000
    234    5020190.00000
    235    6021698.00000
    236    8493809.00000
    237    13109720.00000
    238    17106280.00000
    239    16337630.00000
    240    11792040.00000
    241    8009113.00000
    242    6728230.00000
    243    7555012.00000
    244    10344990.00000
    245    13156560.00000
    246    12864100.00000
    247    9541788.00000
    248    6059551.00000
    249    3899331.00000
    250    2704940.00000
    251    2046329.00000
    252    1682032.00000
    253    1463904.00000
    254    1350058.00000
    255    1282412.00000
    256    1217478.00000
    257    1133847.00000
    258    1028354.00000
    259     909828.80000
    260     795203.50000
    261     715414.20000
    262     682763.90000
    263     671878.20000
    264     632707.60000
    265     567816.60000
    266     522309.50000
    267     497934.50000
    268     480832.80000
    269     460224.80000
    270     428789.60000
    271     407102.80000
    272     407408.50000
    273     405405.10000
    274     381652.20000
    275     370184.60000
    276     396492.10000
    277     416472.80000
    278     408475.50000
    279     402696.00000
    280     391323.80000
    281     348377.90000
    282     306010.00000
    283     314851.90000
    284     342651.80000
    285     318073.70000
    286     284969.80000
    287     328469.10000
    288     395730.90000
    289     393946.10000
    290     347326.10000
    291     336927.80000
    292     357288.00000
    293     347532.50000
    294     330107.90000
    295     329882.90000
    296     308580.40000
    297     275803.80000
    298     247350.10000
    299     225665.10000
    300     259888.60000
    301     336845.00000
    302     369314.90000
    303     349604.80000
    304     328937.90000
    305     310187.10000
    306     293498.80000
    307     296788.40000
    308     302232.20000
    309     303783.90000
    310     306657.60000
    311     293160.30000
    312     279963.10000
    313     281358.60000
    314     263373.10000
    315     227425.90000
    316     224040.90000
    317     260539.20000
    318     278867.50000
    319     253589.40000
    320     236258.10000
    321     252292.60000
    322     256542.40000
    323     237863.60000
    324     245462.70000
    325     285842.10000
    326     314186.80000
    327     314325.90000
    328     301539.40000
    329     287194.70000
    330     267459.00000
    331     242592.50000
    332     238774.50000
    333     260085.50000
    334     277348.60000
    335     287204.80000
    336     286522.20000
    337     263958.30000
    338     237335.80000
    339     211103.50000
    340     188057.10000
    341     193753.30000
    342     206292.50000
    343     186308.20000
    344     173793.20000
    345     220149.60000
    346     267368.50000
    347     249952.40000
    348     221819.00000
    349     230157.70000
    350     246324.60000
    351     241514.70000
    352     201268.70000
    353     169232.10000
    354     208854.90000
    355     276921.30000
    356     294001.90000
    357     253473.90000
    358     201341.90000
    359     201129.10000
    360     253247.80000
    361     273435.50000
    362     244804.80000
    363     238172.00000
    364     261357.80000
    365     277471.00000
    366     288318.30000
    367     293529.60000
    368     281999.10000
    369     266041.70000
    370     267924.30000
    371     287783.60000
    372     297919.10000
    373     291196.30000
    374     289627.60000
    375     282154.70000
    376     251557.00000
    377     224613.60000
    378     216313.70000
    379     216569.20000
    380     231573.20000
    381     264321.10000
    382     285638.90000
    383     268390.90000
    384     255355.30000
    385     294065.50000
    386     329451.30000
    387     312374.30000
    388     279375.60000
    389     257000.80000
    390     253103.00000
    391     281461.60000
    392     318595.80000
    393     321144.40000
    394     287806.40000
    395     264866.40000
    396     286164.80000
    397     333388.30000
    398     376708.10000
    399     393579.10000
    400     353308.80000
    401     287776.20000
    402     288844.60000
    403     343983.40000
    404     353509.70000
    405     309136.50000
    406     272050.60000
    407     274328.90000
    408     308141.80000
    409     323729.50000
    410     302958.80000
    411     288186.20000
    412     281552.70000
    413     268618.80000
    414     264248.90000
    415     257616.50000
    416     236936.00000
    417     215754.20000
    418     223555.00000
    419     276062.10000
    420     312362.30000
    421     293470.30000
    422     277248.20000
    423     285396.10000
    424     288212.90000
    425     290629.80000
    426     297136.30000
    427     292263.30000
    428     283001.30000
    429     279735.10000
    430     274619.80000
    431     268613.90000
    432     266199.50000
    433     260653.40000
    434     245929.60000
    435     235471.20000
    436     254136.70000
    437     286865.40000
    438     298901.40000
    439     295741.20000
    440     289501.60000
    441     276704.00000
    442     265914.00000
    443     259641.50000
    444     251139.10000
    445     258713.70000
    446     282092.50000
    447     286019.80000
    448     283052.60000
    449     300352.80000
    450     318761.20000
    451     322471.60000
    452     306717.70000
    453     276774.10000
    454     258011.80000
    455     268906.00000
    456     297268.70000
    457     303798.40000
    458     306639.70000
    459     355902.10000
    460     385389.80000
    461     321834.20000
    462     250969.80000
    463     264945.50000
    464     313193.50000
    465     331487.70000
    466     338296.20000
    467     339436.30000
    468     317324.80000
    469     299717.10000
    470     316507.50000
    471     354428.60000
    472     378379.80000
    473     375459.80000
    474     377947.20000
    475     396290.20000
    476     387625.50000
    477     336361.50000
    478     286976.70000
    479     299237.80000
    480     374608.40000
    481     423395.60000
    482     390922.80000
    483     345509.30000
    484     354367.80000
    485     396093.70000
    486     415822.40000
    487     400611.40000
    488     395362.70000
    489     414602.30000
    490     417304.80000
    491     404798.60000
    492     404865.00000
    493     407916.70000
    494     407811.80000
    495     398668.50000
    496     376554.10000
    497     387431.60000
    498     437030.20000
    499     458274.90000
    500     442828.90000
    501     426850.20000
    502     420060.20000
    503     427843.20000
    504     425139.30000
    505     392413.50000
    506     382865.60000
    507     423506.50000
    508     461073.60000
    509     455856.80000
    510     424004.40000
    511     399888.90000
    512     391257.30000
    513     388670.40000
    514     399990.00000
    515     415882.00000
    516     406097.30000
    517     385589.40000
    518     384663.90000
    519     387611.20000
    520     392167.20000
    521     415333.20000
    522     405757.90000
    523     336521.60000
    524     303948.20000
    525     349833.60000
    526     387534.60000
    527     387179.30000
    528     397280.60000
    529     415481.20000
    530     419696.90000
    531     428181.00000
    532     430712.80000
    533     393212.60000
    534     349520.30000
    535     360384.10000
    536     409501.00000
    537     433710.00000
    538     423342.60000
    539     411780.30000
    540     406879.60000
    541     401163.80000
    542     405921.10000
    543     443392.40000
    544     490265.10000
    545     488268.10000
    546     452555.20000
    547     437726.40000
    548     455960.80000
    549     495249.00000
    550     514169.60000
    551     506645.60000
    552     513855.70000
    553     509250.80000
    554     462356.40000
    555     415456.20000
    556     409487.80000
    557     444802.10000
    558     476268.80000
    559     472431.60000
    560     472718.70000
    561     509006.90000
    562     547365.00000
    563     546523.60000
    564     521785.70000
    565     509427.00000
    566     496817.40000
    567     457190.70000
    568     414775.20000
    569     414465.30000
    570     447833.90000
    571     466045.10000
    572     479677.90000
    573     545079.10000
    574     618842.80000
    575     592821.80000
    576     490301.90000
    577     420628.70000
    578     406199.80000
    579     418651.80000
    580     437806.80000
    581     434527.20000
    582     405622.00000
    583     376764.40000
    584     360113.90000
    585     346369.80000
    586     326907.60000
    587     312852.70000
    588     311351.80000
    589     295196.70000
    590     240223.40000
    591     197046.00000
    592     222116.80000
    593     255835.00000
    594     253308.30000
    595     279193.90000
    596     323325.30000
    597     311986.20000
    598     281764.60000
    599     287614.10000
    600     305096.30000
    601     325203.50000
    602     361155.50000
    603     373412.70000
    604     320874.90000
    605     248497.20000
    606     222071.00000
    607     224240.20000
    608     224498.90000
    609     253066.20000
    610     305021.90000
    611     323318.00000
    612     305892.10000
    613     287845.00000
    614     270290.60000
    615     245639.20000
    616     232668.80000
    617     248681.80000
    618     266310.80000
    619     258440.30000
    620     260119.00000
    621     291568.20000
    622     302483.00000
    623     270398.70000
    624     247810.90000
    625     272081.00000
    626     315708.00000
    627     346752.20000
    628     355589.70000
    629     335995.30000
    630     304621.40000
    631     283592.70000
    632     270555.90000
    633     260124.50000
    634     258933.50000
    635     277752.60000
    636     300413.10000
    637     301915.70000
    638     280614.70000
    639     240192.50000
    640     223104.40000
    641     251636.40000
    642     254894.60000
    643     224532.80000
    644     223923.40000
    645     236509.00000
