      1     282873.40000
      2     221951.50000
      3     188961.50000
      4     189412.30000
      5     156594.70000
      6     135096.60000
      7     155171.20000
      8     200637.90000
      9     251404.40000
     10     231484.70000
     11     140605.80000
     12     113776.90000
     13     191690.90000
     14     245780.60000
     15     221209.10000
     16     224405.10000
     17     279129.90000
     18     276505.60000
     19     200530.80000
     20     157175.20000
     21     195468.60000
     22     234012.10000
     23     218922.20000
     24     207245.40000
     25     213799.20000
     26     209998.70000
     27     200543.80000
     28     183057.20000
     29     184813.40000
     30     222133.20000
     31     248389.50000
     32     258851.80000
     33     262533.90000
     34     242843.90000
     35     223289.90000
     36     216947.10000
     37     207225.90000
     38     214296.60000
     39     250526.20000
     40     251209.40000
     41     180278.60000
     42     137369.80000
     43     182138.60000
     44     229791.60000
     45     243512.40000
     46     261387.20000
     47     282067.10000
     48     294615.80000
     49     295005.80000
     50     285602.00000
     51     282181.40000
     52     274117.90000
     53     251202.20000
     54     236768.40000
     55     245880.70000
     56     263284.70000
     57     263387.80000
     58     239176.10000
     59     198272.80000
     60     155543.90000
     61     145264.70000
     62     182549.10000
     63     228697.10000
     64     238756.40000
     65     217289.60000
     66     216511.60000
     67     270378.10000
     68     330950.10000
     69     333707.20000
     70     309939.90000
     71     309648.10000
     72     308727.50000
     73     317008.10000
     74     361555.40000
     75     375554.60000
     76     350090.20000
     77     369474.60000
     78     410118.00000
     79     414993.00000
     80     430189.40000
     81     484438.80000
     82     541334.80000
     83     572246.20000
     84     574030.60000
     85     569406.60000
     86     589363.80000
     87     627818.20000
     88     645323.20000
     89     621055.80000
     90     576424.40000
     91     557567.90000
     92     572046.10000
     93     574321.40000
     94     569706.10000
     95     594688.90000
     96     640571.20000
     97     711644.10000
     98     813079.80000
     99     924838.20000
    100    1064952.00000
    101    1310021.00000
    102    1729630.00000
    103    2302382.00000
    104    3055805.00000
    105    4260429.00000
    106    6392370.00000
    107    9594132.00000
    108    12564620.00000
    109    13062070.00000
    110    10667580.00000
    111    7386768.00000
    112    4974721.00000
    113    3580454.00000
    114    2764848.00000
    115    2267192.00000
    116    1997364.00000
    117    1876127.00000
    118    1772934.00000
    119    1689493.00000
    120    1733492.00000
    121    1850990.00000
    122    1900651.00000
    123    1848043.00000
    124    1733377.00000
    125    1622464.00000
    126    1572295.00000
    127    1604270.00000
    128    1739048.00000
    129    1939876.00000
    130    2098708.00000
    131    2235600.00000
    132    2496765.00000
    133    2913656.00000
    134    3462139.00000
    135    4235948.00000
    136    5374146.00000
    137    6922213.00000
    138    8496280.00000
    139    9185696.00000
    140    8485974.00000
    141    6935190.00000
    142    5328061.00000
    143    4033702.00000
    144    3118349.00000
    145    2498108.00000
    146    2070232.00000
    147    1789000.00000
    148    1602581.00000
    149    1458603.00000
    150    1339680.00000
    151    1258227.00000
    152    1192980.00000
    153    1100054.00000
    154    1016861.00000
    155     970106.30000
    156     905101.50000
    157     834010.40000
    158     804953.50000
    159     773407.80000
    160     709849.90000
    161     668732.90000
    162     658303.10000
    163     620893.60000
    164     575936.90000
    165     609689.80000
    166     683919.60000
    167     667632.60000
    168     581551.30000
    169     551268.80000
    170     578192.80000
    171     596771.40000
    172     604298.00000
    173     603841.40000
    174     585386.50000
    175     553090.40000
    176     516140.10000
    177     501168.20000
    178     500468.80000
    179     484553.30000
    180     495107.40000
    181     553176.40000
    182     598272.80000
    183     609897.40000
    184     627642.10000
    185     653283.20000
    186     647455.20000
    187     622235.90000
    188     616036.90000
    189     619072.10000
    190     622701.60000
    191     634808.50000
    192     645791.40000
    193     665865.00000
    194     712848.00000
    195     743926.40000
    196     736097.60000
    197     779794.90000
    198     931847.60000
    199    1097664.00000
    200    1173227.00000
    201    1188226.00000
    202    1214285.00000
    203    1272933.00000
    204    1402670.00000
    205    1607526.00000
    206    1829068.00000
    207    2067599.00000
    208    2342726.00000
    209    2655969.00000
    210    3086594.00000
    211    3716542.00000
    212    4459521.00000
    213    5286727.00000
    214    6547226.00000
    215    9181184.00000
    216    14261750.00000
    217    20099090.00000
    218    21766130.00000
    219    17578690.00000
    220    11721420.00000
    221    7895201.00000
    222    6043914.00000
    223    5097227.00000
    224    4573872.00000
    225    4344896.00000
    226    4322027.00000
    227    4319594.00000
    228    4295539.00000
    229    4348246.00000
    230    4551615.00000
    231    4983291.00000
    232    5513958.00000
    233    5980112.00000
    234    6580486.00000
    235    8108905.00000
    236    12246050.00000
    237    18718980.00000
    238    22525920.00000
    239    19929570.00000
    240    14323700.00000
    241    10525130.00000
    242    9629188.00000
    243    12476910.00000
    244    18655290.00000
    245    22128100.00000
    246    18353000.00000
    247    11479980.00000
    248    6901628.00000
    249    4800172.00000
    250    3694370.00000
    251    3001954.00000
    252    2535876.00000
    253    2266668.00000
    254    2095214.00000
    255    1938833.00000
    256    1806648.00000
    257    1693447.00000
    258    1597269.00000
    259    1507784.00000
    260    1413710.00000
    261    1307658.00000
    262    1233124.00000
    263    1254086.00000
    264    1325193.00000
    265    1334818.00000
    266    1244748.00000
    267    1128996.00000
    268    1071016.00000
    269    1057422.00000
    270    1016993.00000
    271     957427.10000
    272     951647.20000
    273     978524.60000
    274     975933.60000
    275     953895.40000
    276     939790.00000
    277     952556.40000
    278     976652.50000
    279     957864.20000
    280     891571.90000
    281     840953.80000
    282     859577.80000
    283     902996.10000
    284     870019.20000
    285     792368.40000
    286     792436.80000
    287     834333.90000
    288     804328.70000
    289     732282.90000
    290     718743.50000
    291     765950.00000
    292     757112.30000
    293     678497.40000
    294     681415.80000
    295     747273.50000
    296     742383.90000
    297     727901.20000
    298     759582.30000
    299     760818.90000
    300     737860.50000
    301     739951.80000
    302     722701.90000
    303     667158.90000
    304     642623.90000
    305     658694.80000
    306     659384.20000
    307     648393.80000
    308     660211.20000
    309     697776.70000
    310     727328.10000
    311     712544.80000
    312     678960.90000
    313     652082.60000
    314     624906.90000
    315     632255.80000
    316     670436.60000
    317     675095.40000
    318     657647.10000
    319     659997.70000
    320     663461.90000
    321     656132.00000
    322     659106.20000
    323     676179.40000
    324     688792.00000
    325     675761.80000
    326     632513.00000
    327     588641.60000
    328     579923.90000
    329     619112.40000
    330     686045.50000
    331     721131.20000
    332     697722.50000
    333     662229.10000
    334     644705.10000
    335     634349.20000
    336     625857.80000
    337     610503.40000
    338     588600.40000
    339     591649.10000
    340     622258.60000
    341     643137.40000
    342     657776.10000
    343     678675.90000
    344     667031.00000
    345     619090.80000
    346     588923.10000
    347     597383.70000
    348     621269.70000
    349     628189.80000
    350     617350.50000
    351     621905.50000
    352     627768.60000
    353     612626.80000
    354     620526.20000
    355     646011.10000
    356     621724.40000
    357     561360.20000
    358     529238.20000
    359     541954.20000
    360     576627.20000
    361     607350.80000
    362     632440.20000
    363     647787.90000
    364     622842.40000
    365     572926.10000
    366     560630.30000
    367     599811.30000
    368     648589.60000
    369     658931.70000
    370     627885.00000
    371     592500.90000
    372     573939.70000
    373     604313.60000
    374     674513.50000
    375     693258.10000
    376     658478.60000
    377     640489.20000
    378     631099.10000
    379     600326.20000
    380     554712.90000
    381     531495.30000
    382     564835.10000
    383     623500.60000
    384     634028.10000
    385     572363.50000
    386     519083.20000
    387     539662.30000
    388     578137.90000
    389     588851.20000
    390     580219.40000
    391     548868.80000
    392     536801.50000
    393     579196.90000
    394     614634.80000
    395     625448.20000
    396     657804.70000
    397     663250.40000
    398     605667.10000
    399     563023.40000
    400     563335.80000
    401     582965.70000
    402     610215.50000
    403     597591.60000
    404     558085.20000
    405     563000.80000
    406     604040.30000
    407     643925.60000
    408     651087.20000
    409     614122.70000
    410     594842.00000
    411     593766.40000
    412     564038.00000
    413     573026.80000
    414     629462.30000
    415     620536.20000
    416     565677.80000
    417     568885.50000
    418     616420.30000
    419     640142.00000
    420     620398.20000
    421     583101.50000
    422     567055.00000
    423     576930.10000
    424     577787.80000
    425     554594.90000
    426     544393.30000
    427     574323.90000
    428     620101.90000
    429     649207.20000
    430     640508.10000
    431     599568.40000
    432     559987.00000
    433     540373.40000
    434     564720.40000
    435     627259.10000
    436     643895.60000
    437     600452.30000
    438     579136.10000
    439     591892.80000
    440     596175.90000
    441     598928.90000
    442     624322.10000
    443     647161.90000
    444     640607.10000
    445     630149.30000
    446     611888.30000
    447     559556.80000
    448     522562.80000
    449     541716.50000
    450     576288.30000
    451     592436.70000
    452     597708.60000
    453     611396.80000
    454     634644.90000
    455     628751.20000
    456     583226.10000
    457     548946.70000
    458     542624.40000
    459     546607.60000
    460     576371.10000
    461     628545.60000
    462     653593.20000
    463     622933.80000
    464     575111.40000
    465     577234.00000
    466     613021.60000
    467     604765.20000
    468     564006.50000
    469     547166.70000
    470     537804.70000
    471     532343.90000
    472     568656.60000
    473     618269.60000
    474     639029.90000
    475     641856.20000
    476     636247.30000
    477     628866.40000
    478     604229.80000
    479     550353.50000
    480     525756.40000
    481     546391.20000
    482     575231.90000
    483     626099.50000
    484     674130.80000
    485     664036.90000
    486     638253.50000
    487     650180.50000
    488     658729.10000
    489     633195.80000
    490     619696.90000
    491     625201.80000
    492     605933.60000
    493     579576.90000
    494     592611.70000
    495     629839.40000
    496     645346.20000
    497     644520.60000
    498     652746.50000
    499     648839.10000
    500     625322.60000
    501     610764.10000
    502     620673.10000
    503     646913.10000
    504     650214.40000
    505     616251.90000
    506     578094.50000
    507     552173.80000
    508     554267.10000
    509     599970.60000
    510     669207.80000
    511     720274.60000
    512     714381.10000
    513     690990.20000
    514     711764.70000
    515     713857.00000
    516     657294.90000
    517     626741.50000
    518     644422.10000
    519     670250.80000
    520     698247.10000
    521     697210.20000
    522     647111.10000
    523     608673.10000
    524     631376.40000
    525     684301.10000
    526     723861.90000
    527     726353.50000
    528     677003.40000
    529     634226.20000
    530     655786.10000
    531     669025.10000
    532     650182.60000
    533     686800.50000
    534     735686.00000
    535     715224.40000
    536     699376.20000
    537     715691.40000
    538     691492.80000
    539     660350.10000
    540     690555.20000
    541     741337.40000
    542     764199.50000
    543     777738.10000
    544     804332.20000
    545     830881.10000
    546     820639.40000
    547     762204.00000
    548     712819.90000
    549     728522.10000
    550     781173.10000
    551     808472.20000
    552     790246.60000
    553     758564.40000
    554     756987.90000
    555     786004.60000
    556     819529.90000
    557     855986.60000
    558     888671.20000
    559     881229.30000
    560     840809.20000
    561     825104.10000
    562     844962.40000
    563     860901.60000
    564     861764.30000
    565     861642.50000
    566     849120.20000
    567     827709.90000
    568     826467.90000
    569     820804.80000
    570     803417.60000
    571     832494.00000
    572     904138.20000
    573     969248.50000
    574    1002742.00000
    575     990408.10000
    576     956113.90000
    577     910725.60000
    578     833069.90000
    579     767789.40000
    580     757208.80000
    581     758901.30000
    582     754892.70000
    583     759890.50000
    584     759153.80000
    585     755917.90000
    586     754352.30000
    587     743337.80000
    588     724169.90000
    589     685903.90000
    590     659315.20000
    591     694172.60000
    592     734913.10000
    593     703943.40000
    594     633527.30000
    595     632886.00000
    596     731451.90000
    597     787947.40000
    598     714005.30000
    599     627039.10000
    600     613590.10000
    601     644373.60000
    602     705943.90000
    603     748785.00000
    604     718696.90000
    605     675509.50000
    606     669144.90000
    607     679029.40000
    608     686112.20000
    609     658008.90000
    610     618177.90000
    611     652073.50000
    612     714609.70000
    613     694488.90000
    614     645847.40000
    615     662030.80000
    616     704618.40000
    617     719745.70000
    618     699607.50000
    619     659402.10000
    620     644529.60000
    621     654758.10000
    622     620114.60000
    623     550275.10000
    624     564065.80000
    625     646942.60000
    626     662399.30000
    627     645407.50000
    628     678096.00000
    629     683587.50000
    630     628157.20000
    631     592651.90000
    632     613087.10000
    633     662767.80000
    634     704011.90000
    635     705067.80000
    636     684170.80000
    637     697391.20000
    638     733313.40000
    639     724187.50000
    640     674219.20000
    641     657048.10000
    642     685771.00000
    643     698615.80000
    644     682576.80000
    645     680582.90000
