      1      80932.50000
      2      68948.25000
      3     101713.10000
      4     119898.30000
      5     108168.50000
      6     109976.20000
      7     117272.80000
      8     108352.60000
      9      92217.56000
     10      79110.31000
     11      76156.25000
     12      81625.81000
     13      87476.69000
     14      83641.56000
     15      73216.50000
     16      93866.81000
     17     150461.80000
     18     182079.70000
     19     156370.40000
     20     110595.10000
     21      87575.25000
     22      83153.75000
     23      77215.81000
     24      85979.38000
     25     113405.10000
     26     122441.20000
     27     109432.80000
     28      95083.50000
     29      89949.38000
     30     117917.20000
     31     150842.40000
     32     127806.80000
     33      82182.62000
     34      78535.25000
     35     121362.10000
     36     175502.10000
     37     182102.10000
     38     137539.20000
     39     109717.20000
     40     119358.50000
     41     132882.40000
     42     145026.00000
     43     158245.50000
     44     142527.40000
     45     101235.10000
     46      87432.88000
     47     103656.20000
     48     104263.40000
     49      94577.00000
     50     123811.80000
     51     162486.90000
     52     124906.90000
     53      62803.88000
     54      79379.75000
     55     121278.60000
     56     132065.90000
     57     155867.20000
     58     193901.90000
     59     204428.10000
     60     177949.40000
     61     150485.60000
     62     171195.40000
     63     210528.40000
     64     212401.90000
     65     215932.50000
     66     255949.20000
     67     277794.60000
     68     267539.00000
     69     283951.80000
     70     333615.40000
     71     361332.10000
     72     351748.10000
     73     355243.60000
     74     400374.60000
     75     451739.00000
     76     496890.00000
     77     546811.50000
     78     568550.80000
     79     560292.80000
     80     589306.80000
     81     694747.80000
     82     851238.80000
     83    1022335.00000
     84    1206364.00000
     85    1420561.00000
     86    1649372.00000
     87    1831732.00000
     88    1990084.00000
     89    2264364.00000
     90    2760589.00000
     91    3615989.00000
     92    5165416.00000
     93    8244231.00000
     94    13452200.00000
     95    18438610.00000
     96    18955370.00000
     97    14800470.00000
     98    10008760.00000
     99    7090546.00000
    100    5701919.00000
    101    5011660.00000
    102    4584219.00000
    103    4362690.00000
    104    4436674.00000
    105    4798540.00000
    106    5488736.00000
    107    6636354.00000
    108    8136760.00000
    109    9231164.00000
    110    8931677.00000
    111    7241716.00000
    112    5211339.00000
    113    3669176.00000
    114    2685375.00000
    115    2073961.00000
    116    1700636.00000
    117    1431142.00000
    118    1192916.00000
    119    1028516.00000
    120     943690.50000
    121     872485.40000
    122     804543.20000
    123     744939.20000
    124     667256.00000
    125     593206.90000
    126     557720.60000
    127     534443.80000
    128     494792.20000
    129     461674.30000
    130     446096.50000
    131     427061.90000
    132     422748.80000
    133     452527.00000
    134     470743.40000
    135     454734.20000
    136     431627.90000
    137     388037.60000
    138     337193.50000
    139     358192.40000
    140     414434.30000
    141     395312.50000
    142     342793.40000
    143     340392.20000
    144     342471.10000
    145     320416.30000
    146     328923.10000
    147     359309.70000
    148     358350.60000
    149     334500.20000
    150     325947.30000
    151     358027.50000
    152     400692.70000
    153     382875.70000
    154     338241.90000
    155     351347.90000
    156     368214.20000
    157     338817.90000
    158     339872.90000
    159     365760.90000
    160     347317.00000
    161     325624.90000
    162     331509.40000
    163     324979.00000
    164     311226.00000
    165     327325.00000
    166     358621.40000
    167     365157.80000
    168     371671.20000
    169     410066.90000
    170     417217.80000
    171     357977.20000
    172     323161.50000
    173     363765.80000
    174     408505.60000
    175     429150.00000
    176     471801.40000
    177     527389.20000
    178     553652.80000
    179     556486.50000
    180     574590.00000
    181     630457.50000
    182     700992.80000
    183     758295.20000
    184     812579.20000
    185     881992.50000
    186     994932.50000
    187    1179113.00000
    188    1386934.00000
    189    1593889.00000
    190    1871574.00000
    191    2236020.00000
    192    2670664.00000
    193    3248774.00000
    194    4088138.00000
    195    5311935.00000
    196    7045710.00000
    197    9284278.00000
    198    11500160.00000
    199    12618890.00000
    200    11959960.00000
    201    10032600.00000
    202    7940066.00000
    203    6305368.00000
    204    5191565.00000
    205    4536524.00000
    206    4228179.00000
    207    4137612.00000
    208    4258496.00000
    209    4667223.00000
    210    5398463.00000
    211    6644071.00000
    212    8790416.00000
    213    12910790.00000
    214    21307670.00000
    215    32902400.00000
    216    39620960.00000
    217    35741830.00000
    218    25986780.00000
    219    17846010.00000
    220    13860220.00000
    221    13496520.00000
    222    15353160.00000
    223    17185880.00000
    224    17060210.00000
    225    14840680.00000
    226    11830470.00000
    227    9176541.00000
    228    7269171.00000
    229    6072504.00000
    230    5468048.00000
    231    5503869.00000
    232    6403527.00000
    233    8421639.00000
    234    11341600.00000
    235    13876990.00000
    236    14454860.00000
    237    12865020.00000
    238    10275220.00000
    239    7805269.00000
    240    5868756.00000
    241    4503583.00000
    242    3654447.00000
    243    3148808.00000
    244    2743582.00000
    245    2329847.00000
    246    1965991.00000
    247    1718730.00000
    248    1559703.00000
    249    1408269.00000
    250    1247090.00000
    251    1120204.00000
    252    1033832.00000
    253     965777.20000
    254     936762.50000
    255     942125.50000
    256     910742.50000
    257     830179.40000
    258     762829.20000
    259     736829.60000
    260     729903.60000
    261     723167.80000
    262     712930.20000
    263     673709.00000
    264     610495.80000
    265     588259.00000
    266     608505.40000
    267     619452.90000
    268     614137.60000
    269     592537.80000
    270     564937.90000
    271     555857.00000
    272     548489.90000
    273     531447.20000
    274     501329.20000
    275     462381.50000
    276     468998.20000
    277     507785.00000
    278     524530.90000
    279     541065.00000
    280     535275.10000
    281     483591.20000
    282     453733.90000
    283     471878.10000
    284     503797.80000
    285     512769.20000
    286     501013.20000
    287     515405.50000
    288     532101.10000
    289     496199.30000
    290     446708.70000
    291     441201.70000
    292     469160.70000
    293     481968.10000
    294     458874.80000
    295     445832.70000
    296     471459.50000
    297     485329.00000
    298     479629.10000
    299     490390.90000
    300     477564.90000
    301     447349.10000
    302     486191.60000
    303     563026.30000
    304     598733.00000
    305     616406.80000
    306     648642.80000
    307     689870.90000
    308     732537.80000
    309     758404.10000
    310     768109.80000
    311     797326.90000
    312     852199.80000
    313     900928.80000
    314     949706.60000
    315    1033871.00000
    316    1141569.00000
    317    1246977.00000
    318    1364684.00000
    319    1479968.00000
    320    1533185.00000
    321    1538927.00000
    322    1548509.00000
    323    1517530.00000
    324    1426418.00000
    325    1347274.00000
    326    1265873.00000
    327    1128193.00000
    328     982762.00000
    329     884521.50000
    330     828818.00000
    331     792471.40000
    332     757129.60000
    333     712011.60000
    334     655907.80000
    335     616876.70000
    336     596288.20000
    337     561612.90000
    338     529849.10000
    339     510967.30000
    340     495601.90000
    341     503653.40000
    342     513118.70000
    343     509491.30000
    344     515885.00000
    345     501701.60000
    346     464854.40000
    347     443648.20000
    348     429255.60000
    349     429659.50000
    350     437109.90000
    351     406471.20000
    352     375627.50000
    353     369598.80000
    354     335262.20000
    355     318650.60000
    356     374019.50000
    357     397850.50000
    358     356855.80000
    359     351146.20000
    360     363555.70000
    361     321961.50000
    362     275849.90000
    363     292200.90000
    364     342796.40000
    365     354894.00000
    366     328613.10000
    367     328993.80000
    368     350261.50000
    369     338160.70000
    370     305155.30000
    371     300569.50000
    372     330293.00000
    373     363744.30000
    374     388980.60000
    375     394262.60000
    376     355084.90000
    377     304682.40000
    378     294079.80000
    379     317633.80000
    380     353132.60000
    381     372644.60000
    382     368553.80000
    383     357662.00000
    384     312584.50000
    385     254519.60000
    386     275383.70000
    387     340071.00000
    388     341797.50000
    389     302600.80000
    390     299170.80000
    391     330160.40000
    392     347878.80000
    393     333168.70000
    394     316172.60000
    395     321845.60000
    396     321585.00000
    397     301609.90000
    398     303738.30000
    399     326904.20000
    400     320518.80000
    401     295018.60000
    402     293361.10000
    403     306682.10000
    404     311675.60000
    405     301232.00000
    406     272759.60000
    407     255460.40000
    408     280738.20000
    409     312653.80000
    410     303610.10000
    411     286151.80000
    412     304208.70000
    413     324264.10000
    414     318272.70000
    415     318261.40000
    416     336199.20000
    417     344167.20000
    418     331235.80000
    419     322416.40000
    420     327119.70000
    421     325318.40000
    422     324144.20000
    423     329073.90000
    424     328796.40000
    425     354288.70000
    426     407410.80000
    427     413367.40000
    428     356617.30000
    429     304421.80000
    430     281733.80000
    431     291236.50000
    432     352590.30000
    433     430161.10000
    434     474668.20000
    435     480791.40000
    436     453675.10000
    437     413758.20000
    438     381316.50000
    439     368023.50000
    440     374049.30000
    441     358554.40000
    442     311195.40000
    443     283004.60000
    444     286194.70000
    445     286824.80000
    446     288930.20000
    447     315733.60000
    448     342167.80000
    449     335719.80000
    450     305627.10000
    451     289856.80000
    452     320412.60000
    453     363163.90000
    454     358969.60000
    455     327540.80000
    456     318205.60000
    457     314953.70000
    458     297203.30000
    459     300414.90000
    460     322216.20000
    461     322885.50000
    462     322497.20000
    463     335730.60000
    464     339997.30000
    465     346561.20000
    466     356426.60000
    467     343043.10000
    468     332394.00000
    469     353291.20000
    470     350291.10000
    471     301620.90000
    472     283131.60000
    473     314227.80000
    474     349303.00000
    475     373174.40000
    476     365114.50000
    477     315918.50000
    478     270410.60000
    479     271520.50000
    480     310267.70000
    481     326315.70000
    482     295275.90000
    483     278167.90000
    484     305231.40000
    485     325540.50000
    486     306989.90000
    487     284738.70000
    488     301418.60000
    489     356827.90000
    490     415011.30000
    491     420909.80000
    492     370198.30000
    493     334936.40000
    494     345083.90000
    495     373157.00000
    496     397954.50000
    497     383878.00000
    498     333869.80000
    499     308510.40000
    500     309613.70000
    501     303392.40000
    502     317086.60000
    503     359924.50000
    504     380744.60000
    505     382614.60000
    506     395692.20000
    507     379907.90000
    508     318976.80000
    509     273970.40000
    510     287246.40000
    511     341786.30000
    512     375517.70000
    513     346230.80000
    514     308318.40000
    515     316758.50000
    516     327830.70000
    517     303817.30000
    518     270851.50000
    519     263102.50000
    520     298204.20000
    521     335921.70000
    522     327552.80000
    523     306811.40000
    524     295161.50000
    525     283959.70000
    526     310349.50000
    527     351583.20000
    528     346886.20000
    529     317265.00000
    530     273668.90000
    531     237612.90000
    532     272119.80000
    533     325762.00000
    534     330050.80000
    535     329270.60000
    536     338372.80000
    537     329888.40000
    538     321468.80000
    539     326265.10000
    540     311345.50000
    541     268857.50000
    542     254164.90000
    543     284517.20000
    544     312775.20000
    545     319591.30000
    546     318923.10000
    547     330153.00000
    548     363141.50000
    549     390834.50000
    550     392183.20000
    551     388238.20000
    552     385082.30000
    553     362210.10000
    554     329705.00000
    555     327464.60000
    556     372643.70000
    557     428893.80000
    558     460182.60000
    559     481610.50000
    560     495130.10000
    561     488434.30000
    562     489106.70000
    563     510744.20000
    564     535235.80000
    565     557957.40000
    566     597749.20000
    567     668320.90000
    568     729102.90000
    569     750779.80000
    570     788185.40000
    571     872897.60000
    572     980982.40000
    573    1124672.00000
    574    1310393.00000
    575    1496894.00000
    576    1641460.00000
    577    1684494.00000
    578    1597670.00000
    579    1450362.00000
    580    1286796.00000
    581    1095982.00000
    582     927815.30000
    583     806825.90000
    584     681222.90000
    585     569120.60000
    586     510344.10000
    587     477782.50000
    588     465887.40000
    589     463209.80000
    590     431177.10000
    591     390794.20000
    592     369600.90000
    593     356838.50000
    594     349654.80000
    595     337687.50000
    596     317781.80000
    597     330554.80000
    598     381767.50000
    599     398119.50000
    600     356693.60000
    601     323862.50000
    602     317662.60000
    603     311319.80000
    604     307583.30000
    605     288187.00000
    606     243564.10000
    607     225195.80000
    608     246794.40000
    609     268683.90000
    610     279905.50000
    611     282476.90000
    612     281645.40000
    613     290913.20000
    614     284352.60000
    615     251129.50000
    616     259910.70000
    617     322073.90000
    618     340764.70000
    619     295119.20000
    620     262554.20000
    621     279814.90000
    622     315625.50000
    623     317719.10000
    624     304891.70000
    625     329425.60000
    626     350664.10000
    627     331128.20000
    628     294360.20000
    629     265305.90000
    630     280325.30000
    631     317420.00000
    632     323695.60000
    633     314216.60000
    634     296454.10000
    635     287120.70000
    636     315744.80000
    637     325618.60000
    638     300401.10000
    639     292239.90000
    640     275401.40000
    641     257486.40000
    642     291903.00000
    643     314756.60000
    644     294203.70000
    645     319720.60000
