      1     167412.40000
      2     161034.00000
      3     155809.40000
      4     156904.10000
      5     169520.20000
      6     171869.50000
      7     159052.50000
      8     134414.00000
      9     113413.40000
     10     119843.60000
     11     136210.50000
     12     146079.40000
     13     160745.50000
     14     180081.90000
     15     201679.00000
     16     214299.60000
     17     205440.40000
     18     205125.40000
     19     236028.00000
     20     251854.20000
     21     215269.50000
     22     174246.20000
     23     172714.80000
     24     191774.40000
     25     211107.50000
     26     214523.60000
     27     198294.00000
     28     186324.60000
     29     173856.90000
     30     158921.60000
     31     172423.40000
     32     204565.20000
     33     227206.40000
     34     244605.10000
     35     259125.50000
     36     254206.00000
     37     211883.40000
     38     162793.10000
     39     161385.10000
     40     186232.40000
     41     199774.60000
     42     234834.10000
     43     283777.60000
     44     267076.60000
     45     210783.90000
     46     222476.60000
     47     278262.50000
     48     294998.10000
     49     268783.90000
     50     220793.80000
     51     201147.10000
     52     238068.40000
     53     257276.60000
     54     232516.20000
     55     237037.50000
     56     276246.60000
     57     300122.60000
     58     318034.90000
     59     339294.80000
     60     332453.50000
     61     299697.80000
     62     298574.90000
     63     354762.60000
     64     398516.50000
     65     391982.50000
     66     395277.40000
     67     418416.60000
     68     416807.50000
     69     408214.50000
     70     450785.50000
     71     546357.20000
     72     631951.80000
     73     661554.20000
     74     665042.00000
     75     697417.50000
     76     745615.80000
     77     796309.50000
     78     861742.80000
     79     899499.00000
     80     927892.50000
     81     993393.20000
     82    1057338.00000
     83    1135130.00000
     84    1306395.00000
     85    1599550.00000
     86    1950404.00000
     87    2209270.00000
     88    2287181.00000
     89    2387117.00000
     90    2746692.00000
     91    3323596.00000
     92    4250159.00000
     93    5951914.00000
     94    10058790.00000
     95    18544270.00000
     96    27150310.00000
     97    27657330.00000
     98    21127620.00000
     99    15642170.00000
    100    13296700.00000
    101    11473760.00000
    102    9364285.00000
    103    7450300.00000
    104    6048054.00000
    105    5143902.00000
    106    4504112.00000
    107    4031166.00000
    108    3681364.00000
    109    3384021.00000
    110    3098048.00000
    111    2798938.00000
    112    2471738.00000
    113    2154446.00000
    114    1893709.00000
    115    1645956.00000
    116    1397937.00000
    117    1189745.00000
    118    1013734.00000
    119     903156.40000
    120     914628.90000
    121     953238.60000
    122     873514.00000
    123     750169.80000
    124     731820.10000
    125     774344.20000
    126     783341.20000
    127     746292.20000
    128     684454.90000
    129     619392.60000
    130     557439.40000
    131     523745.90000
    132     529580.90000
    133     545638.30000
    134     570339.10000
    135     592513.90000
    136     584050.90000
    137     579974.50000
    138     582689.30000
    139     536796.40000
    140     483015.80000
    141     471114.60000
    142     462333.80000
    143     459281.00000
    144     488718.60000
    145     536910.10000
    146     571085.40000
    147     544779.80000
    148     490989.50000
    149     488936.60000
    150     504025.70000
    151     481690.90000
    152     455332.20000
    153     442444.80000
    154     434988.40000
    155     441946.10000
    156     431805.10000
    157     390633.60000
    158     375826.90000
    159     398804.60000
    160     418179.10000
    161     431184.00000
    162     454041.20000
    163     484323.40000
    164     512641.00000
    165     533220.90000
    166     537051.20000
    167     519079.10000
    168     488256.60000
    169     457654.50000
    170     445405.20000
    171     467197.20000
    172     501635.80000
    173     512541.00000
    174     520641.50000
    175     570146.20000
    176     638847.80000
    177     670644.80000
    178     656857.20000
    179     658614.50000
    180     717481.00000
    181     767505.20000
    182     763689.50000
    183     773438.00000
    184     840597.80000
    185     935858.00000
    186    1041433.00000
    187    1178216.00000
    188    1367376.00000
    189    1609044.00000
    190    1889104.00000
    191    2217045.00000
    192    2662000.00000
    193    3295744.00000
    194    4215220.00000
    195    5691286.00000
    196    8390522.00000
    197    13371320.00000
    198    20031090.00000
    199    24132100.00000
    200    21988950.00000
    201    15736850.00000
    202    10121720.00000
    203    6949530.00000
    204    5423194.00000
    205    4639180.00000
    206    4287042.00000
    207    4291460.00000
    208    4641044.00000
    209    5355449.00000
    210    6594922.00000
    211    8720512.00000
    212    12843960.00000
    213    22794560.00000
    214    39311910.00000
    215    50483870.00000
    216    44625240.00000
    217    28816580.00000
    218    16719300.00000
    219    11133640.00000
    220    8877966.00000
    221    8184814.00000
    222    8526513.00000
    223    10193640.00000
    224    13930930.00000
    225    19054770.00000
    226    22064010.00000
    227    20034850.00000
    228    14747010.00000
    229    9979152.00000
    230    7157090.00000
    231    5787838.00000
    232    5356424.00000
    233    5670568.00000
    234    6680589.00000
    235    8717804.00000
    236    12432610.00000
    237    17034950.00000
    238    19341200.00000
    239    17164560.00000
    240    12306460.00000
    241    7964142.00000
    242    5383604.00000
    243    4098523.00000
    244    3340048.00000
    245    2719067.00000
    246    2240530.00000
    247    1918009.00000
    248    1672806.00000
    249    1474730.00000
    250    1320818.00000
    251    1209290.00000
    252    1133572.00000
    253    1057044.00000
    254     976502.80000
    255     911474.20000
    256     845580.50000
    257     792513.50000
    258     786755.00000
    259     788660.00000
    260     761669.50000
    261     730775.80000
    262     693147.50000
    263     657728.60000
    264     671467.10000
    265     698748.50000
    266     674344.00000
    267     616090.20000
    268     564147.00000
    269     528705.50000
    270     524702.40000
    271     565143.00000
    272     599204.10000
    273     589197.50000
    274     591503.00000
    275     603629.50000
    276     557209.50000
    277     508615.80000
    278     521077.20000
    279     516901.20000
    280     479084.80000
    281     488386.80000
    282     526714.80000
    283     537349.30000
    284     535642.60000
    285     530679.60000
    286     515511.20000
    287     523474.20000
    288     550129.40000
    289     533180.70000
    290     507217.10000
    291     548127.30000
    292     606760.80000
    293     618586.60000
    294     604197.50000
    295     599217.60000
    296     590694.60000
    297     557932.90000
    298     558720.90000
    299     635312.60000
    300     725248.60000
    301     771865.00000
    302     787808.90000
    303     802739.60000
    304     817870.80000
    305     845426.80000
    306     912672.90000
    307     995235.40000
    308    1066835.00000
    309    1144082.00000
    310    1241490.00000
    311    1354320.00000
    312    1470082.00000
    313    1610114.00000
    314    1789709.00000
    315    1978547.00000
    316    2208227.00000
    317    2514760.00000
    318    2812989.00000
    319    3073275.00000
    320    3367297.00000
    321    3643235.00000
    322    3809460.00000
    323    3904798.00000
    324    3926060.00000
    325    3778244.00000
    326    3471652.00000
    327    3111140.00000
    328    2753114.00000
    329    2409350.00000
    330    2095050.00000
    331    1824833.00000
    332    1616207.00000
    333    1465946.00000
    334    1331615.00000
    335    1216209.00000
    336    1140651.00000
    337    1033992.00000
    338     873578.50000
    339     761488.60000
    340     743326.90000
    341     776507.70000
    342     800504.80000
    343     756729.20000
    344     647689.20000
    345     548778.20000
    346     528609.20000
    347     549904.80000
    348     541280.00000
    349     524805.00000
    350     511958.60000
    351     481349.70000
    352     474939.30000
    353     504654.40000
    354     517174.20000
    355     491977.90000
    356     461467.10000
    357     447488.80000
    358     425355.60000
    359     410128.50000
    360     441346.20000
    361     464413.80000
    362     454237.80000
    363     478668.60000
    364     511117.80000
    365     481424.30000
    366     416953.60000
    367     348643.60000
    368     307179.60000
    369     345802.00000
    370     413467.90000
    371     412528.50000
    372     373380.30000
    373     368478.10000
    374     367664.60000
    375     344215.60000
    376     330453.30000
    377     318352.80000
    378     325312.90000
    379     379977.70000
    380     398104.20000
    381     353896.20000
    382     341073.70000
    383     366109.20000
    384     386803.60000
    385     399898.70000
    386     393925.90000
    387     403791.10000
    388     464499.20000
    389     501483.20000
    390     465607.90000
    391     423043.60000
    392     412009.80000
    393     394534.90000
    394     375864.00000
    395     385499.70000
    396     382516.70000
    397     357039.50000
    398     354673.60000
    399     378963.40000
    400     419586.40000
    401     435343.60000
    402     402809.10000
    403     386351.60000
    404     382868.80000
    405     363186.10000
    406     386238.30000
    407     431395.40000
    408     412654.10000
    409     349484.90000
    410     309418.30000
    411     311245.10000
    412     345363.00000
    413     401492.50000
    414     447237.60000
    415     439881.40000
    416     407347.20000
    417     424371.20000
    418     476864.60000
    419     484558.50000
    420     452212.30000
    421     433506.90000
    422     408007.60000
    423     382106.90000
    424     415523.80000
    425     449400.30000
    426     430807.90000
    427     432936.90000
    428     464968.20000
    429     492525.90000
    430     501459.90000
    431     470947.60000
    432     477023.20000
    433     572966.40000
    434     671312.20000
    435     696704.40000
    436     624369.70000
    437     507710.70000
    438     461471.70000
    439     457250.50000
    440     409210.40000
    441     388757.80000
    442     447246.20000
    443     504297.30000
    444     517808.90000
    445     496992.60000
    446     466155.80000
    447     461716.20000
    448     473195.80000
    449     496933.10000
    450     536937.70000
    451     549750.80000
    452     533434.00000
    453     529509.10000
    454     541603.40000
    455     567035.10000
    456     617281.40000
    457     669925.00000
    458     685271.80000
    459     683535.80000
    460     715598.60000
    461     766096.70000
    462     811108.90000
    463     872344.00000
    464     898361.40000
    465     855608.90000
    466     859996.10000
    467     931369.00000
    468     978260.90000
    469    1021263.00000
    470    1085144.00000
    471    1144980.00000
    472    1195292.00000
    473    1219794.00000
    474    1252351.00000
    475    1350434.00000
    476    1469935.00000
    477    1548177.00000
    478    1623128.00000
    479    1738932.00000
    480    1858092.00000
    481    1965822.00000
    482    2096666.00000
    483    2225382.00000
    484    2314105.00000
    485    2408721.00000
    486    2543271.00000
    487    2668354.00000
    488    2747296.00000
    489    2782235.00000
    490    2760180.00000
    491    2680910.00000
    492    2576250.00000
    493    2459876.00000
    494    2322008.00000
    495    2177204.00000
    496    2054239.00000
    497    1944298.00000
    498    1800830.00000
    499    1623601.00000
    500    1495617.00000
    501    1435627.00000
    502    1360064.00000
    503    1255467.00000
    504    1171640.00000
    505    1104808.00000
    506    1028239.00000
    507     960141.20000
    508     940864.80000
    509     936932.00000
    510     862091.60000
    511     738366.50000
    512     675632.80000
    513     683830.10000
    514     688310.50000
    515     676324.30000
    516     675369.60000
    517     672339.20000
    518     647358.80000
    519     626854.60000
    520     630215.00000
    521     624309.60000
    522     590832.30000
    523     552745.20000
    524     542779.80000
    525     573489.20000
    526     602773.40000
    527     576197.80000
    528     507938.50000
    529     476278.40000
    530     506302.60000
    531     531534.20000
    532     516759.60000
    533     487348.40000
    534     463304.30000
    535     443640.40000
    536     447889.60000
    537     502457.50000
    538     543838.40000
    539     522134.10000
    540     494658.20000
    541     484011.10000
    542     477538.20000
    543     476245.90000
    544     474676.20000
    545     487267.00000
    546     498519.20000
    547     487887.40000
    548     497494.20000
    549     529194.90000
    550     525957.60000
    551     489515.80000
    552     476017.40000
    553     508083.90000
    554     554619.10000
    555     569754.10000
    556     547995.60000
    557     537268.90000
    558     561286.50000
    559     583713.20000
    560     597229.80000
    561     633167.90000
    562     667920.80000
    563     664890.90000
    564     652397.90000
    565     665726.30000
    566     707653.60000
    567     778367.00000
    568     867720.20000
    569     930916.50000
    570     961497.60000
    571    1044913.00000
    572    1207514.00000
    573    1350600.00000
    574    1449070.00000
    575    1619294.00000
    576    1908426.00000
    577    2255371.00000
    578    2720733.00000
    579    3426420.00000
    580    4286908.00000
    581    5040141.00000
    582    5382411.00000
    583    5094176.00000
    584    4258818.00000
    585    3268948.00000
    586    2476418.00000
    587    1924047.00000
    588    1514412.00000
    589    1216078.00000
    590    1007402.00000
    591     864096.90000
    592     782561.80000
    593     724249.20000
    594     666680.60000
    595     631552.60000
    596     584076.60000
    597     505674.70000
    598     481570.40000
    599     505231.90000
    600     474135.30000
    601     426867.70000
    602     431758.10000
    603     424514.40000
    604     383142.90000
    605     356746.80000
    606     330951.30000
    607     299260.60000
    608     298033.70000
    609     335284.10000
    610     398354.20000
    611     448787.10000
    612     440229.90000
    613     377576.80000
    614     330630.80000
    615     354748.70000
    616     386038.80000
    617     365598.50000
    618     353389.00000
    619     375202.80000
    620     391305.00000
    621     401778.80000
    622     421151.60000
    623     437660.40000
    624     423226.30000
    625     358382.60000
    626     288047.40000
    627     275294.70000
    628     307938.90000
    629     362820.20000
    630     416317.40000
    631     413799.30000
    632     375761.40000
    633     367236.70000
    634     400455.10000
    635     432459.40000
    636     395796.90000
    637     333020.90000
    638     351963.70000
    639     406106.80000
    640     394128.90000
    641     357532.60000
    642     347139.00000
    643     329518.50000
    644     331966.30000
    645     364619.30000
