      1     200111.60000
      2     187664.60000
      3     169909.10000
      4     162612.30000
      5     169909.20000
      6     193737.40000
      7     224460.40000
      8     234141.90000
      9     202958.40000
     10     182296.40000
     11     227394.20000
     12     262829.80000
     13     220439.20000
     14     182223.10000
     15     191814.40000
     16     186099.80000
     17     171294.90000
     18     198144.80000
     19     228724.00000
     20     208496.50000
     21     176262.10000
     22     188717.60000
     23     216972.70000
     24     213748.90000
     25     199912.10000
     26     207275.90000
     27     213926.50000
     28     205341.80000
     29     211056.80000
     30     224246.20000
     31     218169.90000
     32     220933.00000
     33     247352.10000
     34     265767.90000
     35     251506.10000
     36     217827.20000
     37     233130.40000
     38     307023.50000
     39     332672.20000
     40     290786.80000
     41     256602.80000
     42     226586.90000
     43     214659.40000
     44     258870.20000
     45     282139.90000
     46     254163.10000
     47     251109.20000
     48     262935.40000
     49     237401.80000
     50     212230.50000
     51     246992.00000
     52     287728.90000
     53     248310.90000
     54     206560.00000
     55     241145.40000
     56     288276.10000
     57     320553.80000
     58     320376.80000
     59     273865.90000
     60     273412.50000
     61     331034.80000
     62     375252.90000
     63     411292.80000
     64     425212.50000
     65     406711.50000
     66     424159.40000
     67     482205.50000
     68     510060.40000
     69     512870.00000
     70     534677.10000
     71     536797.00000
     72     522565.60000
     73     574202.00000
     74     652763.80000
     75     691673.50000
     76     732091.10000
     77     782146.20000
     78     838872.20000
     79     949608.80000
     80    1108832.00000
     81    1256629.00000
     82    1385535.00000
     83    1559900.00000
     84    1778055.00000
     85    1963306.00000
     86    2153722.00000
     87    2466240.00000
     88    2973117.00000
     89    3753574.00000
     90    4896996.00000
     91    6551965.00000
     92    8901344.00000
     93    11540530.00000
     94    13149850.00000
     95    12642620.00000
     96    10399050.00000
     97    7762953.00000
     98    5700695.00000
     99    4345681.00000
    100    3493616.00000
    101    3023330.00000
    102    2831779.00000
    103    2778634.00000
    104    2804453.00000
    105    2954186.00000
    106    3305053.00000
    107    3939400.00000
    108    5048326.00000
    109    7085782.00000
    110    10479240.00000
    111    14447620.00000
    112    16536780.00000
    113    15000660.00000
    114    11118890.00000
    115    7445989.00000
    116    5036588.00000
    117    3620781.00000
    118    2810198.00000
    119    2324370.00000
    120    1993350.00000
    121    1782379.00000
    122    1639830.00000
    123    1468961.00000
    124    1257395.00000
    125    1090736.00000
    126    1003951.00000
    127     924982.50000
    128     824380.40000
    129     766686.90000
    130     753270.40000
    131     734894.10000
    132     731824.60000
    133     735287.90000
    134     683660.80000
    135     605471.50000
    136     574141.30000
    137     588365.10000
    138     614709.10000
    139     638058.80000
    140     623935.10000
    141     558383.10000
    142     510524.10000
    143     530919.90000
    144     581168.50000
    145     592012.20000
    146     531827.70000
    147     467745.80000
    148     465428.10000
    149     484138.20000
    150     490144.10000
    151     492469.10000
    152     493459.20000
    153     496302.20000
    154     494893.10000
    155     502161.00000
    156     527885.10000
    157     536041.60000
    158     510031.70000
    159     486369.40000
    160     502419.00000
    161     503423.50000
    162     440319.00000
    163     423964.40000
    164     480206.40000
    165     476198.80000
    166     418939.80000
    167     390222.00000
    168     395530.00000
    169     437281.40000
    170     486752.40000
    171     506621.40000
    172     528473.20000
    173     573344.40000
    174     595666.00000
    175     572214.20000
    176     545584.40000
    177     534652.10000
    178     525934.80000
    179     534534.10000
    180     553039.90000
    181     558974.90000
    182     586461.20000
    183     659870.10000
    184     735009.80000
    185     765344.50000
    186     746661.60000
    187     716176.60000
    188     736493.00000
    189     812809.60000
    190     878761.00000
    191     913767.10000
    192     937802.50000
    193     961706.00000
    194    1029958.00000
    195    1157229.00000
    196    1280896.00000
    197    1363828.00000
    198    1448809.00000
    199    1580583.00000
    200    1731806.00000
    201    1905805.00000
    202    2144027.00000
    203    2395005.00000
    204    2615145.00000
    205    2847055.00000
    206    3125376.00000
    207    3456086.00000
    208    3846488.00000
    209    4309320.00000
    210    4864479.00000
    211    5551682.00000
    212    6391854.00000
    213    7567694.00000
    214    9427094.00000
    215    13033310.00000
    216    20764010.00000
    217    31360770.00000
    218    37575920.00000
    219    37382420.00000
    220    36555440.00000
    221    35080920.00000
    222    28493860.00000
    223    19317740.00000
    224    12675210.00000
    225    9103661.00000
    226    7229381.00000
    227    6359135.00000
    228    6040875.00000
    229    6067248.00000
    230    6615680.00000
    231    8588371.00000
    232    14119850.00000
    233    22681030.00000
    234    27437820.00000
    235    23450200.00000
    236    15227660.00000
    237    9094568.00000
    238    5967670.00000
    239    4378644.00000
    240    3486422.00000
    241    2944606.00000
    242    2616116.00000
    243    2407180.00000
    244    2251557.00000
    245    2099507.00000
    246    1945920.00000
    247    1814124.00000
    248    1656885.00000
    249    1473362.00000
    250    1337051.00000
    251    1252025.00000
    252    1159726.00000
    253    1071068.00000
    254    1049000.00000
    255    1047424.00000
    256    1013342.00000
    257    1001390.00000
    258     996632.00000
    259     951313.40000
    260     919257.40000
    261     904435.80000
    262     862251.50000
    263     832864.20000
    264     838517.90000
    265     846674.50000
    266     848885.40000
    267     838173.80000
    268     814656.50000
    269     779130.10000
    270     728899.90000
    271     703246.80000
    272     707162.10000
    273     713903.80000
    274     744309.10000
    275     775731.00000
    276     756019.10000
    277     727221.90000
    278     734729.80000
    279     731885.70000
    280     701962.20000
    281     699256.30000
    282     707931.40000
    283     672241.40000
    284     621340.80000
    285     597035.90000
    286     587009.50000
    287     586137.20000
    288     608742.70000
    289     641800.20000
    290     663039.20000
    291     683216.40000
    292     713754.00000
    293     739347.10000
    294     715137.40000
    295     615526.30000
    296     518825.90000
    297     505920.90000
    298     554411.80000
    299     621155.70000
    300     652976.00000
    301     610032.90000
    302     553849.60000
    303     548934.50000
    304     574806.80000
    305     600000.90000
    306     602574.80000
    307     571554.80000
    308     547970.60000
    309     563467.50000
    310     573886.80000
    311     554379.40000
    312     551438.50000
    313     571582.60000
    314     561362.60000
    315     519090.30000
    316     503089.50000
    317     535995.80000
    318     578958.20000
    319     596821.00000
    320     588664.80000
    321     564698.80000
    322     542904.10000
    323     527327.40000
    324     498966.00000
    325     482609.90000
    326     514284.60000
    327     551263.80000
    328     556353.20000
    329     549069.90000
    330     535745.40000
    331     534202.70000
    332     555231.20000
    333     561717.40000
    334     557620.50000
    335     565497.10000
    336     554806.80000
    337     518675.60000
    338     496927.30000
    339     501438.40000
    340     508627.10000
    341     522031.60000
    342     551989.60000
    343     556987.70000
    344     532528.70000
    345     544373.70000
    346     597607.60000
    347     618085.30000
    348     564199.10000
    349     487768.60000
    350     459756.00000
    351     462799.10000
    352     458656.10000
    353     478628.40000
    354     524664.60000
    355     537971.90000
    356     526031.20000
    357     532952.20000
    358     537617.00000
    359     519692.60000
    360     490773.80000
    361     447667.70000
    362     423818.80000
    363     475606.70000
    364     554534.00000
    365     571268.50000
    366     556745.70000
    367     556580.80000
    368     521865.90000
    369     461897.10000
    370     444339.90000
    371     448797.90000
    372     458317.40000
    373     487838.80000
    374     490221.70000
    375     480642.20000
    376     515700.80000
    377     536422.90000
    378     510337.30000
    379     477978.90000
    380     459474.30000
    381     486651.70000
    382     517309.00000
    383     477609.10000
    384     434571.50000
    385     450871.40000
    386     480970.00000
    387     503140.40000
    388     529041.20000
    389     531550.70000
    390     499509.50000
    391     498863.70000
    392     545285.10000
    393     548226.00000
    394     488750.20000
    395     447189.10000
    396     464904.30000
    397     511491.90000
    398     521283.20000
    399     477490.70000
    400     459254.60000
    401     517228.60000
    402     572307.30000
    403     540628.40000
    404     490506.50000
    405     522622.00000
    406     568463.10000
    407     523431.50000
    408     449592.80000
    409     452396.70000
    410     504959.10000
    411     524427.10000
    412     519255.90000
    413     528300.00000
    414     529529.40000
    415     514905.90000
    416     480327.40000
    417     423076.10000
    418     427235.90000
    419     513001.40000
    420     565458.00000
    421     551663.90000
    422     533366.80000
    423     522304.00000
    424     501055.60000
    425     481722.20000
    426     478319.20000
    427     485647.60000
    428     503458.30000
    429     524099.10000
    430     523916.60000
    431     503845.70000
    432     483433.10000
    433     472374.10000
    434     469437.20000
    435     472198.30000
    436     485941.00000
    437     494155.30000
    438     472072.80000
    439     443011.20000
    440     443697.20000
    441     471429.30000
    442     480205.20000
    443     447858.80000
    444     447907.60000
    445     506308.60000
    446     529005.70000
    447     503782.00000
    448     491324.90000
    449     486798.40000
    450     492293.60000
    451     512805.90000
    452     513818.10000
    453     503766.20000
    454     496370.20000
    455     475140.40000
    456     466835.60000
    457     487447.20000
    458     499154.30000
    459     489855.90000
    460     481268.60000
    461     480632.10000
    462     482166.90000
    463     499123.60000
    464     532629.80000
    465     548608.40000
    466     541715.40000
    467     511324.30000
    468     450615.10000
    469     412175.80000
    470     423678.10000
    471     440770.00000
    472     440032.90000
    473     451035.90000
    474     503870.80000
    475     549016.90000
    476     523569.90000
    477     473358.00000
    478     465686.00000
    479     485765.40000
    480     488644.10000
    481     463891.20000
    482     427660.30000
    483     413338.20000
    484     441832.40000
    485     457458.80000
    486     431753.50000
    487     432048.40000
    488     459851.30000
    489     468005.20000
    490     463799.10000
    491     440879.70000
    492     408799.00000
    493     411047.80000
    494     431254.40000
    495     451903.40000
    496     494513.80000
    497     514276.80000
    498     455654.40000
    499     390470.30000
    500     403568.00000
    501     439000.10000
    502     433337.60000
    503     443679.30000
    504     502187.60000
    505     530973.20000
    506     486269.80000
    507     431214.70000
    508     429229.40000
    509     456243.20000
    510     453515.50000
    511     420218.80000
    512     405909.00000
    513     431837.10000
    514     457712.40000
    515     449205.60000
    516     433438.90000
    517     443688.80000
    518     477992.30000
    519     501156.20000
    520     469291.00000
    521     422079.60000
    522     442292.00000
    523     502518.90000
    524     521025.10000
    525     495096.20000
    526     474179.80000
    527     480456.10000
    528     496460.00000
    529     513041.80000
    530     526804.60000
    531     517579.80000
    532     507457.30000
    533     523612.80000
    534     514918.20000
    535     474628.60000
    536     479522.00000
    537     508177.30000
    538     486222.60000
    539     452123.60000
    540     443640.10000
    541     426160.80000
    542     417124.50000
    543     447080.70000
    544     467313.40000
    545     439936.60000
    546     405702.00000
    547     407559.60000
    548     425567.80000
    549     428937.30000
    550     436304.40000
    551     467877.40000
    552     497006.80000
    553     502240.70000
    554     497157.60000
    555     488118.30000
    556     479653.30000
    557     479723.70000
    558     470419.80000
    559     446931.50000
    560     430087.70000
    561     424491.30000
    562     420034.70000
    563     407902.40000
    564     409569.00000
    565     447384.30000
    566     489597.70000
    567     510091.20000
    568     501464.60000
    569     448281.40000
    570     396709.10000
    571     414156.40000
    572     463646.60000
    573     471371.60000
    574     454721.30000
    575     453675.20000
    576     452616.20000
    577     444466.80000
    578     439253.50000
    579     437360.00000
    580     442669.20000
    581     451511.00000
    582     461309.20000
    583     460383.90000
    584     445319.00000
    585     462594.80000
    586     507557.10000
    587     510255.80000
    588     483298.20000
    589     487049.80000
    590     493728.00000
    591     457185.20000
    592     422779.60000
    593     422090.80000
    594     422365.80000
    595     429663.70000
    596     451120.10000
    597     462801.40000
    598     466626.10000
    599     467209.00000
    600     469708.80000
    601     482486.20000
    602     493385.40000
    603     489750.70000
    604     475826.70000
    605     468738.20000
    606     456475.60000
    607     421524.80000
    608     415976.10000
    609     461881.90000
    610     480891.10000
    611     459403.90000
    612     469253.70000
    613     485755.30000
    614     454816.10000
    615     428623.40000
    616     439253.40000
    617     457593.30000
    618     459751.70000
    619     436285.90000
    620     440529.00000
    621     483625.40000
    622     480814.30000
    623     442306.10000
    624     426586.70000
    625     433743.20000
    626     484575.30000
    627     531455.60000
    628     496881.50000
    629     467982.30000
    630     496124.20000
    631     487713.20000
    632     458309.90000
    633     475842.50000
    634     492915.30000
    635     488732.80000
    636     513643.40000
    637     546975.20000
    638     525916.20000
    639     490205.30000
    640     497533.10000
    641     491915.10000
    642     451666.10000
    643     444650.80000
    644     472158.70000
    645     486665.60000
