      1     103731.80000
      2     110286.90000
      3      84593.38000
      4      68083.62000
      5      90919.12000
      6     113075.40000
      7     108502.40000
      8     100951.40000
      9     129390.40000
     10     173946.10000
     11     148391.60000
     12      73584.12000
     13      56528.25000
     14      76407.50000
     15      74482.75000
     16      74764.00000
     17      95172.88000
     18     131874.80000
     19     165312.40000
     20     159851.50000
     21     135413.90000
     22     141936.60000
     23     147649.50000
     24     109773.10000
     25      81802.00000
     26      94068.62000
     27     105975.10000
     28     119407.60000
     29     150559.90000
     30     162432.60000
     31     133660.60000
     32     102614.50000
     33      95333.50000
     34      97224.00000
     35     106580.00000
     36     134794.60000
     37     155390.20000
     38     136482.10000
     39     112874.10000
     40     117543.10000
     41     116442.90000
     42     100356.80000
     43     122954.10000
     44     204504.60000
     45     265434.40000
     46     240631.50000
     47     197634.50000
     48     210934.90000
     49     228416.20000
     50     189258.00000
     51     152620.90000
     52     156649.40000
     53     145819.80000
     54     139565.20000
     55     172465.00000
     56     179018.40000
     57     140869.50000
     58     129003.10000
     59     160614.10000
     60     175393.20000
     61     167378.50000
     62     186076.80000
     63     219933.80000
     64     232223.50000
     65     224013.00000
     66     217327.00000
     67     242894.20000
     68     300943.00000
     69     335589.00000
     70     344095.00000
     71     384855.50000
     72     428604.20000
     73     468208.00000
     74     564248.80000
     75     655935.20000
     76     684822.80000
     77     709339.80000
     78     753084.50000
     79     774707.80000
     80     773417.50000
     81     800168.00000
     82     883296.50000
     83    1035540.00000
     84    1278458.00000
     85    1655183.00000
     86    2123098.00000
     87    2476932.00000
     88    2624826.00000
     89    2738432.00000
     90    3057632.00000
     91    3590133.00000
     92    4393494.00000
     93    5766968.00000
     94    8293443.00000
     95    14570780.00000
     96    25849160.00000
     97    35151990.00000
     98    34772080.00000
     99    27187010.00000
    100    18619770.00000
    101    11594050.00000
    102    6972990.00000
    103    4597124.00000
    104    3359620.00000
    105    2651005.00000
    106    2236338.00000
    107    1971935.00000
    108    1791806.00000
    109    1637175.00000
    110    1479560.00000
    111    1269158.00000
    112    1054644.00000
    113     941343.40000
    114     918713.60000
    115     907084.40000
    116     867872.10000
    117     834249.40000
    118     830465.10000
    119     818569.40000
    120     753846.60000
    121     667406.80000
    122     623137.00000
    123     611798.10000
    124     612304.20000
    125     636245.90000
    126     651038.70000
    127     606941.50000
    128     528302.20000
    129     483058.00000
    130     471568.80000
    131     452057.80000
    132     455014.50000
    133     502313.10000
    134     517509.60000
    135     481694.10000
    136     471377.80000
    137     503292.40000
    138     539728.80000
    139     557925.50000
    140     552818.90000
    141     533693.70000
    142     513289.00000
    143     521228.90000
    144     540586.90000
    145     506366.40000
    146     474729.10000
    147     505189.90000
    148     484403.50000
    149     389481.20000
    150     351403.10000
    151     378540.00000
    152     403792.10000
    153     418334.10000
    154     408556.50000
    155     388149.80000
    156     406445.50000
    157     428311.90000
    158     388339.90000
    159     339792.40000
    160     357335.90000
    161     394015.20000
    162     384773.50000
    163     353384.90000
    164     337490.60000
    165     346646.20000
    166     384657.50000
    167     418041.00000
    168     434804.20000
    169     464151.80000
    170     439882.80000
    171     338376.20000
    172     296331.50000
    173     339618.50000
    174     371732.80000
    175     395403.20000
    176     440376.20000
    177     459468.50000
    178     435409.80000
    179     445263.50000
    180     505112.80000
    181     518266.80000
    182     493074.20000
    183     547254.80000
    184     666131.20000
    185     767872.20000
    186     888258.50000
    187    1085736.00000
    188    1340984.00000
    189    1633504.00000
    190    1992164.00000
    191    2389351.00000
    192    2792358.00000
    193    3338408.00000
    194    4196524.00000
    195    5561515.00000
    196    7972145.00000
    197    12604430.00000
    198    19691760.00000
    199    25341350.00000
    200    24405760.00000
    201    17862600.00000
    202    11360320.00000
    203    7763768.00000
    204    6192876.00000
    205    5457536.00000
    206    5149394.00000
    207    5244809.00000
    208    5791588.00000
    209    6709152.00000
    210    8329734.00000
    211    11242620.00000
    212    18035000.00000
    213    33198210.00000
    214    50420950.00000
    215    52278140.00000
    216    36657620.00000
    217    20159590.00000
    218    11903320.00000
    219    8689157.00000
    220    7322086.00000
    221    6758016.00000
    222    6665646.00000
    223    7318766.00000
    224    9220720.00000
    225    13924200.00000
    226    21332710.00000
    227    25833330.00000
    228    22506700.00000
    229    14968530.00000
    230    9402481.00000
    231    6835858.00000
    232    5750506.00000
    233    5383666.00000
    234    5553848.00000
    235    6343123.00000
    236    8279482.00000
    237    12969740.00000
    238    19975010.00000
    239    23582720.00000
    240    19743200.00000
    241    12546590.00000
    242    7492335.00000
    243    5107558.00000
    244    3887933.00000
    245    3113174.00000
    246    2560878.00000
    247    2164991.00000
    248    1886004.00000
    249    1733566.00000
    250    1682680.00000
    251    1638114.00000
    252    1543320.00000
    253    1404439.00000
    254    1292744.00000
    255    1211008.00000
    256    1127663.00000
    257    1104761.00000
    258    1151157.00000
    259    1169738.00000
    260    1134526.00000
    261    1111262.00000
    262    1092221.00000
    263    1019282.00000
    264     936909.90000
    265     929314.20000
    266     958629.60000
    267     943083.80000
    268     907059.60000
    269     870564.40000
    270     831967.80000
    271     839138.50000
    272     857554.90000
    273     825312.90000
    274     765945.60000
    275     714693.50000
    276     685139.50000
    277     659924.10000
    278     633352.20000
    279     626623.30000
    280     630780.60000
    281     651851.90000
    282     702534.90000
    283     716765.70000
    284     661300.80000
    285     631207.40000
    286     660295.70000
    287     688664.10000
    288     706474.90000
    289     696708.90000
    290     664245.10000
    291     679232.60000
    292     731327.20000
    293     768493.80000
    294     809441.40000
    295     862775.00000
    296     879064.90000
    297     847818.90000
    298     830736.50000
    299     871243.10000
    300     939724.80000
    301     974134.70000
    302     969108.90000
    303     985026.40000
    304    1056446.00000
    305    1145634.00000
    306    1213456.00000
    307    1307341.00000
    308    1470088.00000
    309    1647571.00000
    310    1792479.00000
    311    1924458.00000
    312    2072000.00000
    313    2247382.00000
    314    2488202.00000
    315    2805379.00000
    316    3133392.00000
    317    3486077.00000
    318    3932080.00000
    319    4421493.00000
    320    4881996.00000
    321    5287352.00000
    322    5583926.00000
    323    5712833.00000
    324    5630213.00000
    325    5318761.00000
    326    4869955.00000
    327    4417690.00000
    328    3950906.00000
    329    3423544.00000
    330    2953645.00000
    331    2642479.00000
    332    2400690.00000
    333    2138360.00000
    334    1895021.00000
    335    1716434.00000
    336    1575616.00000
    337    1435397.00000
    338    1310720.00000
    339    1207451.00000
    340    1091335.00000
    341     998477.20000
    342     987869.80000
    343    1024775.00000
    344    1034761.00000
    345     962948.70000
    346     851312.30000
    347     808634.70000
    348     827379.40000
    349     823525.20000
    350     787051.10000
    351     750848.10000
    352     733093.90000
    353     733096.70000
    354     703092.40000
    355     622867.40000
    356     594501.00000
    357     664395.80000
    358     716357.80000
    359     696342.80000
    360     686083.10000
    361     697153.80000
    362     641240.60000
    363     549148.20000
    364     547607.20000
    365     608585.80000
    366     619966.50000
    367     598231.10000
    368     587493.20000
    369     551546.20000
    370     511373.50000
    371     516727.70000
    372     516629.50000
    373     494593.70000
    374     496099.80000
    375     511880.40000
    376     532373.60000
    377     554924.40000
    378     556062.80000
    379     533440.10000
    380     502827.30000
    381     492943.40000
    382     514653.40000
    383     526387.00000
    384     500874.40000
    385     474774.40000
    386     484075.20000
    387     517677.70000
    388     551431.80000
    389     574013.40000
    390     580358.70000
    391     558460.00000
    392     516234.90000
    393     493260.40000
    394     497449.80000
    395     504559.00000
    396     511514.50000
    397     517868.60000
    398     513519.50000
    399     515709.30000
    400     532431.60000
    401     538572.10000
    402     545346.40000
    403     548654.70000
    404     513817.20000
    405     485154.10000
    406     500784.30000
    407     531334.10000
    408     557784.40000
    409     561323.30000
    410     539577.80000
    411     518355.90000
    412     497794.80000
    413     465457.20000
    414     449620.50000
    415     482469.10000
    416     514848.90000
    417     497824.80000
    418     479221.20000
    419     496813.40000
    420     525316.10000
    421     549891.30000
    422     566035.60000
    423     561473.40000
    424     542263.10000
    425     522957.80000
    426     512779.20000
    427     512828.50000
    428     524849.20000
    429     565821.80000
    430     615437.90000
    431     641605.80000
    432     676015.20000
    433     753271.50000
    434     853157.30000
    435     904596.50000
    436     860155.60000
    437     760577.90000
    438     664528.00000
    439     611616.20000
    440     613412.30000
    441     652003.30000
    442     700439.50000
    443     714167.10000
    444     708488.20000
    445     732583.80000
    446     755305.30000
    447     754871.70000
    448     763037.80000
    449     776554.10000
    450     779678.00000
    451     797077.10000
    452     829535.70000
    453     836161.90000
    454     835335.40000
    455     867840.10000
    456     909382.40000
    457     934708.10000
    458     954332.60000
    459     990618.10000
    460    1052202.00000
    461    1101259.00000
    462    1112220.00000
    463    1122516.00000
    464    1157425.00000
    465    1217962.00000
    466    1318019.00000
    467    1418697.00000
    468    1463956.00000
    469    1490969.00000
    470    1548373.00000
    471    1623576.00000
    472    1731719.00000
    473    1901400.00000
    474    2075436.00000
    475    2203719.00000
    476    2347744.00000
    477    2548161.00000
    478    2776169.00000
    479    3057683.00000
    480    3399129.00000
    481    3722475.00000
    482    4069519.00000
    483    4549536.00000
    484    5086598.00000
    485    5573679.00000
    486    6060958.00000
    487    6583883.00000
    488    7016094.00000
    489    7190221.00000
    490    7060534.00000
    491    6649857.00000
    492    5995775.00000
    493    5199423.00000
    494    4389132.00000
    495    3676017.00000
    496    3111053.00000
    497    2694283.00000
    498    2405276.00000
    499    2156017.00000
    500    1895545.00000
    501    1679240.00000
    502    1528597.00000
    503    1414393.00000
    504    1310970.00000
    505    1190978.00000
    506    1073918.00000
    507    1027169.00000
    508    1041729.00000
    509    1041142.00000
    510    1014857.00000
    511     982909.80000
    512     937373.10000
    513     899945.20000
    514     904193.00000
    515     905426.60000
    516     845275.60000
    517     775426.80000
    518     731363.70000
    519     681335.50000
    520     657456.30000
    521     672088.50000
    522     690027.20000
    523     707574.20000
    524     703855.40000
    525     679733.20000
    526     662693.60000
    527     631641.50000
    528     604779.50000
    529     641090.40000
    530     683066.60000
    531     638249.40000
    532     552235.20000
    533     521343.30000
    534     571489.60000
    535     643667.10000
    536     655124.10000
    537     623444.90000
    538     616618.90000
    539     614889.50000
    540     580483.40000
    541     561687.00000
    542     593249.20000
    543     629632.30000
    544     647922.00000
    545     650862.10000
    546     633865.20000
    547     629756.80000
    548     657449.50000
    549     666969.10000
    550     619122.10000
    551     571582.40000
    552     591277.40000
    553     640851.10000
    554     660946.10000
    555     654847.10000
    556     657980.10000
    557     697686.20000
    558     769125.30000
    559     824644.00000
    560     838280.70000
    561     867427.60000
    562     916285.20000
    563     907705.80000
    564     866203.90000
    565     864673.10000
    566     905916.00000
    567     983420.80000
    568    1088807.00000
    569    1197995.00000
    570    1324432.00000
    571    1485458.00000
    572    1657346.00000
    573    1833684.00000
    574    2007209.00000
    575    2196782.00000
    576    2514360.00000
    577    3034121.00000
    578    3784349.00000
    579    4857667.00000
    580    6316692.00000
    581    7871700.00000
    582    8680150.00000
    583    8058027.00000
    584    6370565.00000
    585    4594734.00000
    586    3305131.00000
    587    2480626.00000
    588    1928232.00000
    589    1539174.00000
    590    1272278.00000
    591    1111583.00000
    592    1030683.00000
    593     974944.80000
    594     891321.50000
    595     795067.60000
    596     737241.60000
    597     686792.00000
    598     623792.50000
    599     623731.20000
    600     672212.80000
    601     646586.20000
    602     563384.90000
    603     546906.00000
    604     576440.40000
    605     560998.90000
    606     523824.50000
    607     519677.20000
    608     531846.00000
    609     517992.40000
    610     493278.20000
    611     505958.30000
    612     540188.10000
    613     538647.20000
    614     500535.30000
    615     472717.90000
    616     476437.40000
    617     493670.90000
    618     492187.90000
    619     472158.60000
    620     463989.40000
    621     467057.10000
    622     469883.90000
    623     463848.60000
    624     449157.80000
    625     458010.40000
    626     473261.20000
    627     455719.50000
    628     446818.80000
    629     481279.70000
    630     527640.30000
    631     547217.90000
    632     501283.70000
    633     418287.70000
    634     417521.10000
    635     479293.00000
    636     479853.90000
    637     469712.70000
    638     497754.80000
    639     474594.10000
    640     423206.20000
    641     438636.10000
    642     477384.90000
    643     469546.50000
    644     455633.60000
    645     461428.30000
