      1     190519.20000
      2     174837.60000
      3     165673.40000
      4     175282.90000
      5     194359.80000
      6     214173.80000
      7     217298.40000
      8     199348.20000
      9     178025.80000
     10     179119.20000
     11     208420.10000
     12     234249.40000
     13     218549.40000
     14     176188.80000
     15     162430.90000
     16     182043.50000
     17     187990.00000
     18     170428.80000
     19     161836.00000
     20     165104.10000
     21     162289.30000
     22     155258.30000
     23     142930.60000
     24     144175.90000
     25     187762.90000
     26     226450.10000
     27     210995.60000
     28     186482.70000
     29     208134.80000
     30     260596.80000
     31     278897.20000
     32     235172.30000
     33     186211.20000
     34     175607.40000
     35     186308.60000
     36     212239.40000
     37     241673.40000
     38     238787.50000
     39     214023.20000
     40     206906.10000
     41     214775.10000
     42     205352.80000
     43     181558.30000
     44     185921.60000
     45     224154.50000
     46     250245.40000
     47     240688.20000
     48     226041.20000
     49     242354.60000
     50     274784.10000
     51     282189.00000
     52     265760.90000
     53     256252.50000
     54     248782.20000
     55     241333.10000
     56     272657.10000
     57     314281.80000
     58     285973.10000
     59     227025.80000
     60     238232.50000
     61     299917.80000
     62     334256.80000
     63     349660.10000
     64     375389.50000
     65     385989.90000
     66     379737.90000
     67     390772.10000
     68     412436.00000
     69     422965.90000
     70     447961.90000
     71     498202.00000
     72     537063.00000
     73     574936.60000
     74     623140.40000
     75     631108.10000
     76     613275.20000
     77     647655.40000
     78     743653.40000
     79     825222.20000
     80     824068.90000
     81     812532.80000
     82     900342.40000
     83    1013515.00000
     84    1033476.00000
     85    1008944.00000
     86    1081647.00000
     87    1316552.00000
     88    1603638.00000
     89    1880310.00000
     90    2356045.00000
     91    3201769.00000
     92    4312210.00000
     93    5425514.00000
     94    6151994.00000
     95    6182432.00000
     96    5640105.00000
     97    4956468.00000
     98    4409586.00000
     99    4017824.00000
    100    3813709.00000
    101    3864352.00000
    102    4133442.00000
    103    4591998.00000
    104    5208862.00000
    105    5760172.00000
    106    5871250.00000
    107    5309897.00000
    108    4254760.00000
    109    3148535.00000
    110    2270894.00000
    111    1665299.00000
    112    1292209.00000
    113    1051193.00000
    114     876383.40000
    115     777852.30000
    116     720204.10000
    117     651836.40000
    118     589736.50000
    119     564771.80000
    120     547645.80000
    121     507678.10000
    122     482735.80000
    123     476869.70000
    124     460958.70000
    125     448219.40000
    126     420824.60000
    127     384529.20000
    128     386158.20000
    129     394262.20000
    130     389897.50000
    131     401058.80000
    132     407473.20000
    133     408328.60000
    134     421222.80000
    135     408323.10000
    136     359564.60000
    137     324152.90000
    138     333526.00000
    139     374422.20000
    140     399031.50000
    141     383392.50000
    142     350610.20000
    143     331124.90000
    144     354231.60000
    145     379933.90000
    146     348627.90000
    147     331906.40000
    148     379815.20000
    149     410048.00000
    150     388920.00000
    151     359838.40000
    152     350265.00000
    153     352273.90000
    154     353602.40000
    155     366813.80000
    156     363411.50000
    157     325704.90000
    158     333892.00000
    159     388300.90000
    160     400584.50000
    161     384086.10000
    162     393279.80000
    163     436896.00000
    164     489107.80000
    165     501341.00000
    166     479016.80000
    167     464753.00000
    168     467706.80000
    169     489645.00000
    170     536638.00000
    171     605338.00000
    172     683164.80000
    173     737123.00000
    174     763835.00000
    175     832422.50000
    176     970755.50000
    177    1110102.00000
    178    1248552.00000
    179    1487886.00000
    180    1846776.00000
    181    2245566.00000
    182    2702444.00000
    183    3320456.00000
    184    4144793.00000
    185    5147999.00000
    186    6160490.00000
    187    6859305.00000
    188    6981437.00000
    189    6563920.00000
    190    5976246.00000
    191    5567680.00000
    192    5439294.00000
    193    5627534.00000
    194    6225642.00000
    195    7400603.00000
    196    9587035.00000
    197    13753400.00000
    198    20094940.00000
    199    25539180.00000
    200    25840090.00000
    201    21360020.00000
    202    16572060.00000
    203    14297240.00000
    204    14301180.00000
    205    15428440.00000
    206    16521220.00000
    207    16706790.00000
    208    15838190.00000
    209    14581000.00000
    210    13785650.00000
    211    14084290.00000
    212    15967970.00000
    213    20725650.00000
    214    31333060.00000
    215    45620450.00000
    216    51493910.00000
    217    42535960.00000
    218    28539350.00000
    219    19461450.00000
    220    14952570.00000
    221    12240210.00000
    222    10494630.00000
    223    9558876.00000
    224    9569150.00000
    225    10395800.00000
    226    11576320.00000
    227    12589050.00000
    228    13001320.00000
    229    12804180.00000
    230    12306930.00000
    231    11736350.00000
    232    11000490.00000
    233    9827789.00000
    234    8237568.00000
    235    6613304.00000
    236    5229695.00000
    237    4143431.00000
    238    3429135.00000
    239    3054655.00000
    240    2802266.00000
    241    2535938.00000
    242    2274662.00000
    243    2035793.00000
    244    1827910.00000
    245    1701870.00000
    246    1636518.00000
    247    1549438.00000
    248    1430029.00000
    249    1324109.00000
    250    1283454.00000
    251    1281457.00000
    252    1237735.00000
    253    1179307.00000
    254    1130200.00000
    255    1036488.00000
    256     960129.90000
    257     990238.10000
    258    1039562.00000
    259    1021590.00000
    260     983392.30000
    261     943171.00000
    262     871225.20000
    263     819553.90000
    264     844464.20000
    265     885866.00000
    266     883611.10000
    267     859434.60000
    268     827795.60000
    269     800318.80000
    270     802777.80000
    271     817470.30000
    272     809368.70000
    273     787270.80000
    274     802413.10000
    275     849535.60000
    276     846225.20000
    277     786083.10000
    278     746401.20000
    279     755519.20000
    280     792190.10000
    281     834589.50000
    282     864279.30000
    283     879866.00000
    284     885157.80000
    285     867524.90000
    286     848785.60000
    287     865011.70000
    288     888272.70000
    289     880541.90000
    290     841528.20000
    291     807059.60000
    292     826616.10000
    293     877798.20000
    294     919394.50000
    295     959139.60000
    296     986649.60000
    297    1008564.00000
    298    1055899.00000
    299    1104664.00000
    300    1148138.00000
    301    1226161.00000
    302    1322208.00000
    303    1408309.00000
    304    1533699.00000
    305    1713766.00000
    306    1885789.00000
    307    2077750.00000
    308    2369922.00000
    309    2700872.00000
    310    2982983.00000
    311    3234802.00000
    312    3422886.00000
    313    3427855.00000
    314    3238393.00000
    315    2971071.00000
    316    2697289.00000
    317    2426985.00000
    318    2189450.00000
    319    1981425.00000
    320    1777716.00000
    321    1588013.00000
    322    1418234.00000
    323    1299942.00000
    324    1247196.00000
    325    1169296.00000
    326    1036202.00000
    327     943747.50000
    328     922865.80000
    329     909059.40000
    330     877243.10000
    331     864280.90000
    332     869765.80000
    333     853892.90000
    334     822243.80000
    335     796931.80000
    336     783900.50000
    337     771133.60000
    338     716849.60000
    339     646420.60000
    340     640283.80000
    341     686610.00000
    342     724279.90000
    343     725516.80000
    344     683793.40000
    345     635335.90000
    346     624585.20000
    347     644543.40000
    348     674942.10000
    349     701185.10000
    350     682168.90000
    351     614197.90000
    352     586958.60000
    353     631488.20000
    354     643947.10000
    355     598577.20000
    356     589154.10000
    357     612865.60000
    358     616675.50000
    359     641706.10000
    360     679548.60000
    361     648465.40000
    362     595224.10000
    363     622541.20000
    364     673966.00000
    365     633946.20000
    366     544240.20000
    367     523097.40000
    368     561964.40000
    369     593458.60000
    370     626536.20000
    371     658632.00000
    372     656697.10000
    373     658313.20000
    374     676285.90000
    375     655911.50000
    376     634374.00000
    377     668058.00000
    378     686797.70000
    379     647806.20000
    380     616095.00000
    381     618360.80000
    382     618374.10000
    383     601520.80000
    384     582165.90000
    385     581831.00000
    386     600407.90000
    387     597865.10000
    388     574513.90000
    389     578468.90000
    390     582414.10000
    391     557076.90000
    392     562225.90000
    393     583063.80000
    394     567925.40000
    395     576350.10000
    396     604491.40000
    397     584323.90000
    398     569300.40000
    399     598576.80000
    400     632229.90000
    401     660189.20000
    402     664901.40000
    403     640132.60000
    404     616723.70000
    405     601962.90000
    406     603172.30000
    407     623727.40000
    408     644450.20000
    409     664956.00000
    410     695279.90000
    411     747831.10000
    412     820079.70000
    413     855914.10000
    414     815104.40000
    415     724813.80000
    416     627373.80000
    417     578383.50000
    418     607705.40000
    419     649459.00000
    420     655354.30000
    421     663282.80000
    422     678492.20000
    423     665488.50000
    424     637866.20000
    425     641133.90000
    426     658781.80000
    427     632320.30000
    428     606320.70000
    429     655283.90000
    430     718160.00000
    431     728736.50000
    432     707547.90000
    433     663322.90000
    434     613545.10000
    435     611706.80000
    436     665277.60000
    437     714469.00000
    438     723537.00000
    439     719898.60000
    440     712281.70000
    441     700014.60000
    442     718787.40000
    443     760040.10000
    444     770360.90000
    445     752378.20000
    446     748389.40000
    447     750592.40000
    448     746586.60000
    449     777614.10000
    450     825575.50000
    451     830995.40000
    452     821305.00000
    453     830893.90000
    454     847766.90000
    455     872008.80000
    456     901541.90000
    457     930309.80000
    458     977210.60000
    459    1047892.00000
    460    1089471.00000
    461    1060138.00000
    462     999210.40000
    463     985825.40000
    464    1064203.00000
    465    1170038.00000
    466    1210382.00000
    467    1219367.00000
    468    1279624.00000
    469    1395718.00000
    470    1509216.00000
    471    1573173.00000
    472    1622249.00000
    473    1691429.00000
    474    1745102.00000
    475    1793595.00000
    476    1888539.00000
    477    2014838.00000
    478    2140362.00000
    479    2246596.00000
    480    2322166.00000
    481    2411248.00000
    482    2515524.00000
    483    2557632.00000
    484    2560314.00000
    485    2597327.00000
    486    2625282.00000
    487    2595752.00000
    488    2553593.00000
    489    2524010.00000
    490    2464044.00000
    491    2360143.00000
    492    2262273.00000
    493    2190561.00000
    494    2122585.00000
    495    2056227.00000
    496    1981299.00000
    497    1898313.00000
    498    1855519.00000
    499    1843067.00000
    500    1806260.00000
    501    1779220.00000
    502    1821865.00000
    503    1916156.00000
    504    2035441.00000
    505    2206516.00000
    506    2452988.00000
    507    2777070.00000
    508    3194162.00000
    509    3707279.00000
    510    4253302.00000
    511    4631507.00000
    512    4595272.00000
    513    4140914.00000
    514    3485368.00000
    515    2817592.00000
    516    2278882.00000
    517    1932173.00000
    518    1702384.00000
    519    1526073.00000
    520    1397267.00000
    521    1269925.00000
    522    1149204.00000
    523    1101462.00000
    524    1065007.00000
    525     967659.50000
    526     894485.20000
    527     885162.60000
    528     885739.60000
    529     893663.00000
    530     904696.20000
    531     892020.90000
    532     853861.60000
    533     801035.40000
    534     765905.60000
    535     764464.00000
    536     769379.60000
    537     750576.10000
    538     701011.90000
    539     669633.90000
    540     693105.40000
    541     716600.20000
    542     711147.20000
    543     702429.80000
    544     682689.70000
    545     677165.40000
    546     719619.80000
    547     739170.50000
    548     692003.40000
    549     652316.20000
    550     668052.00000
    551     701956.00000
    552     697703.60000
    553     649175.60000
    554     617772.60000
    555     637022.60000
    556     658291.50000
    557     636174.20000
    558     599004.50000
    559     606046.30000
    560     649617.80000
    561     656444.80000
    562     617450.10000
    563     609450.60000
    564     650780.60000
    565     680202.80000
    566     671677.20000
    567     643232.90000
    568     611827.60000
    569     596703.40000
    570     614908.10000
    571     652432.60000
    572     673225.50000
    573     674794.40000
    574     671432.70000
    575     662596.50000
    576     660269.80000
    577     654345.20000
    578     628752.50000
    579     625717.10000
    580     651873.40000
    581     659165.60000
    582     668500.20000
    583     695655.90000
    584     679626.40000
    585     634151.30000
    586     613130.90000
    587     594995.50000
    588     609405.40000
    589     681514.80000
    590     698572.10000
    591     632595.20000
    592     601064.10000
    593     626546.10000
    594     662423.80000
    595     707929.80000
    596     725934.10000
    597     689013.10000
    598     662680.60000
    599     677448.20000
    600     691580.00000
    601     681552.20000
    602     660109.10000
    603     654260.40000
    604     658240.30000
    605     645834.40000
    606     623332.80000
    607     613141.20000
    608     626250.70000
    609     637509.60000
    610     614688.10000
    611     584411.10000
    612     604209.50000
    613     688156.60000
    614     763059.20000
    615     751609.20000
    616     708070.30000
    617     704383.60000
    618     693111.10000
    619     664040.10000
    620     684783.20000
    621     727915.50000
    622     730515.60000
    623     719566.10000
    624     721259.20000
    625     711945.30000
    626     695701.40000
    627     704895.40000
    628     725825.70000
    629     714174.60000
    630     669316.20000
    631     645478.10000
    632     683379.20000
    633     723199.10000
    634     704104.90000
    635     686802.90000
    636     696133.30000
    637     670766.80000
    638     632023.70000
    639     645831.40000
    640     690977.90000
    641     708948.40000
    642     707907.00000
    643     731348.80000
    644     768623.30000
    645     784844.00000
    646     775102.70000
