      1     165975.60000
      2     180732.20000
      3     209798.40000
      4     232753.20000
      5     221372.80000
      6     189779.80000
      7     170507.00000
      8     163675.20000
      9     160339.90000
     10     166821.60000
     11     163711.70000
     12     146751.70000
     13     169005.90000
     14     229290.00000
     15     260464.40000
     16     240290.60000
     17     210358.60000
     18     223349.80000
     19     243459.00000
     20     197454.30000
     21     131302.90000
     22     100769.10000
     23      79503.75000
     24      89385.94000
     25     165364.30000
     26     240670.90000
     27     244070.60000
     28     212239.10000
     29     200904.80000
     30     199747.20000
     31     197477.10000
     32     204204.90000
     33     223485.20000
     34     250747.60000
     35     257421.60000
     36     240162.40000
     37     243556.30000
     38     255944.50000
     39     218699.10000
     40     163969.50000
     41     168482.20000
     42     204919.40000
     43     214253.20000
     44     219614.40000
     45     236951.90000
     46     240955.40000
     47     246580.10000
     48     263203.50000
     49     257061.30000
     50     237922.20000
     51     236204.70000
     52     236270.60000
     53     241525.60000
     54     278740.90000
     55     313756.80000
     56     301968.40000
     57     279635.70000
     58     292904.90000
     59     313947.50000
     60     315927.80000
     61     331268.00000
     62     364745.50000
     63     371837.10000
     64     369170.00000
     65     390323.00000
     66     389044.50000
     67     369152.60000
     68     396714.00000
     69     445896.90000
     70     473845.40000
     71     503668.40000
     72     540000.50000
     73     561304.80000
     74     578213.10000
     75     614967.00000
     76     669839.80000
     77     743023.50000
     78     825624.20000
     79     889887.60000
     80     979114.60000
     81    1146709.00000
     82    1336987.00000
     83    1495147.00000
     84    1668974.00000
     85    1940176.00000
     86    2353046.00000
     87    2931445.00000
     88    3731334.00000
     89    4809668.00000
     90    6145388.00000
     91    7560392.00000
     92    8607238.00000
     93    8743336.00000
     94    7863563.00000
     95    6408895.00000
     96    4917981.00000
     97    3731019.00000
     98    2906998.00000
     99    2299385.00000
    100    1826716.00000
    101    1494814.00000
    102    1268722.00000
    103    1132742.00000
    104    1053951.00000
    105     947293.90000
    106     817697.90000
    107     722338.20000
    108     666723.10000
    109     636078.40000
    110     594908.80000
    111     539815.90000
    112     517051.00000
    113     523989.90000
    114     523836.50000
    115     491801.50000
    116     440563.40000
    117     414956.90000
    118     395067.60000
    119     344008.90000
    120     312017.40000
    121     349699.70000
    122     413020.90000
    123     429888.70000
    124     419147.50000
    125     422496.80000
    126     401674.60000
    127     363290.50000
    128     368167.40000
    129     392385.70000
    130     404945.10000
    131     410247.00000
    132     385163.70000
    133     348040.80000
    134     334156.20000
    135     344838.00000
    136     391969.80000
    137     420297.60000
    138     363378.10000
    139     296182.20000
    140     293207.70000
    141     321168.00000
    142     342387.40000
    143     344337.40000
    144     333433.90000
    145     340123.60000
    146     360257.40000
    147     366766.80000
    148     367895.40000
    149     375381.60000
    150     391277.20000
    151     404121.10000
    152     404638.20000
    153     431458.40000
    154     465777.50000
    155     438037.80000
    156     391723.90000
    157     399026.50000
    158     427681.50000
    159     439531.50000
    160     482132.10000
    161     553582.60000
    162     550024.90000
    163     494339.20000
    164     515813.90000
    165     601414.90000
    166     656473.10000
    167     664211.90000
    168     657723.20000
    169     678655.50000
    170     737224.50000
    171     787901.80000
    172     824512.80000
    173     894621.80000
    174    1021515.00000
    175    1160065.00000
    176    1239561.00000
    177    1314094.00000
    178    1475224.00000
    179    1801562.00000
    180    2322334.00000
    181    2915234.00000
    182    3656788.00000
    183    4846040.00000
    184    8012635.00000
    185    15362790.00000
    186    23202230.00000
    187    23226130.00000
    188    15515740.00000
    189    8146938.00000
    190    4688845.00000
    191    3358883.00000
    192    2754778.00000
    193    2440080.00000
    194    2239583.00000
    195    2170022.00000
    196    2195554.00000
    197    2207171.00000
    198    2149024.00000
    199    2167410.00000
    200    2357112.00000
    201    2628948.00000
    202    2900400.00000
    203    3113520.00000
    204    3322598.00000
    205    3707624.00000
    206    4359335.00000
    207    5179562.00000
    208    6137587.00000
    209    7465652.00000
    210    9718883.00000
    211    14008940.00000
    212    20107360.00000
    213    24092220.00000
    214    22343920.00000
    215    17129810.00000
    216    13263330.00000
    217    12599390.00000
    218    16251960.00000
    219    24099560.00000
    220    29288980.00000
    221    25660790.00000
    222    17874810.00000
    223    14115340.00000
    224    17582410.00000
    225    24957750.00000
    226    27139620.00000
    227    20320970.00000
    228    11520300.00000
    229    6517778.00000
    230    4412966.00000
    231    3395888.00000
    232    2787608.00000
    233    2353462.00000
    234    2090723.00000
    235    1892867.00000
    236    1685939.00000
    237    1513505.00000
    238    1409974.00000
    239    1330627.00000
    240    1254327.00000
    241    1192484.00000
    242    1092643.00000
    243     986349.80000
    244     952115.20000
    245     934897.80000
    246     874956.10000
    247     820962.20000
    248     806597.10000
    249     790451.40000
    250     744396.90000
    251     685668.20000
    252     651552.60000
    253     658438.90000
    254     676828.60000
    255     657151.40000
    256     587349.50000
    257     534992.80000
    258     540059.50000
    259     541256.20000
    260     495336.60000
    261     434871.60000
    262     416309.90000
    263     449469.80000
    264     475930.20000
    265     463671.60000
    266     456563.60000
    267     457938.00000
    268     422711.10000
    269     399814.40000
    270     429109.90000
    271     452206.10000
    272     457850.40000
    273     441394.10000
    274     391207.90000
    275     389307.20000
    276     447979.50000
    277     458518.70000
    278     418255.80000
    279     416998.50000
    280     445999.00000
    281     445827.10000
    282     417620.30000
    283     391946.70000
    284     392048.50000
    285     407147.80000
    286     419137.60000
    287     442260.90000
    288     452654.80000
    289     407794.60000
    290     348880.80000
    291     337514.00000
    292     346555.40000
    293     334370.90000
    294     340360.20000
    295     375863.60000
    296     370743.20000
    297     330765.80000
    298     327864.30000
    299     339931.10000
    300     322242.20000
    301     306964.80000
    302     302456.50000
    303     294451.50000
    304     302092.70000
    305     308697.40000
    306     306345.60000
    307     332413.90000
    308     355991.10000
    309     341355.30000
    310     327026.90000
    311     307941.90000
    312     273049.00000
    313     280458.50000
    314     327142.10000
    315     349505.70000
    316     336812.20000
    317     302317.00000
    318     254546.80000
    319     238313.90000
    320     296206.60000
    321     369631.10000
    322     374417.20000
    323     344947.40000
    324     340920.00000
    325     343301.20000
    326     322713.50000
    327     288586.70000
    328     279370.50000
    329     314289.40000
    330     347858.70000
    331     330800.20000
    332     293070.80000
    333     277781.00000
    334     255726.10000
    335     221903.50000
    336     237145.80000
    337     303038.10000
    338     351521.40000
    339     336156.30000
    340     280721.80000
    341     266691.80000
    342     309666.10000
    343     329560.80000
    344     306988.60000
    345     289193.20000
    346     288211.80000
    347     303010.90000
    348     332054.70000
    349     357164.80000
    350     352846.70000
    351     313730.80000
    352     277225.00000
    353     255766.20000
    354     243806.80000
    355     270361.70000
    356     302404.40000
    357     277440.60000
    358     249091.90000
    359     283752.00000
    360     322879.80000
    361     310059.50000
    362     294591.20000
    363     303343.20000
    364     304351.30000
    365     303351.30000
    366     307250.60000
    367     296834.60000
    368     296287.80000
    369     332009.40000
    370     356202.90000
    371     315603.60000
    372     249908.20000
    373     247357.20000
    374     296329.10000
    375     292122.90000
    376     235865.80000
    377     228395.20000
    378     278410.80000
    379     308820.80000
    380     285675.90000
    381     260790.40000
    382     288121.80000
    383     338884.60000
    384     361436.40000
    385     340593.40000
    386     294765.40000
    387     274013.40000
    388     301049.20000
    389     323946.70000
    390     298241.40000
    391     265604.10000
    392     274565.90000
    393     311884.40000
    394     339642.80000
    395     327063.90000
    396     295618.50000
    397     302289.80000
    398     343799.40000
    399     357744.10000
    400     316082.70000
    401     274584.10000
    402     286294.80000
    403     314834.90000
    404     308501.60000
    405     283210.80000
    406     283225.00000
    407     314679.70000
    408     355898.90000
    409     385969.20000
    410     371344.40000
    411     302582.30000
    412     248052.60000
    413     265134.50000
    414     295664.90000
    415     288664.20000
    416     286163.70000
    417     285779.20000
    418     261703.20000
    419     258500.40000
    420     294896.90000
    421     332526.10000
    422     331522.90000
    423     295452.10000
    424     277031.20000
    425     276986.10000
    426     272527.00000
    427     295427.50000
    428     323602.50000
    429     319240.40000
    430     333855.50000
    431     376088.20000
    432     381337.10000
    433     322408.80000
    434     233768.70000
    435     194978.30000
    436     222742.50000
    437     243345.20000
    438     245642.40000
    439     273725.00000
    440     313259.90000
    441     338417.90000
    442     353660.90000
    443     332814.90000
    444     268660.60000
    445     235245.90000
    446     260483.10000
    447     287887.90000
    448     299417.40000
    449     320586.40000
    450     338934.50000
    451     314171.20000
    452     271964.80000
    453     271266.00000
    454     292084.40000
    455     293528.90000
    456     278637.80000
    457     259056.40000
    458     248411.20000
    459     251071.00000
    460     259757.00000
    461     270081.10000
    462     274884.90000
    463     278421.60000
    464     284390.20000
    465     282459.90000
    466     292048.60000
    467     322274.40000
    468     332609.40000
    469     324340.10000
    470     316907.30000
    471     289320.10000
    472     260462.20000
    473     267715.60000
    474     294513.90000
    475     300138.80000
    476     280203.30000
    477     288862.40000
    478     335725.50000
    479     349164.20000
    480     311550.70000
    481     278273.50000
    482     283966.60000
    483     323144.90000
    484     352422.60000
    485     320180.30000
    486     266688.00000
    487     278253.10000
    488     321849.80000
    489     315000.80000
    490     276264.80000
    491     264065.80000
    492     284056.20000
    493     306642.90000
    494     317740.80000
    495     317213.70000
    496     299781.40000
    497     279975.00000
    498     280639.70000
    499     294699.00000
    500     302376.20000
    501     305063.80000
    502     320306.00000
    503     337463.90000
    504     326163.90000
    505     293019.20000
    506     257101.70000
    507     230503.80000
    508     232913.10000
    509     248412.80000
    510     258263.80000
    511     279495.20000
    512     303089.30000
    513     311203.10000
    514     307447.90000
    515     303920.50000
    516     316056.90000
    517     325221.50000
    518     309001.40000
    519     268020.60000
    520     224169.60000
    521     246739.00000
    522     323035.10000
    523     331194.20000
    524     271930.70000
    525     253477.20000
    526     281308.30000
    527     298513.20000
    528     306130.40000
    529     323181.60000
    530     339170.50000
    531     332007.10000
    532     297712.30000
    533     268561.50000
    534     270361.50000
    535     292817.10000
    536     319629.80000
    537     326803.40000
    538     297485.90000
    539     276066.50000
    540     301689.20000
    541     315568.90000
    542     284370.40000
    543     277520.00000
    544     315089.40000
    545     344706.50000
    546     342362.70000
    547     321922.70000
    548     310331.00000
    549     299638.30000
    550     275399.80000
    551     281663.30000
    552     326258.70000
    553     347986.80000
    554     341078.80000
    555     337524.10000
    556     326399.80000
    557     308035.70000
    558     301607.80000
    559     303137.00000
    560     314899.90000
    561     325457.80000
    562     302221.40000
    563     271888.20000
    564     286302.60000
    565     321643.30000
    566     328573.90000
    567     315297.60000
    568     312904.60000
    569     317556.20000
    570     305448.00000
    571     289777.20000
    572     282760.50000
    573     257850.10000
    574     249442.40000
    575     297983.50000
    576     332387.80000
    577     307012.10000
    578     276046.90000
    579     285523.20000
    580     315223.80000
    581     316783.80000
    582     291096.80000
    583     280022.40000
    584     299327.60000
    585     313281.70000
    586     291936.20000
    587     277319.70000
    588     296588.50000
    589     319859.30000
    590     340003.50000
    591     350011.30000
    592     338577.80000
    593     324026.30000
    594     307210.00000
    595     287902.30000
    596     284957.20000
    597     292588.10000
    598     312587.30000
    599     343607.50000
    600     338269.50000
    601     294841.40000
    602     273697.70000
    603     298199.10000
    604     339367.10000
    605     365663.80000
    606     374460.50000
    607     359818.00000
    608     326395.10000
    609     316395.40000
    610     317457.80000
    611     296225.10000
    612     299028.90000
    613     355440.00000
    614     411441.20000
    615     402892.40000
    616     330538.80000
    617     273827.10000
    618     286103.20000
    619     319303.20000
    620     329018.90000
    621     340892.00000
    622     375176.20000
    623     401082.00000
    624     371276.50000
    625     322332.70000
    626     344793.00000
    627     387808.10000
    628     345570.20000
    629     286776.70000
    630     316773.80000
    631     375465.80000
    632     375744.70000
    633     355858.90000
    634     360183.00000
    635     369662.80000
    636     360983.80000
    637     302898.10000
    638     234040.80000
    639     259909.10000
    640     350809.40000
    641     386348.70000
    642     360394.10000
    643     341540.90000
    644     347635.50000
    645     344433.80000
