      1     211245.50000
      2     230485.20000
      3     244572.70000
      4     241912.20000
      5     203683.00000
      6     162458.40000
      7     164171.10000
      8     197136.30000
      9     212389.40000
     10     214862.10000
     11     242629.30000
     12     263313.40000
     13     239286.50000
     14     200494.80000
     15     189214.30000
     16     215646.40000
     17     225407.80000
     18     187115.20000
     19     170241.30000
     20     195048.60000
     21     202922.60000
     22     186116.60000
     23     176537.80000
     24     189144.80000
     25     209618.30000
     26     223449.20000
     27     235487.50000
     28     233307.70000
     29     209311.50000
     30     184739.30000
     31     172002.10000
     32     172362.40000
     33     193215.10000
     34     231173.80000
     35     250117.10000
     36     235776.00000
     37     226261.30000
     38     234821.70000
     39     236871.20000
     40     211769.00000
     41     181532.80000
     42     218157.90000
     43     304173.90000
     44     310836.40000
     45     208218.00000
     46     115162.80000
     47     128433.10000
     48     206679.90000
     49     254133.80000
     50     261942.40000
     51     268447.90000
     52     277004.50000
     53     274692.00000
     54     257433.60000
     55     262967.70000
     56     308613.10000
     57     320532.90000
     58     286084.40000
     59     283525.70000
     60     318568.80000
     61     351136.10000
     62     358516.30000
     63     336817.30000
     64     342912.80000
     65     406912.80000
     66     459697.40000
     67     453427.40000
     68     424641.10000
     69     421884.70000
     70     446750.40000
     71     480249.30000
     72     525308.90000
     73     554495.50000
     74     549703.80000
     75     585618.20000
     76     672225.40000
     77     740493.60000
     78     830475.90000
     79    1013771.00000
     80    1289280.00000
     81    1591668.00000
     82    1804382.00000
     83    1932601.00000
     84    2196454.00000
     85    2873136.00000
     86    4334936.00000
     87    6994303.00000
     88    10090440.00000
     89    11265490.00000
     90    9386785.00000
     91    6231625.00000
     92    3808763.00000
     93    2437388.00000
     94    1710050.00000
     95    1259528.00000
     96     916081.00000
     97     716783.20000
     98     633718.50000
     99     580791.60000
    100     542411.80000
    101     512405.00000
    102     468829.80000
    103     412218.60000
    104     372630.50000
    105     357154.20000
    106     330343.90000
    107     293868.20000
    108     298894.70000
    109     342957.60000
    110     363145.20000
    111     340072.60000
    112     303061.80000
    113     261498.90000
    114     226900.00000
    115     240406.90000
    116     291401.30000
    117     313581.60000
    118     307219.60000
    119     309170.10000
    120     303463.90000
    121     296017.10000
    122     307908.10000
    123     299252.60000
    124     255547.70000
    125     225007.50000
    126     243844.20000
    127     297172.70000
    128     325935.10000
    129     306941.10000
    130     276414.10000
    131     267995.40000
    132     289665.20000
    133     311906.80000
    134     316333.20000
    135     314394.00000
    136     290882.80000
    137     262032.70000
    138     279024.70000
    139     326226.80000
    140     361417.10000
    141     370735.30000
    142     345104.20000
    143     318839.50000
    144     353669.90000
    145     419038.40000
    146     427073.00000
    147     377507.80000
    148     332551.60000
    149     311499.80000
    150     307533.60000
    151     326856.40000
    152     346752.90000
    153     343328.10000
    154     340855.20000
    155     344583.10000
    156     349663.70000
    157     378073.20000
    158     413547.50000
    159     425042.10000
    160     409878.30000
    161     370827.90000
    162     341656.10000
    163     358598.90000
    164     381695.80000
    165     377616.20000
    166     395063.90000
    167     443022.40000
    168     473655.40000
    169     480035.90000
    170     473034.60000
    171     471215.80000
    172     486005.00000
    173     488219.80000
    174     472345.80000
    175     471704.40000
    176     509088.80000
    177     567172.60000
    178     595322.50000
    179     595885.00000
    180     615378.20000
    181     645021.40000
    182     665916.80000
    183     686966.20000
    184     702971.00000
    185     736640.80000
    186     798586.90000
    187     829563.20000
    188     814514.10000
    189     814045.90000
    190     863842.00000
    191     930899.50000
    192     980053.00000
    193    1042188.00000
    194    1137433.00000
    195    1233863.00000
    196    1313917.00000
    197    1393507.00000
    198    1521412.00000
    199    1774604.00000
    200    2176126.00000
    201    2626498.00000
    202    2978508.00000
    203    3192655.00000
    204    3423047.00000
    205    3839109.00000
    206    4508136.00000
    207    5553390.00000
    208    7282097.00000
    209    10580680.00000
    210    15711950.00000
    211    19905960.00000
    212    20033900.00000
    213    17664420.00000
    214    17265330.00000
    215    20402220.00000
    216    24778340.00000
    217    28072340.00000
    218    28889470.00000
    219    25596260.00000
    220    19268470.00000
    221    14373470.00000
    222    14031050.00000
    223    16955940.00000
    224    18154940.00000
    225    14517500.00000
    226    8986459.00000
    227    5306351.00000
    228    3640598.00000
    229    3001981.00000
    230    2821542.00000
    231    2719138.00000
    232    2545618.00000
    233    2270008.00000
    234    1997391.00000
    235    1807158.00000
    236    1610463.00000
    237    1353649.00000
    238    1112320.00000
    239     970495.10000
    240     886596.60000
    241     770907.60000
    242     659217.60000
    243     630534.00000
    244     653001.20000
    245     661945.60000
    246     635498.20000
    247     583038.00000
    248     537087.80000
    249     491280.50000
    250     453288.60000
    251     470000.90000
    252     507911.90000
    253     501343.10000
    254     482779.10000
    255     539630.10000
    256     644627.40000
    257     669451.10000
    258     583079.50000
    259     454903.00000
    260     358962.20000
    261     311941.60000
    262     267486.20000
    263     240442.20000
    264     282159.30000
    265     351488.40000
    266     364324.10000
    267     312700.60000
    268     278007.00000
    269     298507.40000
    270     323617.10000
    271     326991.30000
    272     304316.70000
    273     262984.40000
    274     261531.70000
    275     297921.80000
    276     305072.20000
    277     294768.50000
    278     302211.20000
    279     317761.30000
    280     340302.60000
    281     358721.90000
    282     355473.30000
    283     348802.50000
    284     349519.30000
    285     338487.10000
    286     309386.70000
    287     271821.60000
    288     233426.90000
    289     201780.10000
    290     176676.80000
    291     172117.00000
    292     203267.40000
    293     228107.30000
    294     215637.80000
    295     208988.40000
    296     229332.10000
    297     235534.90000
    298     223539.20000
    299     239752.70000
    300     270005.70000
    301     263649.50000
    302     223987.10000
    303     177612.10000
    304     162000.90000
    305     196962.70000
    306     238203.90000
    307     255334.50000
    308     255116.70000
    309     231123.50000
    310     191703.40000
    311     165907.60000
    312     173157.30000
    313     211509.10000
    314     245965.20000
    315     251817.90000
    316     247052.60000
    317     245017.20000
    318     241642.90000
    319     232495.80000
    320     223235.80000
    321     239690.60000
    322     269022.10000
    323     254690.20000
    324     200075.10000
    325     163352.20000
    326     170250.90000
    327     214861.40000
    328     280992.80000
    329     326653.80000
    330     315632.20000
    331     267906.40000
    332     225966.30000
    333     201704.90000
    334     195010.20000
    335     216849.30000
    336     253240.80000
    337     264955.40000
    338     248661.90000
    339     231432.10000
    340     224813.30000
    341     217836.10000
    342     198939.10000
    343     197364.70000
    344     234413.10000
    345     247121.80000
    346     194632.90000
    347     155280.00000
    348     190076.90000
    349     232441.00000
    350     228305.70000
    351     227966.40000
    352     246111.90000
    353     243646.20000
    354     236861.30000
    355     235390.40000
    356     220043.30000
    357     214009.50000
    358     216209.00000
    359     193404.00000
    360     175503.20000
    361     200606.50000
    362     232230.40000
    363     229475.50000
    364     220058.30000
    365     232428.90000
    366     234990.40000
    367     216926.40000
    368     225627.30000
    369     277243.30000
    370     326823.20000
    371     327757.20000
    372     282179.40000
    373     252162.80000
    374     284125.30000
    375     317888.40000
    376     286649.30000
    377     247483.60000
    378     254354.60000
    379     264498.80000
    380     260168.00000
    381     248691.20000
    382     220920.30000
    383     222194.40000
    384     267290.00000
    385     274947.50000
    386     233831.80000
    387     217309.80000
    388     228255.80000
    389     217630.50000
    390     187051.30000
    391     171813.30000
    392     188167.70000
    393     227752.70000
    394     258886.00000
    395     256642.30000
    396     237004.00000
    397     231208.70000
    398     248026.30000
    399     258440.50000
    400     243567.20000
    401     235183.30000
    402     243334.40000
    403     241867.70000
    404     236418.30000
    405     244876.90000
    406     246523.30000
    407     215660.60000
    408     183347.00000
    409     195885.00000
    410     246543.90000
    411     288445.10000
    412     279822.50000
    413     251800.70000
    414     260071.70000
    415     263054.90000
    416     215039.10000
    417     167093.20000
    418     166656.00000
    419     203859.00000
    420     240195.30000
    421     237606.50000
    422     211105.60000
    423     196969.90000
    424     197404.90000
    425     213258.70000
    426     218476.90000
    427     172489.10000
    428     127095.90000
    429     151980.50000
    430     214871.80000
    431     253040.00000
    432     254026.80000
    433     242870.10000
    434     247971.80000
    435     266362.60000
    436     258143.30000
    437     217114.00000
    438     199709.00000
    439     226565.20000
    440     248850.90000
    441     238745.20000
    442     223958.90000
    443     222713.40000
    444     220476.90000
    445     214396.70000
    446     210125.80000
    447     215500.80000
    448     235279.90000
    449     242109.50000
    450     219966.00000
    451     177326.40000
    452     132065.10000
    453     140258.10000
    454     208607.60000
    455     249573.80000
    456     232763.80000
    457     219795.60000
    458     235441.30000
    459     250769.80000
    460     247075.60000
    461     228544.60000
    462     234421.20000
    463     285963.70000
    464     311003.90000
    465     269881.80000
    466     243316.60000
    467     253537.70000
    468     226439.60000
    469     186202.00000
    470     209679.70000
    471     258499.00000
    472     288001.60000
    473     316007.10000
    474     312931.70000
    475     261422.10000
    476     215321.50000
    477     208626.10000
    478     235746.30000
    479     251829.40000
    480     215753.90000
    481     180125.70000
    482     200958.90000
    483     242976.50000
    484     257155.50000
    485     242490.30000
    486     228564.10000
    487     227724.90000
    488     225335.20000
    489     208793.10000
    490     193024.20000
    491     220452.20000
    492     268722.20000
    493     277724.90000
    494     270191.40000
    495     251355.90000
    496     219595.10000
    497     246355.50000
    498     273280.10000
    499     214296.30000
    500     200397.10000
    501     274414.80000
    502     290205.10000
    503     253807.00000
    504     249760.70000
    505     245826.70000
    506     231355.70000
    507     239822.60000
    508     249868.80000
    509     232238.20000
    510     199706.10000
    511     185110.80000
    512     203088.20000
    513     222828.80000
    514     216121.90000
    515     215688.30000
    516     239752.10000
    517     248667.80000
    518     249443.00000
    519     271794.90000
    520     283869.70000
    521     282413.90000
    522     297689.60000
    523     284236.80000
    524     209455.50000
    525     160875.90000
    526     196337.50000
    527     245710.20000
    528     253220.40000
    529     234856.30000
    530     218794.90000
    531     235844.90000
    532     269075.40000
    533     251736.70000
    534     201231.80000
    535     209926.60000
    536     261702.90000
    537     255555.00000
    538     211091.90000
    539     220674.00000
    540     261996.70000
    541     270188.10000
    542     259403.60000
    543     249087.30000
    544     236504.60000
    545     247277.70000
    546     275970.80000
    547     273795.90000
    548     257022.50000
    549     271614.40000
    550     290176.40000
    551     290174.20000
    552     293165.80000
    553     281913.30000
    554     251923.80000
    555     248385.20000
    556     269265.70000
    557     280882.40000
    558     281296.20000
    559     274147.00000
    560     272418.80000
    561     284619.80000
    562     263959.10000
    563     214433.70000
    564     234963.40000
    565     308261.40000
    566     326568.30000
    567     305740.10000
    568     300571.70000
    569     309496.80000
    570     318807.90000
    571     304115.50000
    572     263878.30000
    573     232836.30000
    574     250976.30000
    575     304819.00000
    576     322017.90000
    577     309347.20000
    578     326134.50000
    579     344964.50000
    580     323296.20000
    581     284659.70000
    582     269690.10000
    583     266767.20000
    584     245537.20000
    585     251347.90000
    586     306581.70000
    587     337172.30000
    588     330603.70000
    589     340142.50000
    590     356144.60000
    591     347690.00000
    592     334404.30000
    593     344945.70000
    594     370782.20000
    595     401748.00000
    596     423760.10000
    597     403538.90000
    598     373249.50000
    599     384125.00000
    600     412921.10000
    601     437797.10000
    602     440283.50000
    603     389918.00000
    604     324733.60000
    605     315670.60000
    606     366048.30000
    607     418118.00000
    608     431299.60000
    609     407326.60000
    610     378013.70000
    611     366719.30000
    612     350335.10000
    613     344834.30000
    614     380566.70000
    615     401494.30000
    616     392995.30000
    617     393503.40000
    618     375448.90000
    619     341846.80000
    620     354180.60000
    621     401882.40000
    622     429488.90000
    623     431997.50000
    624     412008.50000
    625     363654.70000
    626     325349.80000
    627     326582.90000
    628     339541.00000
    629     329879.70000
    630     316915.10000
    631     351279.40000
    632     395872.70000
    633     376717.60000
    634     335479.10000
    635     321614.40000
    636     299318.60000
    637     263072.00000
    638     250611.90000
    639     274009.40000
    640     313748.50000
    641     345798.80000
    642     368745.80000
    643     376232.90000
    644     363955.80000
    645     363683.80000
