      1     238775.20000
      2     246515.90000
      3     266304.10000
      4     254602.60000
      5     207719.20000
      6     175902.20000
      7     177229.80000
      8     212091.00000
      9     263571.00000
     10     276093.40000
     11     219634.40000
     12     161840.60000
     13     188265.60000
     14     246723.20000
     15     243015.90000
     16     228501.90000
     17     257358.70000
     18     260405.80000
     19     216948.40000
     20     190994.00000
     21     197967.20000
     22     199285.90000
     23     175915.30000
     24     163330.20000
     25     185943.50000
     26     214251.00000
     27     232180.00000
     28     232302.80000
     29     208126.20000
     30     197295.80000
     31     209850.30000
     32     207770.80000
     33     201892.10000
     34     227751.20000
     35     260138.40000
     36     254503.80000
     37     217294.20000
     38     183654.10000
     39     183807.90000
     40     228430.70000
     41     288835.80000
     42     328636.50000
     43     331236.60000
     44     293433.40000
     45     251533.20000
     46     253325.60000
     47     280247.60000
     48     283574.40000
     49     264492.20000
     50     258701.80000
     51     272693.10000
     52     276960.80000
     53     280605.70000
     54     316427.90000
     55     332029.90000
     56     280037.60000
     57     238826.90000
     58     259292.50000
     59     279847.90000
     60     283363.70000
     61     312955.20000
     62     345869.60000
     63     335528.50000
     64     302505.10000
     65     285348.50000
     66     292279.10000
     67     321118.80000
     68     360464.80000
     69     382091.80000
     70     380843.60000
     71     399211.90000
     72     492491.40000
     73     652061.40000
     74     754756.00000
     75     717437.60000
     76     619813.90000
     77     545647.80000
     78     515375.80000
     79     514895.50000
     80     499553.40000
     81     495080.00000
     82     548691.00000
     83     617042.90000
     84     662015.20000
     85     727162.80000
     86     817973.40000
     87     858008.90000
     88     856158.90000
     89     867451.60000
     90     908660.50000
     91    1023545.00000
     92    1215748.00000
     93    1439017.00000
     94    1643088.00000
     95    2014433.00000
     96    2813842.00000
     97    4305538.00000
     98    7860838.00000
     99    13162260.00000
    100    14974930.00000
    101    10573250.00000
    102    4935262.00000
    103    2224056.00000
    104    1394943.00000
    105    1044737.00000
    106     908266.90000
    107     786104.20000
    108     689854.10000
    109     671505.90000
    110     681512.80000
    111     663844.60000
    112     617993.40000
    113     579339.90000
    114     533096.20000
    115     487035.40000
    116     455244.20000
    117     424317.50000
    118     397706.60000
    119     373665.00000
    120     367899.70000
    121     398557.20000
    122     425499.20000
    123     417885.80000
    124     404190.20000
    125     395316.80000
    126     389565.40000
    127     400219.40000
    128     401942.40000
    129     388289.60000
    130     398329.60000
    131     427670.10000
    132     446986.40000
    133     446500.90000
    134     430039.60000
    135     415672.00000
    136     408678.30000
    137     393240.00000
    138     389785.60000
    139     425604.20000
    140     455085.50000
    141     461603.80000
    142     497387.60000
    143     542788.50000
    144     527778.50000
    145     462224.40000
    146     427227.10000
    147     446578.10000
    148     451597.10000
    149     435763.00000
    150     481135.50000
    151     558936.80000
    152     551991.40000
    153     491592.10000
    154     465400.50000
    155     458619.40000
    156     469623.20000
    157     493995.80000
    158     506379.50000
    159     532909.20000
    160     564172.00000
    161     572438.50000
    162     572284.10000
    163     582382.90000
    164     627446.10000
    165     716648.60000
    166     827024.50000
    167     928629.00000
    168     990956.50000
    169     992341.80000
    170     994784.50000
    171    1125737.00000
    172    1430072.00000
    173    1830908.00000
    174    2162388.00000
    175    2385665.00000
    176    2592220.00000
    177    2775599.00000
    178    3057471.00000
    179    3648458.00000
    180    5360208.00000
    181    9433252.00000
    182    13747700.00000
    183    13586590.00000
    184    9144610.00000
    185    5033198.00000
    186    3117046.00000
    187    2371732.00000
    188    2101028.00000
    189    2049733.00000
    190    2078917.00000
    191    2241194.00000
    192    2617253.00000
    193    3149856.00000
    194    3711610.00000
    195    4468759.00000
    196    5933763.00000
    197    8914405.00000
    198    13476000.00000
    199    17106970.00000
    200    16600950.00000
    201    12471520.00000
    202    8205974.00000
    203    5734513.00000
    204    4718232.00000
    205    4484139.00000
    206    4599428.00000
    207    4938012.00000
    208    5574349.00000
    209    6822591.00000
    210    8993075.00000
    211    12803230.00000
    212    21128800.00000
    213    33230030.00000
    214    39766340.00000
    215    35965040.00000
    216    28444730.00000
    217    21733200.00000
    218    15086040.00000
    219    9609433.00000
    220    6596516.00000
    221    5395730.00000
    222    5034520.00000
    223    4900760.00000
    224    5060939.00000
    225    6396868.00000
    226    10134650.00000
    227    14711090.00000
    228    15354680.00000
    229    11128040.00000
    230    6528444.00000
    231    4242708.00000
    232    3225795.00000
    233    2493650.00000
    234    2024460.00000
    235    1776002.00000
    236    1627184.00000
    237    1526737.00000
    238    1451279.00000
    239    1364430.00000
    240    1268387.00000
    241    1189509.00000
    242    1108620.00000
    243    1019730.00000
    244     928013.00000
    245     816895.90000
    246     718386.10000
    247     692234.60000
    248     748896.00000
    249     831413.20000
    250     856902.00000
    251     829101.20000
    252     816891.80000
    253     777740.40000
    254     640736.80000
    255     504896.60000
    256     466659.90000
    257     457283.90000
    258     435270.00000
    259     443636.50000
    260     460110.60000
    261     459299.30000
    262     485857.40000
    263     508379.30000
    264     466409.30000
    265     421747.90000
    266     425744.60000
    267     434673.10000
    268     402351.10000
    269     341695.60000
    270     336714.10000
    271     411616.30000
    272     449177.50000
    273     386109.10000
    274     328267.70000
    275     354138.00000
    276     399842.40000
    277     417420.50000
    278     426129.60000
    279     428363.70000
    280     420320.70000
    281     406168.40000
    282     412437.50000
    283     459135.00000
    284     479128.00000
    285     443573.30000
    286     448700.60000
    287     503535.10000
    288     512071.50000
    289     482010.90000
    290     465048.50000
    291     453635.90000
    292     450615.60000
    293     463822.10000
    294     490343.20000
    295     525563.20000
    296     539034.10000
    297     525504.90000
    298     523124.20000
    299     537619.90000
    300     538190.50000
    301     534822.50000
    302     574366.90000
    303     653258.90000
    304     721656.80000
    305     754550.80000
    306     771428.80000
    307     812565.00000
    308     903338.40000
    309    1038270.00000
    310    1185958.00000
    311    1341100.00000
    312    1561201.00000
    313    1855912.00000
    314    2121344.00000
    315    2308228.00000
    316    2523981.00000
    317    2869925.00000
    318    3367979.00000
    319    4084938.00000
    320    5098517.00000
    321    6299044.00000
    322    7285409.00000
    323    7537112.00000
    324    6852520.00000
    325    5554654.00000
    326    4169048.00000
    327    3037566.00000
    328    2258997.00000
    329    1782985.00000
    330    1479433.00000
    331    1255784.00000
    332    1103448.00000
    333     996186.20000
    334     882538.90000
    335     755849.20000
    336     645427.90000
    337     598185.90000
    338     618372.40000
    339     609500.10000
    340     507906.90000
    341     412025.10000
    342     409543.40000
    343     417176.90000
    344     384054.60000
    345     389819.60000
    346     428845.50000
    347     435280.90000
    348     415960.00000
    349     372301.70000
    350     330473.50000
    351     336801.10000
    352     355627.60000
    353     377633.00000
    354     419344.70000
    355     426321.40000
    356     406714.00000
    357     414432.00000
    358     404453.10000
    359     352609.30000
    360     317845.10000
    361     311697.60000
    362     312857.80000
    363     316362.20000
    364     308934.80000
    365     312276.60000
    366     344616.80000
    367     355209.60000
    368     326905.50000
    369     310349.60000
    370     336049.60000
    371     375098.50000
    372     369193.80000
    373     327455.30000
    374     309184.10000
    375     307818.80000
    376     306014.50000
    377     315893.80000
    378     309634.60000
    379     289810.10000
    380     309447.60000
    381     342195.20000
    382     332035.00000
    383     306920.40000
    384     299820.90000
    385     294728.20000
    386     287732.30000
    387     289825.10000
    388     304803.00000
    389     336347.40000
    390     375968.30000
    391     399801.80000
    392     388898.60000
    393     356440.80000
    394     329846.20000
    395     306153.70000
    396     292676.90000
    397     312135.60000
    398     339323.20000
    399     336849.50000
    400     314919.00000
    401     323581.10000
    402     366609.40000
    403     383961.40000
    404     382131.90000
    405     388975.60000
    406     382385.80000
    407     395398.30000
    408     441381.40000
    409     450078.20000
    410     403094.20000
    411     362428.00000
    412     389835.90000
    413     439205.80000
    414     407848.00000
    415     335154.80000
    416     320817.40000
    417     357181.80000
    418     390234.40000
    419     378370.60000
    420     340773.70000
    421     348827.10000
    422     377069.80000
    423     373361.80000
    424     399467.80000
    425     453714.60000
    426     432784.30000
    427     361604.20000
    428     350782.40000
    429     402960.90000
    430     446573.90000
    431     459147.20000
    432     478710.50000
    433     518040.10000
    434     529534.20000
    435     489857.00000
    436     448338.90000
    437     443233.50000
    438     448509.20000
    439     446059.90000
    440     452568.60000
    441     470500.40000
    442     501527.50000
    443     537209.50000
    444     538827.90000
    445     523969.00000
    446     539439.90000
    447     549562.40000
    448     528271.00000
    449     529180.90000
    450     569896.20000
    451     598068.30000
    452     587233.20000
    453     578554.50000
    454     605045.30000
    455     634058.80000
    456     628318.00000
    457     613748.40000
    458     648980.90000
    459     733682.80000
    460     809191.40000
    461     851683.60000
    462     869260.20000
    463     871593.40000
    464     896853.00000
    465     952930.60000
    466     984280.80000
    467     992796.60000
    468    1053106.00000
    469    1164382.00000
    470    1256624.00000
    471    1328228.00000
    472    1421240.00000
    473    1535886.00000
    474    1670428.00000
    475    1835297.00000
    476    2011296.00000
    477    2167383.00000
    478    2291814.00000
    479    2414398.00000
    480    2570798.00000
    481    2735308.00000
    482    2912407.00000
    483    3179104.00000
    484    3523070.00000
    485    3843076.00000
    486    4094723.00000
    487    4256760.00000
    488    4248362.00000
    489    4021209.00000
    490    3656664.00000
    491    3253466.00000
    492    2836271.00000
    493    2445457.00000
    494    2132944.00000
    495    1878448.00000
    496    1641602.00000
    497    1423233.00000
    498    1247898.00000
    499    1142963.00000
    500    1099276.00000
    501    1053448.00000
    502     966258.30000
    503     885395.00000
    504     860525.90000
    505     864317.60000
    506     865957.90000
    507     866972.20000
    508     865616.90000
    509     893461.50000
    510     970735.70000
    511    1039167.00000
    512    1070662.00000
    513    1082150.00000
    514    1057986.00000
    515    1040198.00000
    516    1111398.00000
    517    1241320.00000
    518    1355276.00000
    519    1431029.00000
    520    1466802.00000
    521    1514093.00000
    522    1638820.00000
    523    1791517.00000
    524    1839072.00000
    525    1747933.00000
    526    1671443.00000
    527    1741358.00000
    528    1939584.00000
    529    2324716.00000
    530    3172722.00000
    531    4794869.00000
    532    6822865.00000
    533    7804042.00000
    534    6757816.00000
    535    4648204.00000
    536    2982164.00000
    537    2078190.00000
    538    1538588.00000
    539    1150299.00000
    540     910850.80000
    541     815059.80000
    542     782205.90000
    543     736558.50000
    544     678340.20000
    545     613215.90000
    546     538196.60000
    547     487682.80000
    548     485927.00000
    549     499368.60000
    550     483820.40000
    551     450021.80000
    552     425083.20000
    553     392960.40000
    554     361450.30000
    555     366482.60000
    556     382917.20000
    557     372393.80000
    558     353171.10000
    559     357962.40000
    560     376868.90000
    561     367008.80000
    562     341160.20000
    563     354521.40000
    564     375067.80000
    565     334922.60000
    566     285057.10000
    567     305609.10000
    568     347868.90000
    569     349954.60000
    570     345804.60000
    571     355020.50000
    572     365849.10000
    573     381627.20000
    574     389391.30000
    575     408614.00000
    576     498443.60000
    577     626313.40000
    578     666546.90000
    579     576214.60000
    580     453272.20000
    581     389136.60000
    582     379592.60000
    583     389804.60000
    584     400563.30000
    585     393829.30000
    586     373915.30000
    587     371462.30000
    588     371115.40000
    589     351427.70000
    590     353725.20000
    591     368844.40000
    592     347256.60000
    593     322101.90000
    594     318458.90000
    595     308172.70000
    596     306161.00000
    597     327035.20000
    598     332016.10000
    599     307280.00000
    600     285037.20000
    601     290088.90000
    602     316277.60000
    603     335958.10000
    604     351653.40000
    605     375457.20000
    606     375206.80000
    607     358576.50000
    608     359046.90000
    609     349804.20000
    610     335039.00000
    611     335202.40000
    612     314225.90000
    613     288492.70000
    614     302801.90000
    615     327511.70000
    616     344364.60000
    617     359519.40000
    618     339370.60000
    619     305549.50000
    620     327102.90000
    621     372795.00000
    622     391921.90000
    623     398733.70000
    624     370357.30000
    625     310479.50000
    626     305710.00000
    627     366347.30000
    628     423957.90000
    629     443646.50000
    630     422673.80000
    631     389890.20000
    632     372723.60000
    633     350405.70000
    634     328280.00000
    635     346542.80000
    636     372485.60000
    637     363574.00000
    638     359802.80000
    639     361108.70000
    640     326576.80000
    641     298595.20000
    642     318282.60000
    643     353577.80000
    644     363244.40000
    645     337577.50000
