      1      52742.19000
      2      29844.00000
      3      32322.00000
      4      51660.81000
      5      68569.31000
      6      38810.50000
      7      14090.75000
      8      48236.31000
      9      81265.50000
     10      71029.31000
     11      46612.44000
     12      34917.56000
     13      39377.00000
     14      44486.31000
     15      33376.06000
     16      10246.44000
     17       3983.43800
     18      34178.19000
     19      72446.56000
     20      75443.62000
     21      37666.69000
     22       5523.56200
     23      33762.62000
     24      83351.38000
     25      76461.00000
     26      61491.19000
     27      87043.50000
     28      67602.44000
     29       3581.37500
     30       7961.43800
     31      70824.50000
     32      99830.44000
     33      78996.88000
     34      62369.38000
     35      76086.38000
     36      85304.94000
     37      88041.31000
     38      98871.25000
     39      88089.12000
     40      68329.19000
     41      65095.06000
     42      43980.88000
     43      23759.94000
     44      68909.00000
     45     130516.70000
     46     114037.40000
     47      57324.56000
     48      60395.56000
     49     117706.70000
     50     144243.10000
     51     115985.50000
     52      89957.69000
     53      87190.25000
     54      72517.56000
     55      46754.50000
     56      39144.62000
     57      60617.88000
     58      91212.75000
     59      77762.81000
     60      34555.81000
     61      50312.31000
     62     101825.10000
     63      92703.38000
     64      38890.06000
     65      17794.69000
     66      60861.12000
     67     125896.90000
     68     148200.20000
     69     150267.80000
     70     175411.80000
     71     214366.80000
     72     286384.60000
     73     385644.10000
     74     423865.10000
     75     372020.10000
     76     310977.70000
     77     293835.60000
     78     277020.80000
     79     236868.80000
     80     236398.00000
     81     293695.00000
     82     336542.20000
     83     346736.20000
     84     379078.20000
     85     443722.20000
     86     503678.50000
     87     555234.40000
     88     630003.90000
     89     725695.00000
     90     846267.10000
     91    1058143.00000
     92    1316064.00000
     93    1508579.00000
     94    1752248.00000
     95    2188532.00000
     96    2834153.00000
     97    3968366.00000
     98    5726936.00000
     99    7113526.00000
    100    6766099.00000
    101    4878587.00000
    102    2959429.00000
    103    1843587.00000
    104    1275035.00000
    105     917606.10000
    106     705812.40000
    107     598398.80000
    108     508145.60000
    109     410183.90000
    110     355576.70000
    111     349032.50000
    112     348068.50000
    113     333287.10000
    114     302034.50000
    115     271192.00000
    116     258483.30000
    117     258997.10000
    118     255595.60000
    119     231192.20000
    120     208558.80000
    121     210701.40000
    122     210603.00000
    123     209414.90000
    124     209582.90000
    125     177759.90000
    126     158206.70000
    127     189479.60000
    128     184506.40000
    129     110558.10000
    130      68570.94000
    131     111098.80000
    132     169531.70000
    133     172248.20000
    134     139657.40000
    135     135820.40000
    136     168150.40000
    137     195928.50000
    138     193299.40000
    139     156310.60000
    140     132561.20000
    141     171320.90000
    142     206514.00000
    143     196317.40000
    144     196754.10000
    145     176417.50000
    146     108969.90000
    147      82799.50000
    148     119159.90000
    149     166169.20000
    150     189173.60000
    151     172889.50000
    152     161892.20000
    153     177581.90000
    154     164416.90000
    155     138847.90000
    156     153492.50000
    157     149522.90000
    158     106884.00000
    159     126123.80000
    160     195412.50000
    161     199926.80000
    162     167175.00000
    163     195404.90000
    164     264816.00000
    165     308211.90000
    166     330860.00000
    167     376206.10000
    168     435347.40000
    169     469695.60000
    170     514209.60000
    171     606308.80000
    172     701482.60000
    173     816215.60000
    174    1005986.00000
    175    1195342.00000
    176    1325950.00000
    177    1492476.00000
    178    1792600.00000
    179    2297335.00000
    180    3153772.00000
    181    4383780.00000
    182    5487526.00000
    183    5670031.00000
    184    4762745.00000
    185    3484924.00000
    186    2558540.00000
    187    2046930.00000
    188    1702861.00000
    189    1482802.00000
    190    1452543.00000
    191    1545726.00000
    192    1739745.00000
    193    2075548.00000
    194    2453259.00000
    195    2905014.00000
    196    3799550.00000
    197    5543516.00000
    198    8058468.00000
    199    10162740.00000
    200    10284500.00000
    201    8415117.00000
    202    6121955.00000
    203    4539546.00000
    204    3644431.00000
    205    3145119.00000
    206    2962311.00000
    207    3103658.00000
    208    3584064.00000
    209    4445702.00000
    210    5764703.00000
    211    7768666.00000
    212    11765090.00000
    213    19116120.00000
    214    26905850.00000
    215    29245820.00000
    216    24986080.00000
    217    18293430.00000
    218    12569890.00000
    219    8657437.00000
    220    6432714.00000
    221    5413940.00000
    222    4967544.00000
    223    4716202.00000
    224    4761800.00000
    225    5738496.00000
    226    8127927.00000
    227    10513620.00000
    228    10384170.00000
    229    7818710.00000
    230    5261301.00000
    231    3893710.00000
    232    3190949.00000
    233    2657406.00000
    234    2235790.00000
    235    1956690.00000
    236    1793239.00000
    237    1668102.00000
    238    1524984.00000
    239    1406641.00000
    240    1352265.00000
    241    1275774.00000
    242    1138030.00000
    243    1028191.00000
    244     974384.80000
    245     934667.60000
    246     891323.20000
    247     834514.80000
    248     795266.40000
    249     789747.20000
    250     762223.50000
    251     752724.50000
    252     818844.30000
    253     849648.80000
    254     794452.30000
    255     757567.80000
    256     748514.10000
    257     674280.20000
    258     544979.60000
    259     469121.40000
    260     467657.60000
    261     483674.10000
    262     521112.80000
    263     575324.20000
    264     584932.80000
    265     544741.00000
    266     493416.40000
    267     454876.90000
    268     447758.60000
    269     454754.40000
    270     452406.30000
    271     466274.10000
    272     495769.60000
    273     485466.90000
    274     443700.10000
    275     444503.10000
    276     468966.50000
    277     444317.20000
    278     411009.70000
    279     414072.60000
    280     406933.30000
    281     397716.10000
    282     415602.10000
    283     414735.20000
    284     401247.40000
    285     426153.20000
    286     455302.70000
    287     440663.90000
    288     409463.30000
    289     399619.20000
    290     397444.40000
    291     383688.70000
    292     377239.80000
    293     378283.20000
    294     372780.50000
    295     385481.50000
    296     406738.30000
    297     399451.80000
    298     403752.50000
    299     442839.70000
    300     457442.40000
    301     439444.10000
    302     426900.60000
    303     429100.00000
    304     460470.50000
    305     513307.20000
    306     549729.20000
    307     564723.80000
    308     588931.60000
    309     657486.30000
    310     779905.60000
    311     943964.20000
    312    1093751.00000
    313    1169922.00000
    314    1248118.00000
    315    1401275.00000
    316    1561177.00000
    317    1707806.00000
    318    1913967.00000
    319    2252774.00000
    320    2761747.00000
    321    3366257.00000
    322    3880925.00000
    323    4099118.00000
    324    3913362.00000
    325    3396254.00000
    326    2762254.00000
    327    2222431.00000
    328    1809324.00000
    329    1465126.00000
    330    1207434.00000
    331    1027710.00000
    332     898776.60000
    333     846792.60000
    334     813605.00000
    335     718264.80000
    336     627034.50000
    337     604132.20000
    338     595554.10000
    339     561354.50000
    340     523260.30000
    341     500311.90000
    342     479084.40000
    343     437995.90000
    344     402111.80000
    345     404385.50000
    346     420450.20000
    347     416289.90000
    348     386413.40000
    349     346589.30000
    350     325110.90000
    351     335646.80000
    352     366861.60000
    353     375073.80000
    354     335681.80000
    355     312533.70000
    356     328065.60000
    357     307169.10000
    358     268895.80000
    359     287538.80000
    360     323833.70000
    361     327436.90000
    362     324082.60000
    363     341698.70000
    364     367856.70000
    365     367244.50000
    366     319998.30000
    367     251808.40000
    368     241150.60000
    369     313517.40000
    370     353192.20000
    371     299659.30000
    372     263001.40000
    373     296477.00000
    374     333614.80000
    375     355726.10000
    376     374113.20000
    377     374528.30000
    378     364711.90000
    379     339904.90000
    380     296948.50000
    381     273357.70000
    382     268341.50000
    383     272962.60000
    384     303346.70000
    385     323202.20000
    386     307298.10000
    387     283877.20000
    388     257995.00000
    389     239678.70000
    390     262338.00000
    391     311330.00000
    392     333903.50000
    393     317500.50000
    394     293937.60000
    395     287578.40000
    396     305423.50000
    397     337829.20000
    398     352759.40000
    399     328438.40000
    400     288089.30000
    401     282860.80000
    402     313996.60000
    403     317188.40000
    404     281699.30000
    405     276625.20000
    406     326310.50000
    407     374110.80000
    408     359341.30000
    409     287737.30000
    410     239122.60000
    411     265100.80000
    412     305713.60000
    413     291469.60000
    414     249367.20000
    415     239117.90000
    416     273151.00000
    417     311366.20000
    418     309402.70000
    419     276034.10000
    420     254260.40000
    421     266343.60000
    422     286431.40000
    423     293435.20000
    424     319782.00000
    425     354786.60000
    426     347069.30000
    427     313991.80000
    428     286014.80000
    429     268086.00000
    430     276191.90000
    431     304678.10000
    432     317170.30000
    433     296821.00000
    434     282405.30000
    435     299118.60000
    436     299760.00000
    437     282118.80000
    438     315818.90000
    439     373806.20000
    440     362191.10000
    441     310350.50000
    442     292822.30000
    443     298311.10000
    444     310813.10000
    445     319960.30000
    446     315078.30000
    447     323322.20000
    448     340490.10000
    449     353379.00000
    450     370500.60000
    451     364948.00000
    452     342075.00000
    453     345384.70000
    454     361960.70000
    455     365221.90000
    456     371699.80000
    457     389106.90000
    458     389338.80000
    459     371535.30000
    460     362432.60000
    461     361069.40000
    462     382402.70000
    463     449537.50000
    464     505353.40000
    465     479824.80000
    466     420235.00000
    467     425170.10000
    468     483384.30000
    469     522335.90000
    470     539072.40000
    471     541647.20000
    472     523649.70000
    473     523196.80000
    474     554548.50000
    475     592604.10000
    476     639066.10000
    477     685981.80000
    478     720820.90000
    479     766161.10000
    480     808790.90000
    481     811597.20000
    482     796812.90000
    483     783045.60000
    484     771162.20000
    485     797623.30000
    486     833006.40000
    487     806261.40000
    488     764197.20000
    489     770703.30000
    490     801351.10000
    491     840669.80000
    492     875996.40000
    493     871106.40000
    494     835948.10000
    495     791006.50000
    496     748066.60000
    497     748326.10000
    498     764532.50000
    499     731783.40000
    500     701960.20000
    501     715449.80000
    502     706105.40000
    503     664667.10000
    504     638849.40000
    505     629407.30000
    506     627304.60000
    507     637314.50000
    508     653090.50000
    509     652187.00000
    510     614952.10000
    511     567532.00000
    512     554230.80000
    513     577696.50000
    514     624500.10000
    515     683047.10000
    516     725352.40000
    517     731004.20000
    518     728542.90000
    519     767599.80000
    520     828054.00000
    521     865178.30000
    522     911164.40000
    523     984900.20000
    524    1043316.00000
    525    1077209.00000
    526    1109044.00000
    527    1157985.00000
    528    1269403.00000
    529    1510594.00000
    530    1962659.00000
    531    2688942.00000
    532    3510979.00000
    533    3932894.00000
    534    3652742.00000
    535    2944422.00000
    536    2252968.00000
    537    1746310.00000
    538    1373793.00000
    539    1055720.00000
    540     792091.20000
    541     647847.90000
    542     605441.10000
    543     577224.40000
    544     540182.50000
    545     505588.90000
    546     475371.50000
    547     454298.60000
    548     427375.00000
    549     396098.00000
    550     389786.30000
    551     401147.20000
    552     387024.90000
    553     336101.90000
    554     298415.30000
    555     314080.90000
    556     356976.00000
    557     387408.30000
    558     386036.60000
    559     343681.20000
    560     288240.30000
    561     267473.50000
    562     272323.80000
    563     280324.10000
    564     313809.80000
    565     348162.10000
    566     334736.50000
    567     298443.80000
    568     263590.00000
    569     248528.10000
    570     287146.10000
    571     329920.40000
    572     328647.90000
    573     321819.10000
    574     312786.10000
    575     299727.10000
    576     313426.40000
    577     317575.50000
    578     297091.30000
    579     308439.40000
    580     335488.00000
    581     327678.40000
    582     315410.40000
    583     337955.70000
    584     368067.70000
    585     361997.60000
    586     327709.70000
    587     303609.20000
    588     290142.80000
    589     273478.80000
    590     271369.80000
    591     283077.30000
    592     279588.80000
    593     269279.20000
    594     277352.70000
    595     283113.60000
    596     269831.80000
    597     264216.50000
    598     262252.40000
    599     250743.70000
    600     253556.00000
    601     258134.20000
    602     249061.80000
    603     241306.50000
    604     216315.50000
    605     186349.10000
    606     203763.80000
    607     250660.00000
    608     277362.80000
    609     293734.90000
    610     310912.10000
    611     288347.20000
    612     237539.70000
    613     224880.00000
    614     247884.80000
    615     262886.30000
    616     254688.00000
    617     245393.30000
    618     259679.50000
    619     273599.80000
    620     278889.00000
    621     292349.00000
    622     292828.10000
    623     275791.40000
    624     256247.90000
    625     248807.50000
    626     295252.20000
    627     361290.10000
    628     337623.50000
    629     255247.00000
    630     248446.60000
    631     300388.00000
    632     306140.50000
    633     279126.40000
    634     260156.00000
    635     236273.40000
    636     237934.30000
    637     277882.60000
    638     291887.90000
    639     262367.40000
    640     233074.30000
    641     225107.40000
    642     228056.60000
    643     226092.00000
    644     228791.70000
    645     265391.50000
