      1      53098.16000
      2      61018.78000
      3      71521.97000
      4      90893.12000
      5      88121.09000
      6      39739.00000
      7      16506.09000
      8      61970.00000
      9      83429.59000
     10      45698.53000
     11      33513.50000
     12      60219.62000
     13      87378.66000
     14     111533.30000
     15      99514.53000
     16      43630.19000
     17      25785.81000
     18      74248.75000
     19     111638.60000
     20     110522.80000
     21     118121.30000
     22     128826.40000
     23     117544.40000
     24     113620.90000
     25     113513.60000
     26      80458.72000
     27      37390.00000
     28      26268.00000
     29      47206.00000
     30      91143.50000
     31     141118.90000
     32     136247.10000
     33      74451.06000
     34      53148.75000
     35      61315.06000
     36      23564.94000
     37      10918.81000
     38      59054.19000
     39      76222.75000
     40      69973.94000
     41      86996.25000
     42      73103.19000
     43      37518.44000
     44      59123.81000
     45      92752.00000
     46      69050.88000
     47      51105.44000
     48      87553.88000
     49     115208.00000
     50      91416.44000
     51      45478.81000
     52      14406.88000
     53      31609.88000
     54      94384.00000
     55     137741.00000
     56     129988.90000
     57     109767.10000
     58      97673.44000
     59      77670.94000
     60      64250.12000
     61      83275.75000
     62     105356.70000
     63     108100.80000
     64     121324.00000
     65     146024.40000
     66     142092.50000
     67     108458.50000
     68     107485.20000
     69     162190.50000
     70     224741.10000
     71     296868.80000
     72     385471.40000
     73     416830.30000
     74     375312.30000
     75     338284.10000
     76     322741.10000
     77     286765.00000
     78     256058.90000
     79     276893.20000
     80     318430.60000
     81     364255.20000
     82     446086.00000
     83     549409.90000
     84     663803.90000
     85     821267.90000
     86    1011278.00000
     87    1235090.00000
     88    1545160.00000
     89    1889618.00000
     90    2141502.00000
     91    2284049.00000
     92    2345835.00000
     93    2319172.00000
     94    2284788.00000
     95    2368356.00000
     96    2566821.00000
     97    2865546.00000
     98    3341562.00000
     99    3875532.00000
    100    4034642.00000
    101    3540061.00000
    102    2660543.00000
    103    1875551.00000
    104    1347129.00000
    105     985790.00000
    106     730567.20000
    107     554406.10000
    108     435052.10000
    109     355658.50000
    110     300994.20000
    111     283742.70000
    112     287610.40000
    113     270225.60000
    114     244890.70000
    115     225940.90000
    116     207923.40000
    117     206610.20000
    118     205669.70000
    119     188353.20000
    120     181773.20000
    121     177144.70000
    122     152317.10000
    123     126530.40000
    124     113016.80000
    125     119875.40000
    126     154515.50000
    127     178539.60000
    128     159193.60000
    129     142158.50000
    130     163761.00000
    131     183167.80000
    132     182592.80000
    133     181648.50000
    134     166312.40000
    135     144315.60000
    136     155778.40000
    137     176670.10000
    138     159774.60000
    139     133763.00000
    140     139771.40000
    141     158581.60000
    142     169043.30000
    143     183662.90000
    144     206950.60000
    145     220230.20000
    146     205356.40000
    147     169120.60000
    148     136441.10000
    149     117923.90000
    150     122717.20000
    151     160512.80000
    152     186728.20000
    153     171421.40000
    154     174033.00000
    155     213526.20000
    156     233767.00000
    157     230081.00000
    158     233218.20000
    159     236922.80000
    160     230468.00000
    161     220359.20000
    162     203517.00000
    163     190067.00000
    164     206848.80000
    165     244473.40000
    166     286997.00000
    167     345083.40000
    168     416916.10000
    169     480604.20000
    170     500663.40000
    171     492281.90000
    172     551976.10000
    173     703498.10000
    174     866768.50000
    175    1006842.00000
    176    1138416.00000
    177    1290589.00000
    178    1511945.00000
    179    1852717.00000
    180    2370490.00000
    181    2980954.00000
    182    3388373.00000
    183    3394528.00000
    184    3043529.00000
    185    2520437.00000
    186    2082142.00000
    187    1854472.00000
    188    1760174.00000
    189    1709595.00000
    190    1695006.00000
    191    1783680.00000
    192    2030162.00000
    193    2357240.00000
    194    2676352.00000
    195    3106778.00000
    196    3839323.00000
    197    4835080.00000
    198    5850126.00000
    199    6554431.00000
    200    6629256.00000
    201    6082644.00000
    202    5285442.00000
    203    4549892.00000
    204    3993587.00000
    205    3710610.00000
    206    3744276.00000
    207    4098481.00000
    208    4861524.00000
    209    6160866.00000
    210    8127582.00000
    211    11055350.00000
    212    15611190.00000
    213    21636010.00000
    214    26059200.00000
    215    25274320.00000
    216    20149660.00000
    217    14607320.00000
    218    10674900.00000
    219    8219468.00000
    220    6786772.00000
    221    5945778.00000
    222    5438046.00000
    223    5320826.00000
    224    5798571.00000
    225    6915977.00000
    226    8161936.00000
    227    8588892.00000
    228    7691822.00000
    229    6019290.00000
    230    4527608.00000
    231    3562394.00000
    232    2892818.00000
    233    2350087.00000
    234    1965181.00000
    235    1739893.00000
    236    1606891.00000
    237    1498805.00000
    238    1380720.00000
    239    1266381.00000
    240    1167211.00000
    241    1078881.00000
    242    1016309.00000
    243     973660.50000
    244     920415.50000
    245     855063.50000
    246     790777.10000
    247     724641.80000
    248     668701.40000
    249     643421.70000
    250     629049.40000
    251     602005.80000
    252     594801.60000
    253     662484.50000
    254     788114.60000
    255     864974.60000
    256     821105.50000
    257     703614.40000
    258     606694.60000
    259     560243.20000
    260     540717.70000
    261     552508.60000
    262     575802.10000
    263     544181.90000
    264     466054.30000
    265     408348.30000
    266     390069.60000
    267     379033.40000
    268     357119.40000
    269     371711.90000
    270     433402.10000
    271     457054.60000
    272     432174.00000
    273     418814.10000
    274     398078.30000
    275     377853.20000
    276     420629.20000
    277     468350.40000
    278     435855.70000
    279     382349.90000
    280     371863.60000
    281     374170.70000
    282     387776.40000
    283     429032.90000
    284     457003.50000
    285     460522.40000
    286     456134.70000
    287     422052.10000
    288     377941.50000
    289     382265.40000
    290     415699.20000
    291     410336.10000
    292     369171.40000
    293     351380.50000
    294     375969.30000
    295     419136.40000
    296     448039.50000
    297     456982.80000
    298     485024.00000
    299     527513.00000
    300     533730.10000
    301     518261.30000
    302     529718.60000
    303     584633.10000
    304     685641.80000
    305     793002.80000
    306     863869.30000
    307     947925.20000
    308    1068760.00000
    309    1171005.00000
    310    1292123.00000
    311    1494873.00000
    312    1734610.00000
    313    1990783.00000
    314    2283674.00000
    315    2539551.00000
    316    2622221.00000
    317    2480159.00000
    318    2188760.00000
    319    1854756.00000
    320    1551448.00000
    321    1304155.00000
    322    1093134.00000
    323     917008.10000
    324     789288.20000
    325     700500.60000
    326     640792.20000
    327     581481.60000
    328     511864.30000
    329     481320.60000
    330     487333.60000
    331     480377.00000
    332     454972.30000
    333     397923.80000
    334     322350.90000
    335     314892.20000
    336     375425.80000
    337     390502.70000
    338     337259.00000
    339     303153.20000
    340     322041.00000
    341     347549.10000
    342     332032.40000
    343     289955.30000
    344     282713.10000
    345     314768.10000
    346     335029.50000
    347     303492.30000
    348     228673.30000
    349     194213.50000
    350     239150.60000
    351     303193.10000
    352     340202.10000
    353     328034.10000
    354     282734.80000
    355     262436.70000
    356     273811.80000
    357     286135.80000
    358     278440.10000
    359     251738.70000
    360     238044.00000
    361     243647.50000
    362     259050.40000
    363     303037.00000
    364     342714.40000
    365     307449.80000
    366     238592.20000
    367     222644.70000
    368     245620.70000
    369     274401.80000
    370     296904.20000
    371     286482.60000
    372     253820.20000
    373     218671.00000
    374     193917.30000
    375     204609.80000
    376     228399.80000
    377     249451.40000
    378     282541.60000
    379     286807.20000
    380     245068.20000
    381     222695.40000
    382     257112.80000
    383     297203.80000
    384     276451.00000
    385     220118.20000
    386     191607.70000
    387     188933.00000
    388     202254.70000
    389     236933.80000
    390     258637.00000
    391     235562.20000
    392     199600.90000
    393     200915.20000
    394     230976.20000
    395     257302.80000
    396     278787.80000
    397     273849.20000
    398     217763.80000
    399     175713.20000
    400     209364.00000
    401     249629.60000
    402     232146.20000
    403     212879.60000
    404     217809.00000
    405     189577.30000
    406     143521.30000
    407     150880.40000
    408     185548.10000
    409     186840.50000
    410     193682.10000
    411     255260.60000
    412     315214.20000
    413     306942.70000
    414     256796.80000
    415     215881.40000
    416     202758.00000
    417     222514.50000
    418     254140.70000
    419     267727.60000
    420     251513.20000
    421     216652.60000
    422     217452.80000
    423     262545.30000
    424     268585.40000
    425     228959.80000
    426     240383.40000
    427     293599.80000
    428     272842.50000
    429     205976.00000
    430     223205.40000
    431     279201.40000
    432     264567.70000
    433     224442.40000
    434     216089.00000
    435     215582.00000
    436     206375.40000
    437     188356.90000
    438     169881.10000
    439     182080.30000
    440     232582.00000
    441     259033.70000
    442     219361.70000
    443     184889.90000
    444     213063.50000
    445     253202.60000
    446     256054.10000
    447     227777.50000
    448     200033.10000
    449     197464.30000
    450     205911.20000
    451     210675.80000
    452     218207.80000
    453     226744.70000
    454     242834.50000
    455     271905.10000
    456     274897.10000
    457     228273.40000
    458     190134.50000
    459     200656.90000
    460     218249.00000
    461     220208.30000
    462     221838.80000
    463     218408.00000
    464     210059.30000
    465     213282.50000
    466     214489.00000
    467     195950.50000
    468     198458.30000
    469     232707.80000
    470     233096.10000
    471     205686.10000
    472     212093.40000
    473     241633.90000
    474     257652.20000
    475     256449.80000
    476     259262.70000
    477     279779.40000
    478     303266.30000
    479     310335.10000
    480     279400.20000
    481     234415.80000
    482     242448.10000
    483     268965.80000
    484     238707.00000
    485     207476.50000
    486     237968.10000
    487     273417.00000
    488     269431.40000
    489     272289.00000
    490     311874.30000
    491     329684.20000
    492     288046.30000
    493     254745.10000
    494     273414.90000
    495     302219.40000
    496     318937.70000
    497     320690.30000
    498     304639.00000
    499     306790.10000
    500     337687.40000
    501     351130.40000
    502     325095.70000
    503     305583.10000
    504     350741.60000
    505     411797.20000
    506     410716.20000
    507     405465.30000
    508     427611.10000
    509     403080.00000
    510     371209.10000
    511     413625.50000
    512     468620.30000
    513     486802.60000
    514     532310.20000
    515     608061.60000
    516     647060.70000
    517     671826.40000
    518     711805.60000
    519     732379.40000
    520     765235.10000
    521     863545.40000
    522    1007710.00000
    523    1182538.00000
    524    1429878.00000
    525    1784462.00000
    526    2122870.00000
    527    2223831.00000
    528    2073250.00000
    529    1826343.00000
    530    1533431.00000
    531    1198285.00000
    532     910329.90000
    533     736323.20000
    534     635217.90000
    535     546301.10000
    536     472464.40000
    537     424980.40000
    538     391003.80000
    539     380418.30000
    540     387998.90000
    541     380984.40000
    542     349602.40000
    543     296112.70000
    544     249132.50000
    545     241019.00000
    546     255718.70000
    547     284096.40000
    548     317954.20000
    549     319953.80000
    550     295469.90000
    551     266179.80000
    552     228165.40000
    553     219445.80000
    554     259966.80000
    555     276660.10000
    556     233956.20000
    557     193811.40000
    558     214486.30000
    559     280268.20000
    560     305997.80000
    561     261270.80000
    562     225287.60000
    563     219791.60000
    564     189319.10000
    565     157090.60000
    566     176626.40000
    567     214151.20000
    568     215227.20000
    569     199779.70000
    570     209858.80000
    571     224759.20000
    572     232282.30000
    573     254973.30000
    574     248199.90000
    575     204191.20000
    576     217639.60000
    577     278255.80000
    578     283215.20000
    579     236528.30000
    580     221656.80000
    581     258541.10000
    582     280168.10000
    583     246739.40000
    584     202175.20000
    585     180976.70000
    586     169134.60000
    587     178839.00000
    588     226516.10000
    589     245601.90000
    590     195263.00000
    591     164359.10000
    592     207177.90000
    593     253716.40000
    594     255417.40000
    595     225681.20000
    596     175385.70000
    597     145407.60000
    598     154630.30000
    599     149358.40000
    600     137958.00000
    601     160977.60000
    602     200614.20000
    603     245278.40000
    604     254529.50000
    605     207881.70000
    606     196745.50000
    607     258935.40000
    608     300709.90000
    609     259383.00000
    610     197421.10000
    611     192519.50000
    612     224449.80000
    613     241192.90000
    614     236933.30000
    615     232456.30000
    616     227066.60000
    617     206377.60000
    618     202434.70000
    619     242206.70000
    620     282599.70000
    621     287753.90000
    622     266182.50000
    623     224140.20000
    624     171922.60000
    625     147347.20000
    626     175950.20000
    627     219750.50000
    628     221740.50000
    629     187888.40000
    630     159310.00000
    631     160567.70000
    632     197365.30000
    633     232724.40000
    634     226593.00000
    635     204564.90000
    636     211310.40000
    637     233168.50000
    638     218655.70000
    639     190139.10000
    640     209786.40000
    641     237428.90000
    642     226832.40000
    643     209146.10000
    644     191075.60000
    645     183355.90000
