      1     414856.00000
      2     378067.10000
      3     320802.40000
      4     328797.00000
      5     381723.60000
      6     388834.70000
      7     384886.60000
      8     407143.40000
      9     407024.40000
     10     392922.80000
     11     393786.10000
     12     407163.20000
     13     423879.50000
     14     420180.90000
     15     402884.90000
     16     391622.50000
     17     384033.60000
     18     393973.10000
     19     419554.40000
     20     429630.30000
     21     433457.80000
     22     459029.80000
     23     484647.80000
     24     502049.90000
     25     529927.00000
     26     525330.30000
     27     477163.90000
     28     455995.70000
     29     475878.40000
     30     520078.10000
     31     584629.60000
     32     620049.60000
     33     592592.10000
     34     554288.20000
     35     570574.80000
     36     599787.90000
     37     589522.80000
     38     613817.40000
     39     684083.80000
     40     731035.30000
     41     777461.60000
     42     808260.10000
     43     804925.40000
     44     863813.10000
     45     955633.90000
     46     957327.40000
     47     942891.60000
     48    1037996.00000
     49    1176234.00000
     50    1266567.00000
     51    1344248.00000
     52    1425818.00000
     53    1473751.00000
     54    1478852.00000
     55    1448001.00000
     56    1403569.00000
     57    1365138.00000
     58    1324810.00000
     59    1244977.00000
     60    1104187.00000
     61     989650.40000
     62     953069.80000
     63     919051.10000
     64     903079.80000
     65     955475.10000
     66     997766.80000
     67     984783.10000
     68     984422.50000
     69    1063223.00000
     70    1206175.00000
     71    1338695.00000
     72    1424400.00000
     73    1465395.00000
     74    1465452.00000
     75    1437143.00000
     76    1364756.00000
     77    1257675.00000
     78    1210112.00000
     79    1248631.00000
     80    1286896.00000
     81    1296530.00000
     82    1306424.00000
     83    1303558.00000
     84    1310519.00000
     85    1404384.00000
     86    1578785.00000
     87    1773002.00000
     88    2025993.00000
     89    2422177.00000
     90    2955496.00000
     91    3593671.00000
     92    4450201.00000
     93    5749272.00000
     94    7400410.00000
     95    8716878.00000
     96    8988619.00000
     97    8205316.00000
     98    6924020.00000
     99    5724489.00000
    100    4868846.00000
    101    4263936.00000
    102    3780587.00000
    103    3456115.00000
    104    3286362.00000
    105    3111804.00000
    106    2797525.00000
    107    2394621.00000
    108    2042605.00000
    109    1769442.00000
    110    1551379.00000
    111    1444533.00000
    112    1505522.00000
    113    1667701.00000
    114    1726546.00000
    115    1582646.00000
    116    1410554.00000
    117    1338343.00000
    118    1310350.00000
    119    1313356.00000
    120    1347509.00000
    121    1390767.00000
    122    1474349.00000
    123    1592792.00000
    124    1713446.00000
    125    1883375.00000
    126    2166110.00000
    127    2510594.00000
    128    2790248.00000
    129    2981822.00000
    130    3164381.00000
    131    3421301.00000
    132    3896026.00000
    133    4683986.00000
    134    5573060.00000
    135    6140201.00000
    136    6083251.00000
    137    5404997.00000
    138    4403960.00000
    139    3452656.00000
    140    2745928.00000
    141    2275498.00000
    142    1951388.00000
    143    1713418.00000
    144    1540096.00000
    145    1409121.00000
    146    1307755.00000
    147    1229631.00000
    148    1170672.00000
    149    1135095.00000
    150    1102830.00000
    151    1038860.00000
    152     973094.40000
    153     989826.10000
    154    1075159.00000
    155    1134364.00000
    156    1178009.00000
    157    1254772.00000
    158    1294497.00000
    159    1209030.00000
    160    1046227.00000
    161     960537.40000
    162    1020245.00000
    163    1115008.00000
    164    1140530.00000
    165    1119046.00000
    166    1065577.00000
    167     968592.20000
    168     899841.80000
    169     909376.50000
    170     905019.90000
    171     829810.00000
    172     785602.80000
    173     823266.40000
    174     845830.00000
    175     826559.00000
    176     860587.60000
    177     952951.90000
    178     994437.90000
    179     989350.20000
    180    1048269.00000
    181    1143844.00000
    182    1183343.00000
    183    1220653.00000
    184    1334371.00000
    185    1478973.00000
    186    1590286.00000
    187    1710098.00000
    188    1975816.00000
    189    2444465.00000
    190    2917989.00000
    191    3260778.00000
    192    3662886.00000
    193    4230661.00000
    194    4968319.00000
    195    6178230.00000
    196    8528961.00000
    197    12634950.00000
    198    17262430.00000
    199    18979760.00000
    200    16250780.00000
    201    11645580.00000
    202    8053866.00000
    203    5983842.00000
    204    5004612.00000
    205    4758017.00000
    206    4855954.00000
    207    5146133.00000
    208    5698675.00000
    209    6490671.00000
    210    7509922.00000
    211    9018517.00000
    212    11129660.00000
    213    14637460.00000
    214    21436960.00000
    215    29721290.00000
    216    34163350.00000
    217    34446930.00000
    218    33472580.00000
    219    30318080.00000
    220    24497390.00000
    221    18731260.00000
    222    14459530.00000
    223    11391110.00000
    224    9321259.00000
    225    8053861.00000
    226    7293195.00000
    227    6653327.00000
    228    5888172.00000
    229    5115121.00000
    230    4553334.00000
    231    4245222.00000
    232    4067114.00000
    233    3909149.00000
    234    3754525.00000
    235    3671916.00000
    236    3746660.00000
    237    4002504.00000
    238    4421591.00000
    239    4974960.00000
    240    5723516.00000
    241    6858432.00000
    242    8478270.00000
    243    10222940.00000
    244    11283910.00000
    245    11195290.00000
    246    10314040.00000
    247    9128413.00000
    248    7775540.00000
    249    6439278.00000
    250    5389428.00000
    251    4589260.00000
    252    3863891.00000
    253    3249796.00000
    254    2827383.00000
    255    2522186.00000
    256    2248812.00000
    257    2009184.00000
    258    1825608.00000
    259    1691005.00000
    260    1566818.00000
    261    1441109.00000
    262    1354666.00000
    263    1307122.00000
    264    1245319.00000
    265    1181054.00000
    266    1166590.00000
    267    1161156.00000
    268    1103362.00000
    269    1023219.00000
    270     967058.80000
    271     956265.40000
    272     950723.30000
    273     878984.90000
    274     811108.30000
    275     834910.60000
    276     876649.90000
    277     868931.20000
    278     819345.60000
    279     761926.20000
    280     755190.40000
    281     769414.10000
    282     745708.80000
    283     742281.00000
    284     760871.60000
    285     722308.80000
    286     691767.70000
    287     743879.80000
    288     789409.00000
    289     772450.10000
    290     759481.60000
    291     785597.10000
    292     801045.10000
    293     778373.00000
    294     757638.90000
    295     761206.30000
    296     786771.90000
    297     832614.90000
    298     847876.10000
    299     808926.20000
    300     782219.90000
    301     794875.10000
    302     812319.10000
    303     827237.20000
    304     840845.90000
    305     849833.20000
    306     870308.10000
    307     898087.80000
    308     902331.20000
    309     914183.10000
    310     982711.30000
    311    1044050.00000
    312    1046077.00000
    313    1049057.00000
    314    1075362.00000
    315    1092511.00000
    316    1089946.00000
    317    1077938.00000
    318    1080213.00000
    319    1082995.00000
    320    1063789.00000
    321    1071230.00000
    322    1117006.00000
    323    1100669.00000
    324    1009445.00000
    325     968615.50000
    326     977884.10000
    327     955332.50000
    328     945911.70000
    329     953455.70000
    330     908537.90000
    331     852164.90000
    332     828473.60000
    333     816142.90000
    334     824085.70000
    335     842879.90000
    336     832544.10000
    337     804387.60000
    338     793999.70000
    339     778883.60000
    340     716479.40000
    341     662117.80000
    342     673103.90000
    343     685720.00000
    344     681524.20000
    345     696043.70000
    346     675379.90000
    347     605056.80000
    348     571051.20000
    349     618916.50000
    350     695945.70000
    351     707838.80000
    352     640961.10000
    353     580290.90000
    354     584830.20000
    355     623287.40000
    356     637142.80000
    357     615493.20000
    358     587222.00000
    359     588833.30000
    360     623887.80000
    361     649932.90000
    362     643901.30000
    363     614384.70000
    364     580852.50000
    365     568811.60000
    366     566553.80000
    367     556355.30000
    368     567565.90000
    369     609083.40000
    370     638970.90000
    371     629998.60000
    372     609151.60000
    373     638661.60000
    374     688890.40000
    375     635828.20000
    376     528105.70000
    377     518726.50000
    378     559393.60000
    379     570364.90000
    380     601540.50000
    381     650470.10000
    382     664731.40000
    383     648784.60000
    384     630137.40000
    385     604721.70000
    386     565799.40000
    387     566450.20000
    388     618865.40000
    389     635026.60000
    390     599850.10000
    391     579345.80000
    392     585486.20000
    393     595747.10000
    394     584162.90000
    395     565983.60000
    396     597383.20000
    397     633894.40000
    398     610368.50000
    399     587536.40000
    400     600593.70000
    401     616812.10000
    402     642906.90000
    403     667905.60000
    404     670112.10000
    405     666336.90000
    406     639884.50000
    407     597118.90000
    408     602008.70000
    409     624333.90000
    410     598090.90000
    411     564769.10000
    412     562538.20000
    413     578868.20000
    414     629851.80000
    415     694429.80000
    416     687804.40000
    417     611035.20000
    418     563021.90000
    419     582623.90000
    420     631968.90000
    421     656416.40000
    422     616070.60000
    423     573247.60000
    424     612769.90000
    425     670049.30000
    426     669210.80000
    427     659888.20000
    428     667157.60000
    429     667531.10000
    430     689547.60000
    431     736469.40000
    432     745101.80000
    433     702202.60000
    434     678673.50000
    435     712526.90000
    436     752905.00000
    437     770084.10000
    438     784986.20000
    439     786497.10000
    440     766881.10000
    441     767075.00000
    442     812544.10000
    443     872758.70000
    444     909095.00000
    445     917679.20000
    446     905774.80000
    447     894200.80000
    448     913470.90000
    449     935261.20000
    450     906303.80000
    451     861420.50000
    452     878136.20000
    453     933967.80000
    454     948561.90000
    455     932160.90000
    456     935302.90000
    457     942494.90000
    458     954519.80000
    459    1010284.00000
    460    1068618.00000
    461    1087054.00000
    462    1116134.00000
    463    1154865.00000
    464    1166055.00000
    465    1197918.00000
    466    1276080.00000
    467    1353979.00000
    468    1412961.00000
    469    1482688.00000
    470    1569405.00000
    471    1639069.00000
    472    1712819.00000
    473    1816842.00000
    474    1890946.00000
    475    1934576.00000
    476    2006305.00000
    477    2082771.00000
    478    2170243.00000
    479    2329434.00000
    480    2515482.00000
    481    2655709.00000
    482    2787299.00000
    483    2949576.00000
    484    3100503.00000
    485    3222619.00000
    486    3327166.00000
    487    3344098.00000
    488    3239702.00000
    489    3118592.00000
    490    3013396.00000
    491    2864257.00000
    492    2715003.00000
    493    2604484.00000
    494    2462211.00000
    495    2277210.00000
    496    2123108.00000
    497    2041769.00000
    498    2025671.00000
    499    2025089.00000
    500    1986572.00000
    501    1920574.00000
    502    1884058.00000
    503    1911870.00000
    504    1970289.00000
    505    2001493.00000
    506    2016712.00000
    507    2053416.00000
    508    2101541.00000
    509    2138289.00000
    510    2127410.00000
    511    2048227.00000
    512    1962114.00000
    513    1894104.00000
    514    1787978.00000
    515    1668054.00000
    516    1582601.00000
    517    1488088.00000
    518    1376631.00000
    519    1291591.00000
    520    1230669.00000
    521    1184116.00000
    522    1150062.00000
    523    1112194.00000
    524    1060558.00000
    525    1006552.00000
    526     984669.00000
    527     991026.30000
    528     965381.90000
    529     910940.90000
    530     899958.40000
    531     937636.90000
    532     956393.20000
    533     918105.70000
    534     861182.60000
    535     844755.20000
    536     864513.80000
    537     890528.10000
    538     905459.90000
    539     882354.90000
    540     857447.50000
    541     866071.60000
    542     845543.10000
    543     828181.50000
    544     897204.10000
    545     960870.10000
    546     947506.60000
    547     937834.50000
    548     982636.90000
    549    1021825.00000
    550     975116.20000
    551     927994.00000
    552    1026275.00000
    553    1158502.00000
    554    1154447.00000
    555    1081234.00000
    556    1036560.00000
    557    1006003.00000
    558     973013.10000
    559     932479.10000
    560     882851.50000
    561     847312.10000
    562     839859.90000
    563     856667.60000
    564     880197.60000
    565     876316.20000
    566     836833.50000
    567     782453.80000
    568     742458.80000
    569     746268.50000
    570     769073.00000
    571     760781.90000
    572     729359.30000
    573     707356.80000
    574     700729.00000
    575     704490.80000
    576     728405.80000
    577     777302.90000
    578     823204.90000
    579     832195.50000
    580     800879.20000
    581     778778.60000
    582     809421.40000
    583     860977.80000
    584     919209.80000
    585     994935.80000
    586    1024032.00000
    587     970044.40000
    588     886240.60000
    589     810954.40000
    590     767771.70000
    591     758783.90000
    592     726605.10000
    593     669867.90000
    594     653871.60000
    595     664520.00000
    596     670422.20000
    597     696155.70000
    598     704353.20000
    599     663785.60000
    600     653761.30000
    601     692102.70000
    602     705357.10000
    603     698377.60000
    604     713411.20000
    605     724759.60000
    606     704403.20000
    607     670996.10000
    608     647234.90000
    609     653265.90000
    610     675325.40000
    611     653317.70000
    612     605508.20000
    613     603538.50000
    614     624710.40000
    615     627459.70000
    616     626148.90000
    617     621834.60000
    618     603356.90000
    619     588244.60000
    620     598874.10000
    621     631597.20000
    622     686073.60000
    623     749110.60000
    624     767014.70000
    625     726073.70000
    626     650554.60000
    627     577936.20000
    628     598528.90000
    629     707646.90000
    630     744343.40000
    631     668799.90000
    632     631855.60000
    633     681723.00000
    634     702620.20000
    635     659473.10000
    636     643975.10000
    637     690773.10000
    638     728683.90000
    639     722175.90000
    640     721262.20000
    641     757293.60000
    642     800945.20000
    643     793683.50000
    644     735902.90000
    645     728096.50000
