      1     138759.30000
      2     171420.50000
      3     233188.40000
      4     242522.20000
      5     187434.80000
      6     154370.80000
      7     156078.00000
      8     132214.30000
      9     107371.10000
     10     139614.60000
     11     197655.80000
     12     207247.10000
     13     174753.40000
     14     192709.40000
     15     252358.30000
     16     240911.70000
     17     178479.20000
     18     160360.80000
     19     168640.40000
     20     171727.10000
     21     202162.40000
     22     240422.20000
     23     225485.40000
     24     184156.20000
     25     185576.30000
     26     233706.20000
     27     284459.00000
     28     298163.60000
     29     281350.80000
     30     271513.10000
     31     270893.70000
     32     249603.90000
     33     205033.00000
     34     182154.80000
     35     223903.50000
     36     307977.70000
     37     336044.80000
     38     258512.80000
     39     181928.80000
     40     184319.90000
     41     210456.10000
     42     245001.40000
     43     286719.70000
     44     286230.40000
     45     262980.20000
     46     261175.90000
     47     280473.30000
     48     304143.70000
     49     287317.20000
     50     243580.80000
     51     241857.60000
     52     257883.80000
     53     259527.50000
     54     277902.10000
     55     293299.10000
     56     289001.10000
     57     300981.20000
     58     322268.50000
     59     324226.10000
     60     332744.80000
     61     383767.90000
     62     437924.10000
     63     436818.10000
     64     408307.90000
     65     400157.20000
     66     422744.20000
     67     480540.00000
     68     544875.40000
     69     574802.90000
     70     571686.20000
     71     557318.10000
     72     550905.50000
     73     561713.90000
     74     604629.00000
     75     685489.20000
     76     760457.10000
     77     806875.20000
     78     852762.60000
     79     902649.10000
     80     957161.20000
     81    1027527.00000
     82    1114814.00000
     83    1237573.00000
     84    1391555.00000
     85    1547062.00000
     86    1762887.00000
     87    2129894.00000
     88    2633466.00000
     89    3277568.00000
     90    4186215.00000
     91    5414523.00000
     92    6805354.00000
     93    7955501.00000
     94    8319136.00000
     95    7679982.00000
     96    6416834.00000
     97    5077126.00000
     98    3966116.00000
     99    3186846.00000
    100    2748440.00000
    101    2587811.00000
    102    2590092.00000
    103    2610191.00000
    104    2500951.00000
    105    2197668.00000
    106    1825120.00000
    107    1566101.00000
    108    1422289.00000
    109    1313853.00000
    110    1247217.00000
    111    1241902.00000
    112    1282133.00000
    113    1341952.00000
    114    1370939.00000
    115    1309580.00000
    116    1182514.00000
    117    1095271.00000
    118    1082310.00000
    119    1102142.00000
    120    1133594.00000
    121    1166224.00000
    122    1215078.00000
    123    1310708.00000
    124    1443679.00000
    125    1634759.00000
    126    1934451.00000
    127    2313756.00000
    128    2766406.00000
    129    3339580.00000
    130    3976879.00000
    131    4767724.00000
    132    6368458.00000
    133    9508031.00000
    134    13306450.00000
    135    14894170.00000
    136    12628210.00000
    137    8471934.00000
    138    5203617.00000
    139    3408134.00000
    140    2418860.00000
    141    1825211.00000
    142    1455637.00000
    143    1210096.00000
    144    1071091.00000
    145    1019545.00000
    146    1004567.00000
    147     961794.10000
    148     891166.70000
    149     855211.60000
    150     836995.40000
    151     797410.60000
    152     776759.40000
    153     774586.90000
    154     748755.40000
    155     731864.80000
    156     778171.60000
    157     864687.70000
    158     901894.50000
    159     839384.40000
    160     752098.80000
    161     745855.90000
    162     805010.60000
    163     836005.40000
    164     815265.00000
    165     785453.50000
    166     740828.90000
    167     670314.80000
    168     617332.80000
    169     566807.20000
    170     504432.70000
    171     503660.10000
    172     562436.30000
    173     612738.10000
    174     635361.10000
    175     622383.20000
    176     601607.20000
    177     631525.50000
    178     681420.30000
    179     670246.20000
    180     625986.90000
    181     626802.40000
    182     655590.40000
    183     667113.20000
    184     677682.60000
    185     725073.90000
    186     797823.40000
    187     867207.60000
    188     977726.10000
    189    1168978.00000
    190    1354099.00000
    191    1404147.00000
    192    1304327.00000
    193    1152734.00000
    194    1056140.00000
    195    1067908.00000
    196    1166657.00000
    197    1288349.00000
    198    1353658.00000
    199    1349815.00000
    200    1411136.00000
    201    1607540.00000
    202    1797590.00000
    203    1900724.00000
    204    2060903.00000
    205    2355270.00000
    206    2679072.00000
    207    3018885.00000
    208    3434009.00000
    209    3944310.00000
    210    4600853.00000
    211    5513509.00000
    212    6783542.00000
    213    8961108.00000
    214    13789850.00000
    215    21134290.00000
    216    25691810.00000
    217    23281060.00000
    218    17796570.00000
    219    16658130.00000
    220    21797150.00000
    221    26608630.00000
    222    24147430.00000
    223    16677620.00000
    224    10491880.00000
    225    7173894.00000
    226    5426123.00000
    227    4433034.00000
    228    3784926.00000
    229    3353997.00000
    230    3130177.00000
    231    3052069.00000
    232    2964158.00000
    233    2818614.00000
    234    2770056.00000
    235    2907789.00000
    236    3289454.00000
    237    3991160.00000
    238    5164058.00000
    239    6744972.00000
    240    9249901.00000
    241    14666890.00000
    242    21421570.00000
    243    22647520.00000
    244    16577830.00000
    245    9578717.00000
    246    5889377.00000
    247    4456754.00000
    248    3727594.00000
    249    3204304.00000
    250    2794524.00000
    251    2461212.00000
    252    2134340.00000
    253    1826116.00000
    254    1565829.00000
    255    1372536.00000
    256    1236433.00000
    257    1136880.00000
    258    1067021.00000
    259    1004656.00000
    260     955976.80000
    261     930135.80000
    262     932562.60000
    263     934496.40000
    264     884216.60000
    265     832843.40000
    266     843338.90000
    267     888388.50000
    268     909793.90000
    269     874451.80000
    270     803269.60000
    271     740359.00000
    272     729106.40000
    273     754835.10000
    274     729215.00000
    275     641318.80000
    276     577610.00000
    277     563821.50000
    278     539651.20000
    279     502687.80000
    280     520857.70000
    281     571220.40000
    282     579925.80000
    283     562152.10000
    284     529930.30000
    285     479842.30000
    286     473501.80000
    287     488635.30000
    288     464085.20000
    289     476535.20000
    290     519025.70000
    291     479869.30000
    292     416900.10000
    293     409843.10000
    294     396717.20000
    295     360110.60000
    296     356001.20000
    297     382520.80000
    298     408293.40000
    299     419262.80000
    300     408534.10000
    301     409858.30000
    302     431709.40000
    303     411760.40000
    304     366647.80000
    305     377846.20000
    306     413863.20000
    307     404581.30000
    308     376118.50000
    309     356432.60000
    310     334711.40000
    311     333484.40000
    312     358288.30000
    313     377592.60000
    314     376356.60000
    315     358044.20000
    316     354578.60000
    317     371941.60000
    318     367689.20000
    319     357611.80000
    320     372772.70000
    321     375722.30000
    322     356948.00000
    323     358378.50000
    324     387058.80000
    325     411933.90000
    326     407871.20000
    327     386295.20000
    328     382493.90000
    329     403019.80000
    330     414639.80000
    331     392577.30000
    332     362455.40000
    333     360720.40000
    334     373825.20000
    335     364376.50000
    336     332811.90000
    337     318499.80000
    338     328594.20000
    339     343463.20000
    340     369673.80000
    341     377302.30000
    342     342289.80000
    343     335149.40000
    344     383924.50000
    345     419139.10000
    346     400977.50000
    347     353933.60000
    348     317899.40000
    349     306920.70000
    350     306356.30000
    351     315267.70000
    352     352626.10000
    353     383881.60000
    354     354287.10000
    355     318175.60000
    356     332518.00000
    357     341973.20000
    358     331556.40000
    359     343357.80000
    360     360262.10000
    361     358261.80000
    362     350126.40000
    363     356026.10000
    364     376349.50000
    365     372139.40000
    366     344210.60000
    367     344181.10000
    368     351705.60000
    369     322568.90000
    370     309175.90000
    371     351375.30000
    372     372592.10000
    373     350014.50000
    374     370443.40000
    375     403177.30000
    376     364144.80000
    377     317722.40000
    378     318455.20000
    379     339840.70000
    380     365475.50000
    381     352838.60000
    382     301673.30000
    383     274372.20000
    384     282627.30000
    385     333634.60000
    386     409571.70000
    387     411007.90000
    388     339744.60000
    389     302741.00000
    390     314039.80000
    391     335443.00000
    392     345566.10000
    393     332243.00000
    394     346432.20000
    395     408935.00000
    396     426110.20000
    397     363709.90000
    398     316178.70000
    399     334581.80000
    400     371270.80000
    401     384485.20000
    402     377610.80000
    403     373808.40000
    404     385421.20000
    405     400405.20000
    406     406590.20000
    407     396416.90000
    408     371433.30000
    409     347490.90000
    410     330446.00000
    411     332748.50000
    412     359730.60000
    413     363810.10000
    414     325164.20000
    415     304991.60000
    416     328774.70000
    417     347103.20000
    418     339529.30000
    419     329910.70000
    420     324233.00000
    421     321690.20000
    422     332476.00000
    423     335784.50000
    424     308023.30000
    425     290849.10000
    426     313653.50000
    427     341866.20000
    428     361248.80000
    429     369860.50000
    430     353658.10000
    431     341066.90000
    432     370607.60000
    433     417344.60000
    434     415426.00000
    435     357625.40000
    436     313311.40000
    437     312040.20000
    438     316941.90000
    439     319779.30000
    440     329682.60000
    441     325830.80000
    442     325017.80000
    443     352737.40000
    444     352464.40000
    445     306716.80000
    446     295673.20000
    447     345266.60000
    448     397538.90000
    449     400187.70000
    450     356014.80000
    451     320557.40000
    452     329535.10000
    453     343661.80000
    454     324812.60000
    455     327923.60000
    456     388154.80000
    457     417887.10000
    458     382759.50000
    459     359607.30000
    460     357033.20000
    461     348141.90000
    462     360676.10000
    463     368557.80000
    464     328719.90000
    465     311367.80000
    466     365786.70000
    467     403109.80000
    468     360925.70000
    469     308412.60000
    470     325760.80000
    471     389648.60000
    472     397923.20000
    473     333125.00000
    474     319288.20000
    475     380051.90000
    476     385059.40000
    477     332637.70000
    478     332399.00000
    479     362058.30000
    480     338368.80000
    481     297315.10000
    482     312970.10000
    483     354897.60000
    484     375679.10000
    485     393022.80000
    486     397458.10000
    487     370197.40000
    488     345766.80000
    489     347516.20000
    490     370008.00000
    491     390146.60000
    492     379571.20000
    493     358720.10000
    494     345058.50000
    495     310983.50000
    496     278390.80000
    497     296941.80000
    498     330400.40000
    499     318752.70000
    500     278993.40000
    501     254567.30000
    502     261883.30000
    503     298754.90000
    504     334528.20000
    505     334142.00000
    506     305923.20000
    507     287558.10000
    508     310411.50000
    509     367329.50000
    510     399750.40000
    511     370962.40000
    512     326354.60000
    513     318680.90000
    514     343761.90000
    515     375069.00000
    516     387147.20000
    517     369706.60000
    518     340286.20000
    519     326336.40000
    520     338415.80000
    521     340653.40000
    522     308586.10000
    523     291989.90000
    524     326814.80000
    525     382995.80000
    526     406630.50000
    527     374813.50000
    528     351032.20000
    529     381093.30000
    530     394696.10000
    531     356949.20000
    532     342296.10000
    533     379551.60000
    534     403048.40000
    535     384478.20000
    536     374309.80000
    537     393658.00000
    538     401190.40000
    539     377844.10000
    540     361990.10000
    541     386627.20000
    542     408072.20000
    543     369695.00000
    544     325045.10000
    545     344063.90000
    546     385623.20000
    547     402048.20000
    548     400843.70000
    549     393615.80000
    550     393993.20000
    551     397599.00000
    552     388023.90000
    553     364227.90000
    554     322555.30000
    555     287276.00000
    556     309829.40000
    557     373790.50000
    558     396675.30000
    559     371694.30000
    560     386132.00000
    561     436921.80000
    562     426674.80000
    563     376398.20000
    564     383520.20000
    565     425555.30000
    566     427679.40000
    567     399791.80000
    568     376373.50000
    569     353945.70000
    570     344654.20000
    571     377914.40000
    572     434064.20000
    573     468044.10000
    574     471724.00000
    575     450992.70000
    576     415447.50000
    577     407998.00000
    578     441318.40000
    579     457227.80000
    580     438946.70000
    581     427436.40000
    582     436629.30000
    583     494429.40000
    584     604061.30000
    585     676081.90000
    586     669848.20000
    587     620279.80000
    588     543855.90000
    589     477126.10000
    590     463822.20000
    591     479728.10000
    592     463319.60000
    593     407451.60000
    594     358134.90000
    595     343796.30000
    596     376314.00000
    597     422828.90000
    598     415714.90000
    599     378640.20000
    600     374286.70000
    601     383331.40000
    602     372657.60000
    603     354270.10000
    604     344735.80000
    605     342640.60000
    606     339211.50000
    607     354982.20000
    608     426133.30000
    609     485268.80000
    610     428376.20000
    611     335893.90000
    612     328780.80000
    613     350707.10000
    614     345356.50000
    615     362085.90000
    616     406735.20000
    617     426672.10000
    618     398692.10000
    619     337926.60000
    620     302413.70000
    621     341902.90000
    622     400705.40000
    623     416863.50000
    624     422731.50000
    625     434508.90000
    626     426393.80000
    627     392329.80000
    628     348616.70000
    629     333720.70000
    630     346138.00000
    631     350643.40000
    632     375940.80000
    633     434905.10000
    634     464756.40000
    635     444285.60000
    636     400508.80000
    637     351216.70000
    638     318325.40000
    639     319935.80000
    640     361208.70000
    641     419475.00000
    642     443094.60000
    643     419363.50000
    644     387210.60000
    645     369199.20000
