      1     370086.90000
      2     338753.40000
      3     326940.60000
      4     321845.20000
      5     330035.60000
      6     335711.60000
      7     312197.30000
      8     290504.30000
      9     290502.70000
     10     284993.40000
     11     280000.00000
     12     285740.20000
     13     277449.60000
     14     271205.10000
     15     293154.80000
     16     320296.30000
     17     354470.30000
     18     398947.70000
     19     399079.50000
     20     339382.60000
     21     280563.60000
     22     283240.30000
     23     337031.30000
     24     358046.70000
     25     317843.60000
     26     290750.60000
     27     307664.80000
     28     315406.90000
     29     308643.30000
     30     340971.40000
     31     398307.80000
     32     422890.80000
     33     407152.60000
     34     367902.40000
     35     337690.60000
     36     338429.60000
     37     340794.40000
     38     345197.50000
     39     360005.60000
     40     344592.90000
     41     326034.30000
     42     350821.50000
     43     357656.90000
     44     330390.60000
     45     343473.50000
     46     381069.40000
     47     378700.80000
     48     358853.10000
     49     351943.10000
     50     334040.20000
     51     321125.60000
     52     353196.00000
     53     368319.80000
     54     314554.10000
     55     285897.10000
     56     326314.80000
     57     355266.30000
     58     359774.20000
     59     375234.30000
     60     387996.90000
     61     385040.60000
     62     375786.40000
     63     376955.90000
     64     383135.20000
     65     367574.20000
     66     354898.00000
     67     384548.50000
     68     415714.60000
     69     389903.40000
     70     346297.40000
     71     364895.00000
     72     409946.80000
     73     395297.50000
     74     372749.40000
     75     423788.90000
     76     500368.00000
     77     538974.80000
     78     540733.10000
     79     530613.90000
     80     524050.00000
     81     502513.00000
     82     483050.90000
     83     499866.20000
     84     508773.10000
     85     494705.10000
     86     502741.50000
     87     529181.20000
     88     564984.50000
     89     613547.00000
     90     657515.60000
     91     693297.20000
     92     723816.50000
     93     758273.10000
     94     809778.40000
     95     852166.40000
     96     874950.90000
     97     917667.50000
     98     990331.60000
     99    1082195.00000
    100    1200494.00000
    101    1328403.00000
    102    1468743.00000
    103    1661854.00000
    104    1901271.00000
    105    2195178.00000
    106    2634597.00000
    107    3297575.00000
    108    4226642.00000
    109    5485458.00000
    110    7136407.00000
    111    9012225.00000
    112    10477130.00000
    113    10863320.00000
    114    10201480.00000
    115    9052480.00000
    116    7894910.00000
    117    6974984.00000
    118    6319520.00000
    119    5808494.00000
    120    5364230.00000
    121    4958323.00000
    122    4548473.00000
    123    4106404.00000
    124    3653937.00000
    125    3261410.00000
    126    2981416.00000
    127    2826989.00000
    128    2813276.00000
    129    2930334.00000
    130    3127059.00000
    131    3406542.00000
    132    3865496.00000
    133    4533766.00000
    134    5279966.00000
    135    5995797.00000
    136    6742785.00000
    137    7648034.00000
    138    8806906.00000
    139    10336480.00000
    140    12259450.00000
    141    14115700.00000
    142    15061860.00000
    143    14803040.00000
    144    14056000.00000
    145    13654270.00000
    146    13522440.00000
    147    12892870.00000
    148    11375960.00000
    149    9418760.00000
    150    7637626.00000
    151    6246106.00000
    152    5265314.00000
    153    4666936.00000
    154    4291746.00000
    155    4010907.00000
    156    3821951.00000
    157    3741986.00000
    158    3758963.00000
    159    3822084.00000
    160    3863671.00000
    161    3813702.00000
    162    3622596.00000
    163    3332928.00000
    164    2996554.00000
    165    2605633.00000
    166    2202464.00000
    167    1856076.00000
    168    1580538.00000
    169    1364160.00000
    170    1203386.00000
    171    1115816.00000
    172    1086636.00000
    173    1061693.00000
    174    1021317.00000
    175     975182.20000
    176     958525.20000
    177     984822.60000
    178     977542.50000
    179     916878.50000
    180     903378.90000
    181     965240.60000
    182    1038304.00000
    183    1089851.00000
    184    1114566.00000
    185    1142614.00000
    186    1216966.00000
    187    1305151.00000
    188    1373595.00000
    189    1468499.00000
    190    1626941.00000
    191    1823086.00000
    192    2034119.00000
    193    2281146.00000
    194    2579778.00000
    195    2978349.00000
    196    3606643.00000
    197    4550702.00000
    198    5888218.00000
    199    7866885.00000
    200    10652850.00000
    201    13708460.00000
    202    15646620.00000
    203    15275940.00000
    204    12874300.00000
    205    9854263.00000
    206    7336507.00000
    207    5599938.00000
    208    4478620.00000
    209    3729342.00000
    210    3184094.00000
    211    2803560.00000
    212    2624772.00000
    213    2634682.00000
    214    2735298.00000
    215    2820117.00000
    216    2826253.00000
    217    2807606.00000
    218    2940871.00000
    219    3358012.00000
    220    4005530.00000
    221    4782298.00000
    222    5800333.00000
    223    7373856.00000
    224    10037750.00000
    225    14137530.00000
    226    18296850.00000
    227    19632230.00000
    228    17111310.00000
    229    12951260.00000
    230    9681229.00000
    231    8058048.00000
    232    7969596.00000
    233    9381899.00000
    234    13397420.00000
    235    20994920.00000
    236    28119400.00000
    237    28473140.00000
    238    23114050.00000
    239    18689160.00000
    240    18050430.00000
    241    18974120.00000
    242    18282060.00000
    243    14915130.00000
    244    10520380.00000
    245    6997586.00000
    246    4748396.00000
    247    3411032.00000
    248    2619820.00000
    249    2131658.00000
    250    1833944.00000
    251    1666275.00000
    252    1576543.00000
    253    1544612.00000
    254    1531838.00000
    255    1444142.00000
    256    1301675.00000
    257    1233200.00000
    258    1227638.00000
    259    1196531.00000
    260    1174100.00000
    261    1184096.00000
    262    1152477.00000
    263    1083936.00000
    264    1039068.00000
    265    1013693.00000
    266    1014073.00000
    267    1052456.00000
    268    1088740.00000
    269    1100013.00000
    270    1111368.00000
    271    1146045.00000
    272    1188921.00000
    273    1222296.00000
    274    1282187.00000
    275    1395015.00000
    276    1511216.00000
    277    1609280.00000
    278    1745871.00000
    279    1946597.00000
    280    2190333.00000
    281    2472726.00000
    282    2813820.00000
    283    3256792.00000
    284    3822232.00000
    285    4438417.00000
    286    4966752.00000
    287    5278903.00000
    288    5292066.00000
    289    4994298.00000
    290    4467547.00000
    291    3853358.00000
    292    3268806.00000
    293    2753309.00000
    294    2322202.00000
    295    1998363.00000
    296    1744390.00000
    297    1507814.00000
    298    1311032.00000
    299    1191701.00000
    300    1117014.00000
    301    1028246.00000
    302     944400.60000
    303     903090.20000
    304     872820.50000
    305     835049.40000
    306     798905.00000
    307     772490.40000
    308     774925.50000
    309     776843.20000
    310     754099.10000
    311     747821.60000
    312     724990.60000
    313     641618.00000
    314     603730.30000
    315     646575.50000
    316     644960.40000
    317     592462.40000
    318     572978.70000
    319     571490.80000
    320     555111.50000
    321     543648.00000
    322     561156.80000
    323     591938.40000
    324     599237.00000
    325     585605.50000
    326     573939.60000
    327     574533.60000
    328     587776.90000
    329     599304.40000
    330     595367.60000
    331     580376.10000
    332     571006.40000
    333     568970.90000
    334     564194.40000
    335     566318.90000
    336     576573.50000
    337     575940.50000
    338     560895.60000
    339     534140.20000
    340     499482.10000
    341     480830.30000
    342     494369.30000
    343     520150.50000
    344     545112.50000
    345     585055.90000
    346     618675.20000
    347     596592.30000
    348     534307.20000
    349     480951.60000
    350     454435.70000
    351     452635.40000
    352     458036.60000
    353     480614.90000
    354     540822.40000
    355     577767.80000
    356     535067.60000
    357     463045.70000
    358     445294.80000
    359     507934.50000
    360     585700.10000
    361     597060.00000
    362     556958.80000
    363     530460.60000
    364     516779.30000
    365     479773.80000
    366     453131.70000
    367     477135.20000
    368     507967.40000
    369     516208.80000
    370     528352.90000
    371     555175.20000
    372     587997.10000
    373     587958.20000
    374     524615.40000
    375     457326.00000
    376     439939.50000
    377     444337.20000
    378     459242.20000
    379     501299.70000
    380     542866.50000
    381     548658.60000
    382     547871.10000
    383     572917.40000
    384     578567.70000
    385     547679.40000
    386     546689.10000
    387     581634.10000
    388     572893.00000
    389     502467.10000
    390     465381.50000
    391     512300.50000
    392     543884.70000
    393     498320.60000
    394     473398.70000
    395     518272.80000
    396     525755.80000
    397     462137.60000
    398     449842.60000
    399     513006.70000
    400     545151.60000
    401     527630.50000
    402     512986.20000
    403     511561.40000
    404     505877.40000
    405     499783.70000
    406     518628.60000
    407     533885.50000
    408     513524.20000
    409     517860.70000
    410     563168.50000
    411     579768.40000
    412     568255.60000
    413     580414.10000
    414     604677.40000
    415     588491.80000
    416     542204.10000
    417     532048.60000
    418     559218.00000
    419     578207.40000
    420     577178.20000
    421     560732.40000
    422     576884.60000
    423     687702.10000
    424     824007.60000
    425     852179.30000
    426     774566.20000
    427     675486.90000
    428     588460.80000
    429     525684.60000
    430     500860.90000
    431     514101.90000
    432     549314.60000
    433     588181.60000
    434     615939.60000
    435     595149.80000
    436     548119.10000
    437     544077.60000
    438     546023.10000
    439     529013.80000
    440     552721.10000
    441     591876.50000
    442     586699.10000
    443     564065.60000
    444     562174.70000
    445     569420.10000
    446     573413.90000
    447     575329.90000
    448     560298.50000
    449     542796.60000
    450     544995.60000
    451     531818.50000
    452     502665.60000
    453     510008.10000
    454     549694.80000
    455     570073.00000
    456     545917.80000
    457     516336.80000
    458     537712.40000
    459     570018.70000
    460     540092.00000
    461     497309.10000
    462     516254.60000
    463     550008.20000
    464     544586.40000
    465     544875.50000
    466     566953.80000
    467     554106.60000
    468     526758.00000
    469     554009.20000
    470     612456.80000
    471     636820.80000
    472     612243.10000
    473     577369.30000
    474     560248.90000
    475     546339.90000
    476     550798.90000
    477     592262.60000
    478     624106.20000
    479     625704.70000
    480     644668.80000
    481     678792.60000
    482     672516.40000
    483     649110.10000
    484     644523.40000
    485     623576.00000
    486     606455.10000
    487     617009.40000
    488     618465.80000
    489     645176.50000
    490     688420.20000
    491     667242.40000
    492     643903.70000
    493     664791.40000
    494     657478.20000
    495     652098.90000
    496     680991.40000
    497     680018.80000
    498     653948.80000
    499     630931.30000
    500     606442.90000
    501     608465.60000
    502     643642.60000
    503     678895.10000
    504     683698.10000
    505     644446.80000
    506     600052.60000
    507     594389.60000
    508     594190.00000
    509     563314.60000
    510     538085.90000
    511     554760.30000
    512     597379.60000
    513     623944.80000
    514     612417.00000
    515     594128.50000
    516     607138.60000
    517     628041.80000
    518     608708.80000
    519     569141.60000
    520     545745.60000
    521     520373.40000
    522     527183.00000
    523     592547.10000
    524     619299.20000
    525     594967.80000
    526     616664.90000
    527     657873.10000
    528     640537.10000
    529     597436.80000
    530     583885.80000
    531     582823.30000
    532     564216.70000
    533     548177.40000
    534     571682.10000
    535     621033.00000
    536     644165.40000
    537     628430.40000
    538     602697.80000
    539     594354.60000
    540     611682.30000
    541     637728.90000
    542     663867.60000
    543     675177.10000
    544     638850.60000
    545     598106.20000
    546     616422.20000
    547     648374.00000
    548     646988.20000
    549     645191.20000
    550     661052.10000
    551     670300.20000
    552     653682.20000
    553     640834.00000
    554     681971.80000
    555     745466.50000
    556     747561.80000
    557     681439.90000
    558     629512.90000
    559     649974.00000
    560     697143.50000
    561     709411.00000
    562     701240.30000
    563     706046.90000
    564     715021.00000
    565     715213.90000
    566     748147.60000
    567     842536.50000
    568     932174.40000
    569     968652.90000
    570     990494.10000
    571    1015835.00000
    572    1053156.00000
    573    1152310.00000
    574    1287462.00000
    575    1380211.00000
    576    1469641.00000
    577    1644996.00000
    578    1924600.00000
    579    2317202.00000
    580    2860195.00000
    581    3551760.00000
    582    4245790.00000
    583    4649546.00000
    584    4541868.00000
    585    3992154.00000
    586    3292074.00000
    587    2685126.00000
    588    2217526.00000
    589    1843418.00000
    590    1554939.00000
    591    1349009.00000
    592    1194717.00000
    593    1069096.00000
    594     953448.10000
    595     836921.90000
    596     742987.10000
    597     721399.70000
    598     768302.80000
    599     785638.40000
    600     737926.20000
    601     711077.40000
    602     737049.60000
    603     751601.50000
    604     712833.40000
    605     661560.30000
    606     655180.80000
    607     665658.80000
    608     644015.60000
    609     626244.80000
    610     630673.40000
    611     604937.90000
    612     565339.10000
    613     563968.70000
    614     591625.90000
    615     635230.10000
    616     652020.80000
    617     610802.30000
    618     580359.20000
    619     592217.50000
    620     617069.10000
    621     653323.00000
    622     678917.20000
    623     680207.30000
    624     683437.90000
    625     673950.50000
    626     632226.90000
    627     618802.80000
    628     672199.80000
    629     706561.90000
    630     660337.40000
    631     604018.40000
    632     590304.90000
    633     601807.60000
    634     627546.90000
    635     633349.10000
    636     598396.60000
    637     556161.20000
    638     531897.50000
    639     560143.90000
    640     622027.90000
    641     620137.80000
    642     570141.90000
    643     562014.60000
    644     584820.50000
    645     595692.10000
