      1     446997.90000
      2     440840.80000
      3     454872.90000
      4     442006.00000
      5     433396.10000
      6     417965.60000
      7     391374.80000
      8     414564.60000
      9     477257.20000
     10     514685.30000
     11     490947.30000
     12     411469.20000
     13     347795.80000
     14     364454.60000
     15     416735.80000
     16     429758.70000
     17     408000.20000
     18     391779.20000
     19     408569.40000
     20     456550.20000
     21     492765.00000
     22     503187.30000
     23     505836.70000
     24     497297.10000
     25     479475.60000
     26     464083.40000
     27     465826.40000
     28     487588.80000
     29     493688.40000
     30     477822.60000
     31     478591.20000
     32     504464.90000
     33     531556.80000
     34     518209.90000
     35     444982.60000
     36     386629.20000
     37     408842.90000
     38     458356.40000
     39     493751.00000
     40     529532.10000
     41     533262.50000
     42     498979.40000
     43     485694.60000
     44     490847.90000
     45     469995.40000
     46     443001.60000
     47     453595.80000
     48     495269.90000
     49     533785.90000
     50     539994.20000
     51     504475.00000
     52     472626.50000
     53     496471.20000
     54     558733.40000
     55     613018.10000
     56     632849.10000
     57     613208.60000
     58     567507.20000
     59     507574.20000
     60     463775.10000
     61     489517.20000
     62     554270.10000
     63     557863.20000
     64     520163.00000
     65     525095.80000
     66     550989.10000
     67     579931.50000
     68     631429.90000
     69     656458.50000
     70     629693.00000
     71     590434.60000
     72     565792.10000
     73     581917.10000
     74     634673.50000
     75     656760.90000
     76     616168.90000
     77     577275.50000
     78     603950.00000
     79     660065.20000
     80     680074.50000
     81     666699.50000
     82     646999.10000
     83     633884.10000
     84     640267.00000
     85     659396.50000
     86     690870.10000
     87     740615.00000
     88     763626.40000
     89     732650.60000
     90     702901.00000
     91     716351.90000
     92     756428.80000
     93     806371.80000
     94     864135.00000
     95     937090.20000
     96    1037936.00000
     97    1145326.00000
     98    1217503.00000
     99    1248314.00000
    100    1274388.00000
    101    1316497.00000
    102    1366217.00000
    103    1459591.00000
    104    1617694.00000
    105    1782658.00000
    106    1930990.00000
    107    2119359.00000
    108    2462699.00000
    109    3082562.00000
    110    4091288.00000
    111    5821858.00000
    112    9149217.00000
    113    14420120.00000
    114    18938890.00000
    115    18569850.00000
    116    13569480.00000
    117    8307556.00000
    118    5244153.00000
    119    3772046.00000
    120    3028344.00000
    121    2647039.00000
    122    2402974.00000
    123    2252238.00000
    124    2191371.00000
    125    2141718.00000
    126    2049276.00000
    127    1954986.00000
    128    1900312.00000
    129    1873116.00000
    130    1945390.00000
    131    2154232.00000
    132    2380024.00000
    133    2512445.00000
    134    2550539.00000
    135    2666430.00000
    136    2966578.00000
    137    3582802.00000
    138    4730238.00000
    139    7017341.00000
    140    13290280.00000
    141    24066770.00000
    142    30551250.00000
    143    25977470.00000
    144    19574000.00000
    145    22547970.00000
    146    29054030.00000
    147    26676260.00000
    148    16380600.00000
    149    7896901.00000
    150    4358192.00000
    151    3054586.00000
    152    2417734.00000
    153    2037667.00000
    154    1696130.00000
    155    1457264.00000
    156    1310903.00000
    157    1216350.00000
    158    1130066.00000
    159    1024833.00000
    160     926251.40000
    161     875271.60000
    162     898115.20000
    163     936191.60000
    164     929824.50000
    165     906001.00000
    166     918863.00000
    167     953548.90000
    168     955485.90000
    169     923181.30000
    170     883484.40000
    171     865526.60000
    172     888827.80000
    173     926730.70000
    174     935227.00000
    175     932338.80000
    176     935739.40000
    177     890091.80000
    178     833973.80000
    179     867075.10000
    180     949570.60000
    181    1009523.00000
    182    1044013.00000
    183    1064881.00000
    184    1079046.00000
    185    1097522.00000
    186    1149700.00000
    187    1232720.00000
    188    1297613.00000
    189    1353044.00000
    190    1453534.00000
    191    1593319.00000
    192    1757906.00000
    193    1980331.00000
    194    2268666.00000
    195    2651669.00000
    196    3199867.00000
    197    3929111.00000
    198    4970520.00000
    199    6725463.00000
    200    10056460.00000
    201    16051140.00000
    202    23111200.00000
    203    25806840.00000
    204    21388020.00000
    205    13975180.00000
    206    8501462.00000
    207    5735510.00000
    208    4415520.00000
    209    3649420.00000
    210    3093099.00000
    211    2682258.00000
    212    2463241.00000
    213    2466562.00000
    214    2580172.00000
    215    2669602.00000
    216    2689954.00000
    217    2611562.00000
    218    2546283.00000
    219    2717183.00000
    220    3144995.00000
    221    3695214.00000
    222    4224916.00000
    223    4783347.00000
    224    5672690.00000
    225    7288394.00000
    226    11186040.00000
    227    18538730.00000
    228    24887000.00000
    229    23679340.00000
    230    16476760.00000
    231    10227140.00000
    232    7543546.00000
    233    7214763.00000
    234    8326413.00000
    235    12050290.00000
    236    20639700.00000
    237    29804220.00000
    238    30285880.00000
    239    22628770.00000
    240    17374080.00000
    241    20070410.00000
    242    25087500.00000
    243    23785660.00000
    244    16026230.00000
    245    8629479.00000
    246    4799920.00000
    247    3162822.00000
    248    2419706.00000
    249    2018925.00000
    250    1756256.00000
    251    1601417.00000
    252    1514664.00000
    253    1484836.00000
    254    1459355.00000
    255    1414388.00000
    256    1342816.00000
    257    1263219.00000
    258    1247948.00000
    259    1309353.00000
    260    1383897.00000
    261    1416903.00000
    262    1398543.00000
    263    1317236.00000
    264    1221785.00000
    265    1178239.00000
    266    1143664.00000
    267    1134094.00000
    268    1219065.00000
    269    1336182.00000
    270    1423490.00000
    271    1495630.00000
    272    1524008.00000
    273    1520552.00000
    274    1582993.00000
    275    1724902.00000
    276    1882129.00000
    277    2013468.00000
    278    2130733.00000
    279    2301484.00000
    280    2531777.00000
    281    2779510.00000
    282    3102183.00000
    283    3605127.00000
    284    4322886.00000
    285    5264739.00000
    286    6519920.00000
    287    8104709.00000
    288    9695399.00000
    289    10767990.00000
    290    10938650.00000
    291    10104000.00000
    292    8541549.00000
    293    6814877.00000
    294    5338445.00000
    295    4201572.00000
    296    3362259.00000
    297    2755164.00000
    298    2309923.00000
    299    1985850.00000
    300    1765874.00000
    301    1610061.00000
    302    1463763.00000
    303    1319579.00000
    304    1211350.00000
    305    1169980.00000
    306    1161808.00000
    307    1101447.00000
    308     978006.40000
    309     880298.70000
    310     877365.00000
    311     917873.70000
    312     915177.20000
    313     875512.10000
    314     828988.50000
    315     779058.00000
    316     763507.50000
    317     801799.80000
    318     810726.00000
    319     742962.90000
    320     682464.80000
    321     683396.50000
    322     717273.60000
    323     720905.70000
    324     668920.30000
    325     653101.10000
    326     703383.60000
    327     735447.40000
    328     721682.10000
    329     688841.10000
    330     686938.90000
    331     727653.90000
    332     742155.10000
    333     710299.60000
    334     687890.80000
    335     699353.80000
    336     716579.00000
    337     728916.40000
    338     741066.10000
    339     728818.60000
    340     688269.60000
    341     648041.60000
    342     617472.10000
    343     604801.40000
    344     632107.90000
    345     676335.80000
    346     690960.00000
    347     691970.90000
    348     699479.50000
    349     680829.60000
    350     640715.90000
    351     631132.20000
    352     650688.80000
    353     655642.40000
    354     650736.10000
    355     670267.90000
    356     706462.10000
    357     715635.20000
    358     692209.00000
    359     675567.10000
    360     665564.10000
    361     649117.20000
    362     646299.00000
    363     648604.60000
    364     636744.00000
    365     627849.20000
    366     635277.60000
    367     652995.10000
    368     694057.70000
    369     732119.80000
    370     690176.80000
    371     627789.60000
    372     641414.80000
    373     650553.90000
    374     632765.60000
    375     669414.20000
    376     694177.60000
    377     648333.10000
    378     622091.80000
    379     644432.80000
    380     663768.90000
    381     673114.80000
    382     686956.90000
    383     691854.50000
    384     648212.50000
    385     589469.40000
    386     606022.80000
    387     662772.20000
    388     682186.70000
    389     689781.90000
    390     719550.40000
    391     749172.50000
    392     743335.50000
    393     722106.20000
    394     729252.90000
    395     745407.90000
    396     724192.00000
    397     669636.70000
    398     662366.50000
    399     742096.20000
    400     807435.70000
    401     790169.90000
    402     761566.60000
    403     764097.90000
    404     749987.20000
    405     716558.60000
    406     706316.30000
    407     718147.90000
    408     741757.60000
    409     772451.60000
    410     808594.70000
    411     848099.40000
    412     844174.70000
    413     790101.40000
    414     755197.40000
    415     766330.70000
    416     793248.10000
    417     790803.10000
    418     756372.50000
    419     769061.90000
    420     848095.30000
    421     895684.30000
    422     876390.80000
    423     884658.80000
    424     997336.80000
    425    1133327.00000
    426    1143984.00000
    427    1029311.00000
    428     909743.80000
    429     863166.10000
    430     882691.60000
    431     891412.00000
    432     858517.40000
    433     864651.90000
    434     910012.80000
    435     884663.00000
    436     814998.60000
    437     818418.60000
    438     874893.60000
    439     893006.40000
    440     861996.40000
    441     846596.10000
    442     882419.80000
    443     927793.80000
    444     929339.90000
    445     876542.60000
    446     857149.10000
    447     943016.40000
    448    1032749.00000
    449    1044282.00000
    450    1017698.00000
    451    1001951.00000
    452    1034731.00000
    453    1093694.00000
    454    1150367.00000
    455    1220315.00000
    456    1253242.00000
    457    1219433.00000
    458    1211492.00000
    459    1267458.00000
    460    1317836.00000
    461    1350783.00000
    462    1373958.00000
    463    1357766.00000
    464    1356899.00000
    465    1417608.00000
    466    1488548.00000
    467    1557828.00000
    468    1641626.00000
    469    1726660.00000
    470    1818224.00000
    471    1917418.00000
    472    1998813.00000
    473    2078834.00000
    474    2208040.00000
    475    2366696.00000
    476    2508074.00000
    477    2666277.00000
    478    2887376.00000
    479    3156787.00000
    480    3461004.00000
    481    3808523.00000
    482    4212836.00000
    483    4719428.00000
    484    5341330.00000
    485    5990626.00000
    486    6571260.00000
    487    7050568.00000
    488    7398476.00000
    489    7507991.00000
    490    7253641.00000
    491    6644754.00000
    492    5837210.00000
    493    5002987.00000
    494    4243681.00000
    495    3603532.00000
    496    3079276.00000
    497    2645979.00000
    498    2312188.00000
    499    2082699.00000
    500    1924088.00000
    501    1778899.00000
    502    1609988.00000
    503    1461936.00000
    504    1365756.00000
    505    1290703.00000
    506    1233232.00000
    507    1186254.00000
    508    1134330.00000
    509    1102928.00000
    510    1086771.00000
    511    1042185.00000
    512     996852.90000
    513    1013361.00000
    514    1060354.00000
    515    1062688.00000
    516    1014269.00000
    517     956390.30000
    518     913372.10000
    519     900920.40000
    520     915058.60000
    521     899357.90000
    522     853358.60000
    523     849901.90000
    524     881665.10000
    525     894683.70000
    526     899218.00000
    527     915717.30000
    528     901404.50000
    529     834742.00000
    530     797323.90000
    531     824016.20000
    532     832659.00000
    533     810281.40000
    534     836497.70000
    535     891274.90000
    536     899501.10000
    537     884853.80000
    538     848033.80000
    539     774965.30000
    540     762753.50000
    541     809210.40000
    542     786970.70000
    543     725791.10000
    544     753928.90000
    545     844457.60000
    546     870500.00000
    547     815522.90000
    548     764958.30000
    549     776479.40000
    550     822003.00000
    551     835668.90000
    552     822780.80000
    553     824824.20000
    554     832747.50000
    555     824734.10000
    556     817325.00000
    557     861521.50000
    558     949203.70000
    559     992749.10000
    560     987297.20000
    561    1008755.00000
    562    1050552.00000
    563    1091364.00000
    564    1164648.00000
    565    1216869.00000
    566    1203759.00000
    567    1225241.00000
    568    1290620.00000
    569    1323943.00000
    570    1404387.00000
    571    1583470.00000
    572    1744229.00000
    573    1857924.00000
    574    2022529.00000
    575    2296596.00000
    576    2744186.00000
    577    3481611.00000
    578    4820637.00000
    579    7313756.00000
    580    10504220.00000
    581    12096000.00000
    582    10563990.00000
    583    7449337.00000
    584    4972943.00000
    585    3517396.00000
    586    2589856.00000
    587    1970126.00000
    588    1583112.00000
    589    1357831.00000
    590    1217522.00000
    591    1109117.00000
    592    1018092.00000
    593     928759.50000
    594     849450.90000
    595     808411.10000
    596     799349.90000
    597     790979.10000
    598     770994.60000
    599     738476.20000
    600     712874.20000
    601     727811.20000
    602     757432.80000
    603     757063.20000
    604     753535.50000
    605     765078.20000
    606     747725.50000
    607     714739.60000
    608     722601.50000
    609     750282.10000
    610     763930.10000
    611     779332.00000
    612     806590.50000
    613     814379.00000
    614     781061.00000
    615     746753.80000
    616     717727.80000
    617     674197.40000
    618     669439.20000
    619     719030.50000
    620     743964.10000
    621     699788.20000
    622     657358.20000
    623     698994.40000
    624     776773.80000
    625     797584.20000
    626     760567.80000
    627     725925.60000
    628     720899.90000
    629     721397.60000
    630     708842.90000
    631     695301.60000
    632     690871.80000
    633     672331.40000
    634     653602.60000
    635     682391.10000
    636     705470.20000
    637     688206.00000
    638     716777.60000
    639     781590.00000
    640     779184.80000
    641     732898.80000
    642     718623.80000
    643     710088.70000
    644     683938.30000
    645     665442.20000
