      1     371489.20000
      2     313617.20000
      3     284274.20000
      4     322277.20000
      5     382788.80000
      6     420102.10000
      7     432012.80000
      8     402349.10000
      9     367224.80000
     10     394220.30000
     11     455840.20000
     12     484145.80000
     13     462875.00000
     14     423487.30000
     15     395517.40000
     16     389637.20000
     17     408594.80000
     18     427638.30000
     19     433109.60000
     20     445407.30000
     21     449231.80000
     22     415015.40000
     23     390459.20000
     24     422568.40000
     25     433903.10000
     26     390060.20000
     27     405066.80000
     28     476180.10000
     29     472623.50000
     30     427376.00000
     31     441147.10000
     32     459642.20000
     33     434489.50000
     34     416321.10000
     35     409891.80000
     36     413988.00000
     37     445514.20000
     38     461637.40000
     39     449494.80000
     40     431128.00000
     41     413532.40000
     42     429440.40000
     43     451574.50000
     44     422906.80000
     45     390708.40000
     46     403001.10000
     47     433818.50000
     48     462020.10000
     49     476279.80000
     50     453813.20000
     51     422615.80000
     52     453119.60000
     53     509384.10000
     54     506303.10000
     55     485959.50000
     56     508716.20000
     57     542517.20000
     58     547760.90000
     59     530065.20000
     60     521961.10000
     61     526149.50000
     62     516973.20000
     63     489048.10000
     64     466143.80000
     65     482608.90000
     66     513084.00000
     67     514310.90000
     68     531126.10000
     69     571702.80000
     70     572209.60000
     71     569514.50000
     72     601988.20000
     73     590877.20000
     74     544371.00000
     75     553816.40000
     76     601628.50000
     77     625592.90000
     78     608943.00000
     79     589609.90000
     80     621875.20000
     81     667570.50000
     82     668329.00000
     83     642036.40000
     84     633405.50000
     85     679801.50000
     86     738926.40000
     87     726861.20000
     88     679773.80000
     89     675224.40000
     90     711780.20000
     91     776895.20000
     92     850796.20000
     93     899705.20000
     94     949042.50000
     95    1006632.00000
     96    1022784.00000
     97    1038340.00000
     98    1118850.00000
     99    1207004.00000
    100    1271796.00000
    101    1345094.00000
    102    1411782.00000
    103    1501512.00000
    104    1658959.00000
    105    1855082.00000
    106    2093728.00000
    107    2417635.00000
    108    2886362.00000
    109    3582164.00000
    110    4663219.00000
    111    6541496.00000
    112    9956723.00000
    113    15322230.00000
    114    20713040.00000
    115    21995880.00000
    116    17830830.00000
    117    11798240.00000
    118    7461018.00000
    119    5187505.00000
    120    4065315.00000
    121    3472420.00000
    122    3100723.00000
    123    2830227.00000
    124    2581770.00000
    125    2354276.00000
    126    2205962.00000
    127    2162025.00000
    128    2188092.00000
    129    2165438.00000
    130    2128998.00000
    131    2282706.00000
    132    2606619.00000
    133    2862722.00000
    134    3020282.00000
    135    3284727.00000
    136    3808507.00000
    137    4822638.00000
    138    6605952.00000
    139    10554760.00000
    140    19111080.00000
    141    28897790.00000
    142    30670560.00000
    143    23629790.00000
    144    17659240.00000
    145    19293230.00000
    146    25565800.00000
    147    28308380.00000
    148    23053260.00000
    149    14392700.00000
    150    8353174.00000
    151    5419378.00000
    152    3917273.00000
    153    3050860.00000
    154    2510280.00000
    155    2172844.00000
    156    1939870.00000
    157    1756829.00000
    158    1581537.00000
    159    1377458.00000
    160    1239928.00000
    161    1214108.00000
    162    1198511.00000
    163    1149246.00000
    164    1113540.00000
    165    1108249.00000
    166    1125670.00000
    167    1142664.00000
    168    1125482.00000
    169    1108276.00000
    170    1126995.00000
    171    1114770.00000
    172    1046218.00000
    173     995736.90000
    174     956911.90000
    175     899879.80000
    176     885515.40000
    177     924111.80000
    178     969388.90000
    179    1010280.00000
    180    1037549.00000
    181    1044145.00000
    182    1045630.00000
    183    1067301.00000
    184    1126599.00000
    185    1214527.00000
    186    1291518.00000
    187    1327128.00000
    188    1363193.00000
    189    1451854.00000
    190    1571337.00000
    191    1721623.00000
    192    1937668.00000
    193    2219538.00000
    194    2595963.00000
    195    3092153.00000
    196    3709623.00000
    197    4576054.00000
    198    5934820.00000
    199    8174322.00000
    200    12288180.00000
    201    19129220.00000
    202    26194760.00000
    203    27873980.00000
    204    22471020.00000
    205    14761930.00000
    206    9297200.00000
    207    6432301.00000
    208    4930307.00000
    209    4014010.00000
    210    3338740.00000
    211    2874120.00000
    212    2696156.00000
    213    2747236.00000
    214    2877744.00000
    215    2949116.00000
    216    2903512.00000
    217    2807929.00000
    218    2831497.00000
    219    3128063.00000
    220    3657015.00000
    221    4247278.00000
    222    4821312.00000
    223    5587182.00000
    224    6869081.00000
    225    9235800.00000
    226    14476640.00000
    227    22776260.00000
    228    28256670.00000
    229    25189130.00000
    230    17101800.00000
    231    11024600.00000
    232    8611544.00000
    233    8449890.00000
    234    9873392.00000
    235    14621620.00000
    236    24916540.00000
    237    34787860.00000
    238    34141160.00000
    239    25306200.00000
    240    20376090.00000
    241    23911870.00000
    242    28494920.00000
    243    25631850.00000
    244    16759250.00000
    245    9121810.00000
    246    5251998.00000
    247    3504599.00000
    248    2648301.00000
    249    2178221.00000
    250    1911117.00000
    251    1764619.00000
    252    1685541.00000
    253    1693570.00000
    254    1696226.00000
    255    1613464.00000
    256    1505038.00000
    257    1466919.00000
    258    1479779.00000
    259    1450642.00000
    260    1361302.00000
    261    1282267.00000
    262    1302540.00000
    263    1375976.00000
    264    1364112.00000
    265    1256112.00000
    266    1175519.00000
    267    1188097.00000
    268    1241497.00000
    269    1315933.00000
    270    1417592.00000
    271    1504872.00000
    272    1549623.00000
    273    1559406.00000
    274    1586165.00000
    275    1694240.00000
    276    1867491.00000
    277    2030119.00000
    278    2185166.00000
    279    2399061.00000
    280    2661843.00000
    281    2962302.00000
    282    3352813.00000
    283    3881151.00000
    284    4610669.00000
    285    5580725.00000
    286    6753890.00000
    287    8060377.00000
    288    9322766.00000
    289    10162070.00000
    290    10221090.00000
    291    9464248.00000
    292    8154728.00000
    293    6681613.00000
    294    5356438.00000
    295    4283874.00000
    296    3467181.00000
    297    2870255.00000
    298    2416084.00000
    299    2069157.00000
    300    1822930.00000
    301    1656552.00000
    302    1530490.00000
    303    1382283.00000
    304    1222670.00000
    305    1139214.00000
    306    1122971.00000
    307    1097947.00000
    308    1047205.00000
    309     976270.60000
    310     909628.30000
    311     878892.80000
    312     858358.60000
    313     812921.20000
    314     766821.90000
    315     768589.10000
    316     790960.10000
    317     767543.60000
    318     727757.80000
    319     728488.30000
    320     731666.30000
    321     687911.90000
    322     618409.50000
    323     572022.10000
    324     593984.00000
    325     664799.50000
    326     708834.20000
    327     729109.80000
    328     739397.40000
    329     709422.60000
    330     665682.40000
    331     618095.50000
    332     576069.20000
    333     598048.30000
    334     634124.10000
    335     613487.20000
    336     598348.00000
    337     619976.20000
    338     618981.70000
    339     597322.90000
    340     610816.60000
    341     647010.90000
    342     645309.90000
    343     611618.80000
    344     606063.80000
    345     624905.10000
    346     628307.50000
    347     626504.10000
    348     637349.10000
    349     652109.40000
    350     662391.10000
    351     680739.20000
    352     697687.90000
    353     674722.80000
    354     645131.10000
    355     655238.50000
    356     669179.90000
    357     663614.10000
    358     660403.20000
    359     670002.80000
    360     675659.60000
    361     657917.10000
    362     642285.20000
    363     672377.10000
    364     715594.00000
    365     694442.90000
    366     626023.40000
    367     578310.90000
    368     566223.10000
    369     593884.30000
    370     645785.50000
    371     670137.20000
    372     645090.00000
    373     613090.70000
    374     625884.70000
    375     649450.80000
    376     627875.90000
    377     592256.90000
    378     592621.50000
    379     610862.70000
    380     604435.90000
    381     593203.50000
    382     608519.90000
    383     627631.40000
    384     644209.90000
    385     664521.60000
    386     673977.20000
    387     684193.10000
    388     704648.50000
    389     709079.80000
    390     687320.80000
    391     668294.30000
    392     681747.10000
    393     697766.40000
    394     667099.10000
    395     637033.10000
    396     660597.10000
    397     693301.10000
    398     716996.00000
    399     730188.90000
    400     702610.20000
    401     691956.90000
    402     731138.00000
    403     730269.40000
    404     693955.00000
    405     696253.90000
    406     704985.60000
    407     708875.90000
    408     733265.70000
    409     742177.30000
    410     741276.50000
    411     739379.10000
    412     697090.30000
    413     652186.60000
    414     652500.90000
    415     680606.60000
    416     721756.70000
    417     742415.70000
    418     721047.10000
    419     705267.20000
    420     720697.60000
    421     742829.80000
    422     766554.70000
    423     812900.20000
    424     904687.80000
    425     999186.60000
    426    1000137.00000
    427     909486.50000
    428     809981.10000
    429     748528.80000
    430     738256.60000
    431     771793.10000
    432     815024.80000
    433     813522.20000
    434     783341.20000
    435     807469.20000
    436     828851.60000
    437     744116.00000
    438     668024.60000
    439     726811.50000
    440     808380.90000
    441     803691.40000
    442     782106.40000
    443     799730.50000
    444     824007.30000
    445     836519.60000
    446     860708.80000
    447     894544.90000
    448     891462.80000
    449     881915.90000
    450     931833.10000
    451     967081.70000
    452     912427.90000
    453     880826.60000
    454     967934.40000
    455    1058301.00000
    456    1061808.00000
    457    1052768.00000
    458    1058798.00000
    459    1049838.00000
    460    1073760.00000
    461    1170663.00000
    462    1262601.00000
    463    1284114.00000
    464    1313279.00000
    465    1383278.00000
    466    1419579.00000
    467    1461622.00000
    468    1563043.00000
    469    1631004.00000
    470    1664962.00000
    471    1774262.00000
    472    1909280.00000
    473    1995963.00000
    474    2084394.00000
    475    2184088.00000
    476    2296051.00000
    477    2440645.00000
    478    2593243.00000
    479    2761113.00000
    480    2937007.00000
    481    3101424.00000
    482    3315081.00000
    483    3609201.00000
    484    3920455.00000
    485    4175500.00000
    486    4377678.00000
    487    4568830.00000
    488    4716966.00000
    489    4770970.00000
    490    4710778.00000
    491    4523580.00000
    492    4254940.00000
    493    3959112.00000
    494    3650943.00000
    495    3354994.00000
    496    3060803.00000
    497    2760216.00000
    498    2503356.00000
    499    2291717.00000
    500    2107619.00000
    501    1980925.00000
    502    1908368.00000
    503    1844898.00000
    504    1749785.00000
    505    1623788.00000
    506    1492639.00000
    507    1371419.00000
    508    1302119.00000
    509    1276702.00000
    510    1206977.00000
    511    1100340.00000
    512    1049686.00000
    513    1075372.00000
    514    1118438.00000
    515    1117264.00000
    516    1063319.00000
    517     991411.40000
    518     939466.10000
    519     935081.70000
    520     971366.50000
    521    1008972.00000
    522    1019877.00000
    523     994612.80000
    524     936959.30000
    525     889420.20000
    526     907341.50000
    527     950538.60000
    528     944435.10000
    529     947110.40000
    530     986547.40000
    531     970736.00000
    532     934224.70000
    533     953578.10000
    534     956466.40000
    535     891251.10000
    536     817785.60000
    537     799104.70000
    538     835309.40000
    539     873309.40000
    540     858549.90000
    541     814579.40000
    542     824171.60000
    543     873782.50000
    544     881876.60000
    545     859856.10000
    546     875298.40000
    547     920554.30000
    548     918551.60000
    549     874128.30000
    550     873252.20000
    551     926209.40000
    552     970049.00000
    553     974369.40000
    554     988613.60000
    555    1036899.00000
    556    1052493.00000
    557    1031168.00000
    558    1033887.00000
    559    1067632.00000
    560    1127412.00000
    561    1194073.00000
    562    1207166.00000
    563    1192493.00000
    564    1250580.00000
    565    1333837.00000
    566    1329895.00000
    567    1308099.00000
    568    1359089.00000
    569    1449830.00000
    570    1588411.00000
    571    1790228.00000
    572    1990472.00000
    573    2191060.00000
    574    2436346.00000
    575    2746611.00000
    576    3249098.00000
    577    4096622.00000
    578    5413603.00000
    579    7341334.00000
    580    9442323.00000
    581    10425820.00000
    582    9504570.00000
    583    7447521.00000
    584    5475976.00000
    585    4027924.00000
    586    3028380.00000
    587    2380576.00000
    588    1974901.00000
    589    1682580.00000
    590    1442867.00000
    591    1273768.00000
    592    1154664.00000
    593    1049389.00000
    594     985922.20000
    595     955793.40000
    596     913796.90000
    597     868003.20000
    598     843639.60000
    599     832798.60000
    600     811433.90000
    601     793965.90000
    602     826416.50000
    603     878745.40000
    604     868394.90000
    605     818442.40000
    606     801954.10000
    607     811404.20000
    608     819936.50000
    609     821216.60000
    610     819279.40000
    611     826628.20000
    612     824500.00000
    613     801883.20000
    614     801024.50000
    615     832475.80000
    616     834349.00000
    617     785728.30000
    618     736702.40000
    619     714843.60000
    620     723147.90000
    621     766769.20000
    622     837750.30000
    623     884938.90000
    624     852720.60000
    625     806009.20000
    626     827844.40000
    627     854180.30000
    628     825789.10000
    629     789344.10000
    630     767178.80000
    631     750900.30000
    632     768043.70000
    633     806628.10000
    634     810285.60000
    635     792849.40000
    636     807757.20000
    637     836511.60000
    638     832590.90000
    639     814982.20000
    640     796022.70000
    641     769561.40000
    642     788442.10000
    643     841036.20000
    644     853133.50000
    645     835975.80000
