      1     241245.00000
      2     240829.20000
      3     230718.80000
      4     213102.80000
      5     198423.90000
      6     208878.20000
      7     215844.60000
      8     225122.40000
      9     254136.20000
     10     242933.60000
     11     179288.40000
     12     153283.40000
     13     175629.20000
     14     179593.40000
     15     175995.40000
     16     179524.50000
     17     165994.20000
     18     156849.50000
     19     153477.40000
     20     161757.10000
     21     228934.60000
     22     284845.70000
     23     252129.60000
     24     212388.60000
     25     209568.00000
     26     190481.20000
     27     148297.00000
     28     122459.40000
     29     138829.10000
     30     181341.20000
     31     215280.40000
     32     230415.10000
     33     239933.10000
     34     251744.80000
     35     246832.70000
     36     235695.60000
     37     259742.40000
     38     277700.10000
     39     232514.50000
     40     189290.80000
     41     201622.40000
     42     205486.40000
     43     191095.50000
     44     240457.10000
     45     325031.00000
     46     331544.40000
     47     279889.20000
     48     265293.20000
     49     283699.80000
     50     297486.60000
     51     310344.40000
     52     321665.00000
     53     317264.40000
     54     277831.80000
     55     221249.30000
     56     215434.10000
     57     271953.00000
     58     326549.20000
     59     337785.70000
     60     320236.10000
     61     304084.50000
     62     296194.80000
     63     285403.10000
     64     274690.20000
     65     277286.80000
     66     286324.10000
     67     292295.10000
     68     308602.60000
     69     326153.20000
     70     315650.10000
     71     300084.00000
     72     319653.90000
     73     361322.50000
     74     403221.80000
     75     427954.80000
     76     405395.90000
     77     361881.60000
     78     352811.20000
     79     370997.50000
     80     392466.00000
     81     408611.20000
     82     400086.40000
     83     372137.40000
     84     376030.10000
     85     419532.80000
     86     432845.80000
     87     415909.80000
     88     434376.10000
     89     462824.20000
     90     466765.80000
     91     486503.40000
     92     529147.90000
     93     555651.40000
     94     572116.90000
     95     627411.80000
     96     707658.50000
     97     739711.00000
     98     720629.80000
     99     705772.50000
    100     723104.10000
    101     776121.40000
    102     840206.90000
    103     891570.00000
    104     965521.50000
    105    1065921.00000
    106    1119971.00000
    107    1137186.00000
    108    1209734.00000
    109    1354869.00000
    110    1527688.00000
    111    1673119.00000
    112    1786916.00000
    113    1970168.00000
    114    2258491.00000
    115    2571268.00000
    116    2897292.00000
    117    3259554.00000
    118    3638452.00000
    119    4045764.00000
    120    4502271.00000
    121    4981240.00000
    122    5418478.00000
    123    5760232.00000
    124    6017862.00000
    125    6248950.00000
    126    6538964.00000
    127    7017886.00000
    128    7835198.00000
    129    9079725.00000
    130    10657430.00000
    131    12125400.00000
    132    12734180.00000
    133    12002460.00000
    134    10208870.00000
    135    8076424.00000
    136    6205486.00000
    137    4829732.00000
    138    3889428.00000
    139    3268745.00000
    140    2844348.00000
    141    2500399.00000
    142    2247405.00000
    143    2094419.00000
    144    1979433.00000
    145    1911482.00000
    146    1900906.00000
    147    1915308.00000
    148    1968528.00000
    149    2047481.00000
    150    2117561.00000
    151    2218361.00000
    152    2391264.00000
    153    2634390.00000
    154    2966180.00000
    155    3427942.00000
    156    4028082.00000
    157    4765658.00000
    158    5666858.00000
    159    6658010.00000
    160    7519558.00000
    161    8035924.00000
    162    8023612.00000
    163    7391930.00000
    164    6343534.00000
    165    5237052.00000
    166    4264694.00000
    167    3487026.00000
    168    2936057.00000
    169    2532177.00000
    170    2158020.00000
    171    1819291.00000
    172    1579476.00000
    173    1423304.00000
    174    1301096.00000
    175    1212867.00000
    176    1140972.00000
    177    1046631.00000
    178     971152.20000
    179     948602.90000
    180     922335.30000
    181     882134.90000
    182     863038.60000
    183     821811.10000
    184     752351.90000
    185     740391.60000
    186     792399.20000
    187     844481.40000
    188     862705.10000
    189     847416.40000
    190     828270.00000
    191     799890.40000
    192     772413.90000
    193     834437.60000
    194     950483.60000
    195     975953.60000
    196     917588.80000
    197     871405.80000
    198     874872.40000
    199     920565.10000
    200     962987.10000
    201     990896.70000
    202    1047679.00000
    203    1128252.00000
    204    1191786.00000
    205    1241081.00000
    206    1313892.00000
    207    1416151.00000
    208    1524394.00000
    209    1654949.00000
    210    1819689.00000
    211    1987784.00000
    212    2162093.00000
    213    2357756.00000
    214    2578905.00000
    215    2913503.00000
    216    3455807.00000
    217    4293336.00000
    218    5613748.00000
    219    7936906.00000
    220    12855860.00000
    221    20724060.00000
    222    26336750.00000
    223    23913540.00000
    224    16028840.00000
    225    9369795.00000
    226    6040977.00000
    227    4674845.00000
    228    4190254.00000
    229    4098753.00000
    230    4205832.00000
    231    4505158.00000
    232    4977104.00000
    233    5710318.00000
    234    6972256.00000
    235    9696436.00000
    236    16043610.00000
    237    25004670.00000
    238    28931660.00000
    239    23236610.00000
    240    13849010.00000
    241    7579352.00000
    242    4718525.00000
    243    3394156.00000
    244    2733946.00000
    245    2343040.00000
    246    2061057.00000
    247    1833218.00000
    248    1670966.00000
    249    1568070.00000
    250    1442979.00000
    251    1293506.00000
    252    1188103.00000
    253    1130579.00000
    254    1047711.00000
    255     917287.20000
    256     812119.50000
    257     776293.00000
    258     782958.90000
    259     808891.20000
    260     819376.10000
    261     758522.90000
    262     664393.20000
    263     629308.90000
    264     644679.10000
    265     642098.50000
    266     611858.60000
    267     577998.20000
    268     534949.10000
    269     510882.40000
    270     538176.20000
    271     544563.40000
    272     501976.20000
    273     483285.60000
    274     472238.40000
    275     431182.80000
    276     420272.40000
    277     445976.10000
    278     444060.70000
    279     425526.70000
    280     415947.20000
    281     392309.10000
    282     371585.60000
    283     378587.90000
    284     390991.60000
    285     396390.80000
    286     401938.40000
    287     411732.90000
    288     409917.20000
    289     385633.30000
    290     366741.70000
    291     344746.40000
    292     292243.30000
    293     269323.80000
    294     314019.60000
    295     339400.30000
    296     299003.10000
    297     278319.60000
    298     318467.50000
    299     358243.10000
    300     378787.10000
    301     382989.80000
    302     337317.10000
    303     284424.20000
    304     300866.40000
    305     334368.60000
    306     305318.80000
    307     271666.60000
    308     290446.10000
    309     294878.60000
    310     271593.00000
    311     294406.50000
    312     348479.90000
    313     367533.10000
    314     344632.40000
    315     322177.40000
    316     325026.80000
    317     308520.00000
    318     273570.60000
    319     293610.30000
    320     343401.60000
    321     363705.60000
    322     368177.60000
    323     340085.40000
    324     276857.00000
    325     242597.20000
    326     237379.20000
    327     235891.30000
    328     270522.10000
    329     322131.20000
    330     336165.80000
    331     324180.90000
    332     297153.50000
    333     250595.90000
    334     227980.30000
    335     263127.70000
    336     311947.90000
    337     311158.90000
    338     277863.70000
    339     260030.20000
    340     240416.60000
    341     223266.80000
    342     250908.30000
    343     286230.90000
    344     286935.80000
    345     287518.00000
    346     310364.90000
    347     330438.10000
    348     314824.30000
    349     279136.90000
    350     278830.80000
    351     296790.10000
    352     282847.30000
    353     271640.20000
    354     286199.60000
    355     272058.30000
    356     229151.80000
    357     230127.20000
    358     279070.70000
    359     289019.20000
    360     231430.50000
    361     198373.40000
    362     241840.80000
    363     296528.40000
    364     311837.40000
    365     293767.30000
    366     267555.20000
    367     268413.00000
    368     286725.90000
    369     273373.50000
    370     226055.40000
    371     216904.00000
    372     275790.40000
    373     303513.10000
    374     245395.10000
    375     182183.50000
    376     182894.90000
    377     236145.80000
    378     273581.80000
    379     269665.80000
    380     273551.20000
    381     293112.30000
    382     307978.70000
    383     305459.80000
    384     276714.40000
    385     252592.50000
    386     234611.80000
    387     207849.70000
    388     223444.10000
    389     286252.20000
    390     313007.30000
    391     282656.10000
    392     253141.70000
    393     246676.60000
    394     249531.40000
    395     256474.90000
    396     256856.10000
    397     240149.40000
    398     216986.90000
    399     222723.00000
    400     262263.00000
    401     285454.20000
    402     290524.40000
    403     314776.50000
    404     328994.30000
    405     306857.70000
    406     288853.50000
    407     290494.70000
    408     276401.10000
    409     232498.20000
    410     187246.50000
    411     185913.90000
    412     236363.20000
    413     286183.60000
    414     308237.80000
    415     322259.30000
    416     316749.60000
    417     275309.00000
    418     232358.50000
    419     226297.20000
    420     254597.90000
    421     288260.30000
    422     303846.10000
    423     300396.40000
    424     288623.60000
    425     294355.60000
    426     329175.40000
    427     340812.40000
    428     322437.60000
    429     337824.40000
    430     348544.80000
    431     316714.70000
    432     309835.50000
    433     288845.20000
    434     199769.20000
    435     166502.50000
    436     240835.30000
    437     296975.40000
    438     271025.80000
    439     223110.40000
    440     215351.70000
    441     245365.70000
    442     278315.20000
    443     295304.50000
    444     297181.10000
    445     308420.10000
    446     331305.20000
    447     320014.00000
    448     281936.20000
    449     266958.60000
    450     258492.50000
    451     244385.50000
    452     269640.40000
    453     317454.80000
    454     326019.60000
    455     304491.90000
    456     281771.90000
    457     277529.30000
    458     319636.80000
    459     355505.80000
    460     319448.20000
    461     264758.10000
    462     258617.20000
    463     292178.70000
    464     323352.30000
    465     324895.50000
    466     319307.80000
    467     320998.70000
    468     306711.10000
    469     297118.80000
    470     303354.20000
    471     276462.50000
    472     244115.60000
    473     267487.10000
    474     297742.50000
    475     300209.60000
    476     326785.60000
    477     379386.10000
    478     405781.80000
    479     393363.30000
    480     349652.50000
    481     291566.70000
    482     274439.20000
    483     309363.00000
    484     339489.20000
    485     346093.00000
    486     344411.20000
    487     340278.40000
    488     336940.20000
    489     323221.80000
    490     299971.90000
    491     295120.50000
    492     319618.90000
    493     349255.30000
    494     361084.50000
    495     363779.60000
    496     373128.60000
    497     394268.60000
    498     409675.20000
    499     384448.70000
    500     340042.40000
    501     321883.70000
    502     316336.20000
    503     329359.80000
    504     377506.10000
    505     391127.90000
    506     336686.10000
    507     292056.30000
    508     310605.80000
    509     365524.00000
    510     396467.10000
    511     378658.20000
    512     358170.20000
    513     369239.10000
    514     383278.80000
    515     373207.70000
    516     357796.80000
    517     358483.40000
    518     359537.80000
    519     354601.10000
    520     362346.90000
    521     378040.80000
    522     391157.50000
    523     404819.10000
    524     409961.50000
    525     411268.20000
    526     431502.60000
    527     465754.40000
    528     490034.10000
    529     473070.40000
    530     406144.60000
    531     361537.20000
    532     396077.10000
    533     439292.60000
    534     425218.10000
    535     406466.90000
    536     426169.40000
    537     453644.80000
    538     475984.20000
    539     494756.50000
    540     506171.20000
    541     510230.00000
    542     470278.30000
    543     384864.20000
    544     343266.40000
    545     381731.10000
    546     419890.40000
    547     411213.40000
    548     407896.30000
    549     438231.90000
    550     483099.50000
    551     513242.60000
    552     487274.40000
    553     443578.10000
    554     439829.20000
    555     438753.90000
    556     436103.20000
    557     451710.80000
    558     452483.00000
    559     463432.50000
    560     509485.00000
    561     526240.80000
    562     510766.00000
    563     526623.70000
    564     544215.30000
    565     500517.00000
    566     438954.00000
    567     434981.50000
    568     467345.40000
    569     483791.40000
    570     495004.20000
    571     497991.10000
    572     463791.00000
    573     436298.40000
    574     457181.10000
    575     468406.10000
    576     445583.20000
    577     448064.90000
    578     464217.00000
    579     463778.50000
    580     485770.10000
    581     501989.70000
    582     479122.70000
    583     462693.20000
    584     438250.80000
    585     397202.90000
    586     396715.40000
    587     426093.20000
    588     450477.50000
    589     478515.60000
    590     493763.90000
    591     479934.20000
    592     476353.30000
    593     498499.80000
    594     500987.90000
    595     487418.20000
    596     499288.70000
    597     501857.90000
    598     480735.20000
    599     499979.60000
    600     532323.70000
    601     524360.60000
    602     541704.60000
    603     596117.60000
    604     610383.10000
    605     575990.50000
    606     530543.50000
    607     513504.60000
    608     543357.80000
    609     572290.00000
    610     556862.00000
    611     519439.70000
    612     493528.00000
    613     506591.20000
    614     561045.40000
    615     581316.40000
    616     539205.80000
    617     523201.60000
    618     560117.00000
    619     587208.60000
    620     570838.10000
    621     549581.00000
    622     581028.60000
    623     621931.40000
    624     610124.40000
    625     596804.60000
    626     622857.00000
    627     651558.20000
    628     650304.90000
    629     622907.00000
    630     614139.80000
    631     637089.80000
    632     629648.20000
    633     602284.40000
    634     633064.50000
    635     685307.00000
    636     674209.20000
    637     601822.40000
    638     533446.10000
    639     530805.40000
    640     569026.90000
    641     592408.80000
    642     616461.50000
    643     652525.50000
    644     661710.90000
    645     630351.90000
