      1      87984.78000
      2      75986.19000
      3      65655.81000
      4     116101.80000
      5     176145.40000
      6     170853.30000
      7     139188.60000
      8     136199.30000
      9     135664.20000
     10     121557.70000
     11     134675.80000
     12     156096.60000
     13     130872.10000
     14      92054.34000
     15      83842.38000
     16      87146.19000
     17      94825.38000
     18     112704.10000
     19     120004.70000
     20     108581.80000
     21      97535.81000
     22     117715.70000
     23     183576.80000
     24     239990.80000
     25     221759.10000
     26     161120.10000
     27     132876.70000
     28     147679.70000
     29     155587.70000
     30     129817.30000
     31     109942.90000
     32     118673.30000
     33     123358.60000
     34     131501.10000
     35     162706.10000
     36     167408.60000
     37     142981.90000
     38     156524.90000
     39     191758.40000
     40     189960.20000
     41     156718.10000
     42     122494.70000
     43     117789.80000
     44     155838.20000
     45     194414.90000
     46     186975.80000
     47     155069.10000
     48     143894.20000
     49     152331.60000
     50     165551.40000
     51     174642.40000
     52     162819.00000
     53     130417.60000
     54      95125.88000
     55      87186.75000
     56     115249.20000
     57     139215.40000
     58     153747.00000
     59     173533.50000
     60     168965.40000
     61     151307.90000
     62     160117.80000
     63     174264.90000
     64     164816.90000
     65     131680.80000
     66      97578.88000
     67     102211.10000
     68     121881.20000
     69     105122.90000
     70      98624.56000
     71     136629.10000
     72     138158.90000
     73      76966.81000
     74      43040.25000
     75      81786.44000
     76     137963.80000
     77     156950.20000
     78     157986.20000
     79     166793.50000
     80     149123.30000
     81     109329.10000
     82     119812.20000
     83     177125.80000
     84     216195.20000
     85     224683.80000
     86     204236.20000
     87     160427.60000
     88     132911.40000
     89     128139.40000
     90     125722.30000
     91     141994.80000
     92     179940.70000
     93     188732.70000
     94     156716.60000
     95     138140.70000
     96     130556.30000
     97     110107.20000
     98     130995.30000
     99     179757.60000
    100     175317.80000
    101     157887.40000
    102     172092.70000
    103     169542.60000
    104     167556.50000
    105     206250.00000
    106     233021.40000
    107     205764.80000
    108     167656.50000
    109     170276.00000
    110     199486.10000
    111     218979.90000
    112     221044.10000
    113     209452.00000
    114     212868.20000
    115     241666.90000
    116     262686.40000
    117     283235.40000
    118     304380.90000
    119     286849.50000
    120     263716.10000
    121     295858.90000
    122     355755.40000
    123     390993.80000
    124     407063.40000
    125     411288.20000
    126     399790.20000
    127     418515.10000
    128     486910.10000
    129     544513.10000
    130     593019.20000
    131     709016.80000
    132     857116.50000
    133    1012358.00000
    134    1327039.00000
    135    1772883.00000
    136    2186554.00000
    137    2641448.00000
    138    3523932.00000
    139    5892383.00000
    140    9620606.00000
    141    11277870.00000
    142    8833045.00000
    143    5400901.00000
    144    4121954.00000
    145    5481860.00000
    146    8802462.00000
    147    10856250.00000
    148    8726084.00000
    149    4686030.00000
    150    2214205.00000
    151    1354474.00000
    152     985870.00000
    153     793502.60000
    154     667478.20000
    155     551734.80000
    156     493719.30000
    157     488820.90000
    158     482766.20000
    159     455978.50000
    160     429565.20000
    161     407158.20000
    162     376513.20000
    163     345183.20000
    164     347867.60000
    165     396709.90000
    166     465251.40000
    167     535578.80000
    168     600346.10000
    169     672220.10000
    170     755078.00000
    171     783321.60000
    172     716775.00000
    173     614874.50000
    174     533478.50000
    175     478875.90000
    176     447532.10000
    177     440414.60000
    178     469770.40000
    179     514945.80000
    180     538011.30000
    181     557087.80000
    182     574725.20000
    183     568777.80000
    184     566265.60000
    185     580615.50000
    186     586654.10000
    187     582809.20000
    188     600448.90000
    189     648900.50000
    190     708038.40000
    191     790278.60000
    192     894935.50000
    193     989586.20000
    194    1124355.00000
    195    1381120.00000
    196    1725450.00000
    197    2134438.00000
    198    2781150.00000
    199    4104552.00000
    200    6615426.00000
    201    9631418.00000
    202    10889650.00000
    203    9340556.00000
    204    6703764.00000
    205    4811841.00000
    206    3758922.00000
    207    3093000.00000
    208    2708561.00000
    209    2628065.00000
    210    2926864.00000
    211    3640902.00000
    212    5312050.00000
    213    9030328.00000
    214    13830140.00000
    215    16690210.00000
    216    16506930.00000
    217    14164290.00000
    218    10493890.00000
    219    6866290.00000
    220    4486540.00000
    221    3213982.00000
    222    2574263.00000
    223    2267466.00000
    224    2043742.00000
    225    1888710.00000
    226    1809264.00000
    227    1762496.00000
    228    1785449.00000
    229    1960262.00000
    230    2393270.00000
    231    3149303.00000
    232    4753429.00000
    233    8289309.00000
    234    13492200.00000
    235    17654980.00000
    236    17745090.00000
    237    13510700.00000
    238    8039551.00000
    239    4355098.00000
    240    2657245.00000
    241    1880458.00000
    242    1502990.00000
    243    1355687.00000
    244    1338089.00000
    245    1390053.00000
    246    1494808.00000
    247    1575145.00000
    248    1487246.00000
    249    1306270.00000
    250    1223106.00000
    251    1217256.00000
    252    1156372.00000
    253    1061652.00000
    254    1043715.00000
    255    1080546.00000
    256    1104290.00000
    257    1165415.00000
    258    1307776.00000
    259    1456502.00000
    260    1593952.00000
    261    1818031.00000
    262    2133102.00000
    263    2472064.00000
    264    2820590.00000
    265    3130426.00000
    266    3320134.00000
    267    3357256.00000
    268    3220799.00000
    269    2903723.00000
    270    2497095.00000
    271    2128131.00000
    272    1830662.00000
    273    1590520.00000
    274    1405907.00000
    275    1256700.00000
    276    1117964.00000
    277    1005628.00000
    278     943462.50000
    279     887527.30000
    280     790018.60000
    281     685012.50000
    282     607427.20000
    283     564067.80000
    284     561155.80000
    285     552765.40000
    286     510054.80000
    287     489818.50000
    288     497577.90000
    289     480615.80000
    290     446985.30000
    291     425204.00000
    292     421732.30000
    293     426599.90000
    294     405292.20000
    295     355280.90000
    296     326190.80000
    297     340506.90000
    298     357935.20000
    299     348947.60000
    300     317134.40000
    301     264821.20000
    302     237385.90000
    303     279104.00000
    304     331287.40000
    305     327184.20000
    306     303686.00000
    307     318059.70000
    308     345067.30000
    309     331804.10000
    310     286487.70000
    311     260933.80000
    312     281477.20000
    313     332632.40000
    314     382706.30000
    315     375450.40000
    316     306827.60000
    317     271795.50000
    318     284427.20000
    319     280765.00000
    320     278431.00000
    321     290533.80000
    322     284771.80000
    323     276835.90000
    324     297918.10000
    325     335032.30000
    326     346851.20000
    327     321241.80000
    328     294110.60000
    329     283486.20000
    330     277629.90000
    331     286738.20000
    332     314751.60000
    333     332400.80000
    334     312814.00000
    335     255879.70000
    336     211192.10000
    337     227755.40000
    338     271227.40000
    339     278476.20000
    340     248512.30000
    341     240657.20000
    342     283988.80000
    343     321491.90000
    344     306766.20000
    345     271157.70000
    346     260303.00000
    347     269096.90000
    348     258628.70000
    349     238759.20000
    350     246918.20000
    351     258014.70000
    352     238408.30000
    353     220349.20000
    354     243952.50000
    355     285604.70000
    356     302595.80000
    357     304006.80000
    358     300355.50000
    359     282254.40000
    360     270224.50000
    361     275619.50000
    362     295776.00000
    363     318580.50000
    364     295879.40000
    365     249028.90000
    366     243442.50000
    367     249892.00000
    368     242787.10000
    369     245462.00000
    370     237959.00000
    371     218766.50000
    372     233819.20000
    373     267087.00000
    374     265896.50000
    375     256999.60000
    376     276095.40000
    377     280817.70000
    378     260138.80000
    379     257918.20000
    380     265032.00000
    381     257839.30000
    382     258495.30000
    383     271089.10000
    384     280337.20000
    385     289233.60000
    386     289945.80000
    387     277504.80000
    388     269927.00000
    389     277903.60000
    390     292557.60000
    391     296432.70000
    392     294721.70000
    393     300630.90000
    394     297205.20000
    395     282975.60000
    396     287736.40000
    397     300767.90000
    398     282578.70000
    399     256953.70000
    400     264096.40000
    401     284352.50000
    402     304207.90000
    403     313120.70000
    404     289463.10000
    405     263676.10000
    406     268460.80000
    407     307932.20000
    408     366859.90000
    409     378887.80000
    410     322600.50000
    411     285786.00000
    412     315034.40000
    413     344470.90000
    414     346091.90000
    415     360942.30000
    416     374477.50000
    417     368756.60000
    418     375524.30000
    419     382439.80000
    420     369152.00000
    421     360340.90000
    422     352080.10000
    423     330908.50000
    424     326010.80000
    425     345096.30000
    426     370449.40000
    427     397417.90000
    428     393650.90000
    429     344648.70000
    430     294680.90000
    431     271357.60000
    432     284964.20000
    433     317514.50000
    434     323373.80000
    435     329197.00000
    436     363521.80000
    437     375085.00000
    438     348952.40000
    439     326486.20000
    440     330979.80000
    441     346791.80000
    442     336524.70000
    443     304832.30000
    444     293756.60000
    445     323135.10000
    446     378135.00000
    447     400807.80000
    448     351766.40000
    449     297875.30000
    450     328645.30000
    451     414774.00000
    452     465889.40000
    453     478039.70000
    454     496340.60000
    455     514314.30000
    456     509220.00000
    457     502077.10000
    458     535958.10000
    459     592700.80000
    460     608458.40000
    461     597930.10000
    462     613227.90000
    463     643637.40000
    464     684539.70000
    465     754345.40000
    466     813117.40000
    467     809180.20000
    468     789696.90000
    469     852719.10000
    470     978516.00000
    471    1057513.00000
    472    1089062.00000
    473    1142279.00000
    474    1228492.00000
    475    1357644.00000
    476    1526893.00000
    477    1687645.00000
    478    1842648.00000
    479    2042510.00000
    480    2282051.00000
    481    2513040.00000
    482    2740080.00000
    483    2969605.00000
    484    3110456.00000
    485    3077999.00000
    486    2885564.00000
    487    2594692.00000
    488    2269292.00000
    489    1943023.00000
    490    1645288.00000
    491    1409056.00000
    492    1211577.00000
    493    1032834.00000
    494     903871.20000
    495     801589.80000
    496     683169.80000
    497     607813.00000
    498     597471.60000
    499     570220.80000
    500     528657.10000
    501     515366.00000
    502     494035.50000
    503     464981.50000
    504     460841.60000
    505     459808.40000
    506     452911.90000
    507     474544.80000
    508     545353.90000
    509     620738.00000
    510     611936.70000
    511     514102.80000
    512     418270.60000
    513     379378.20000
    514     393949.80000
    515     440820.50000
    516     486691.40000
    517     498437.60000
    518     464250.70000
    519     416288.40000
    520     389089.30000
    521     391353.10000
    522     438819.70000
    523     505659.50000
    524     522517.10000
    525     490445.10000
    526     489670.90000
    527     558132.80000
    528     635366.30000
    529     692553.40000
    530     783660.60000
    531     897852.70000
    532     994514.40000
    533    1107262.00000
    534    1264229.00000
    535    1511706.00000
    536    1931692.00000
    537    2584352.00000
    538    3524776.00000
    539    4468274.00000
    540    4701386.00000
    541    3993541.00000
    542    2943522.00000
    543    2115420.00000
    544    1587540.00000
    545    1227432.00000
    546     948597.30000
    547     761974.30000
    548     651016.60000
    549     559239.60000
    550     485744.00000
    551     430523.50000
    552     384236.90000
    553     360069.90000
    554     339771.10000
    555     317103.90000
    556     321947.20000
    557     329345.60000
    558     314495.50000
    559     314139.50000
    560     310225.80000
    561     260172.50000
    562     232141.80000
    563     271624.80000
    564     285106.70000
    565     229093.10000
    566     188197.40000
    567     198896.70000
    568     203206.40000
    569     188696.00000
    570     207951.40000
    571     247641.20000
    572     243693.20000
    573     201649.80000
    574     172244.00000
    575     180870.70000
    576     209157.70000
    577     215983.00000
    578     195108.80000
    579     165926.30000
    580     147903.20000
    581     171508.40000
    582     223480.20000
    583     237878.10000
    584     204088.90000
    585     173885.20000
    586     170273.70000
    587     190424.60000
    588     230684.50000
    589     259950.10000
    590     248085.50000
    591     226706.80000
    592     241426.70000
    593     253042.30000
    594     209837.20000
    595     159794.80000
    596     149850.20000
    597     157057.30000
    598     179032.90000
    599     210119.90000
    600     198699.20000
    601     160515.20000
    602     151994.70000
    603     144150.70000
    604     124515.30000
    605     135783.10000
    606     158438.80000
    607     162847.80000
    608     163426.90000
    609     169703.10000
    610     178176.60000
    611     176704.30000
    612     162657.10000
    613     150974.40000
    614     162981.50000
    615     193414.70000
    616     201399.00000
    617     202254.50000
    618     225376.20000
    619     210041.10000
    620     151950.90000
    621     147405.80000
    622     195451.80000
    623     211349.10000
    624     182353.60000
    625     151208.70000
    626     145254.40000
    627     161255.50000
    628     180358.60000
    629     207255.90000
    630     241563.60000
    631     241001.60000
    632     211690.20000
    633     209647.00000
    634     215014.70000
    635     199896.00000
    636     198824.00000
    637     198054.70000
    638     176590.30000
    639     164965.50000
    640     167634.80000
    641     175256.60000
    642     159076.30000
    643      97254.89000
    644      66868.10000
    645     120918.60000
