      1     337535.20000
      2     335563.10000
      3     337816.20000
      4     371962.40000
      5     405541.10000
      6     400598.60000
      7     386478.10000
      8     379184.10000
      9     377700.90000
     10     396137.10000
     11     399613.10000
     12     368388.20000
     13     361313.00000
     14     413515.80000
     15     478415.10000
     16     475039.30000
     17     399900.10000
     18     356089.60000
     19     380436.10000
     20     399232.60000
     21     387371.00000
     22     376149.20000
     23     383130.20000
     24     407683.60000
     25     418629.20000
     26     409732.40000
     27     404668.40000
     28     394428.10000
     29     386429.60000
     30     393591.40000
     31     403272.00000
     32     428962.20000
     33     452728.40000
     34     438885.90000
     35     428755.40000
     36     439360.20000
     37     424270.20000
     38     404676.50000
     39     433604.20000
     40     473712.10000
     41     460416.30000
     42     412017.00000
     43     380921.30000
     44     374816.90000
     45     396875.60000
     46     455520.10000
     47     499277.90000
     48     483203.20000
     49     455512.10000
     50     460462.00000
     51     466078.10000
     52     446272.40000
     53     424895.40000
     54     424785.40000
     55     436117.20000
     56     429880.50000
     57     404124.40000
     58     404116.80000
     59     436519.20000
     60     461150.80000
     61     487298.40000
     62     512803.20000
     63     488665.10000
     64     446996.20000
     65     450570.40000
     66     473975.90000
     67     486581.80000
     68     489583.80000
     69     482021.40000
     70     491397.40000
     71     508361.20000
     72     496365.40000
     73     502472.00000
     74     523363.70000
     75     483332.40000
     76     442084.60000
     77     478614.70000
     78     539317.80000
     79     574230.40000
     80     579491.40000
     81     560536.10000
     82     542993.10000
     83     536332.10000
     84     533015.50000
     85     524593.40000
     86     503439.00000
     87     485627.10000
     88     486606.10000
     89     508650.60000
     90     549083.80000
     91     576534.90000
     92     575627.80000
     93     572349.90000
     94     571981.60000
     95     565417.90000
     96     561862.50000
     97     556237.20000
     98     549974.90000
     99     579077.40000
    100     618121.60000
    101     605671.10000
    102     582296.20000
    103     585307.80000
    104     588812.80000
    105     617287.40000
    106     678856.00000
    107     722699.60000
    108     720537.50000
    109     687568.20000
    110     684290.50000
    111     727061.90000
    112     762163.50000
    113     791011.60000
    114     835544.10000
    115     855052.10000
    116     830995.20000
    117     817699.90000
    118     857244.50000
    119     916712.10000
    120     959847.90000
    121    1006962.00000
    122    1071086.00000
    123    1115272.00000
    124    1129229.00000
    125    1185151.00000
    126    1309706.00000
    127    1410598.00000
    128    1471274.00000
    129    1581908.00000
    130    1745618.00000
    131    1912182.00000
    132    2092632.00000
    133    2318732.00000
    134    2625338.00000
    135    3070596.00000
    136    3670090.00000
    137    4382582.00000
    138    5271496.00000
    139    6555558.00000
    140    8520450.00000
    141    11375720.00000
    142    14905570.00000
    143    18385250.00000
    144    20626390.00000
    145    20104870.00000
    146    16473290.00000
    147    11665960.00000
    148    7899707.00000
    149    5630638.00000
    150    4301888.00000
    151    3494615.00000
    152    2968334.00000
    153    2584246.00000
    154    2316588.00000
    155    2137360.00000
    156    2001528.00000
    157    1898676.00000
    158    1804510.00000
    159    1689460.00000
    160    1591016.00000
    161    1536216.00000
    162    1502686.00000
    163    1499585.00000
    164    1530906.00000
    165    1585520.00000
    166    1664130.00000
    167    1693983.00000
    168    1589227.00000
    169    1403272.00000
    170    1257716.00000
    171    1179739.00000
    172    1123242.00000
    173    1084994.00000
    174    1067203.00000
    175    1040918.00000
    176    1016372.00000
    177    1020535.00000
    178    1062980.00000
    179    1151909.00000
    180    1264607.00000
    181    1349136.00000
    182    1374779.00000
    183    1369726.00000
    184    1394882.00000
    185    1457232.00000
    186    1516533.00000
    187    1572216.00000
    188    1641918.00000
    189    1736200.00000
    190    1875494.00000
    191    2049028.00000
    192    2251754.00000
    193    2525041.00000
    194    2902086.00000
    195    3381043.00000
    196    3970561.00000
    197    4827875.00000
    198    6364213.00000
    199    9395768.00000
    200    14247780.00000
    201    18619010.00000
    202    18974030.00000
    203    15320440.00000
    204    11049700.00000
    205    8319920.00000
    206    6900266.00000
    207    6162589.00000
    208    5937314.00000
    209    6286365.00000
    210    7259276.00000
    211    8817312.00000
    212    11159860.00000
    213    14740830.00000
    214    19597990.00000
    215    24571310.00000
    216    26911600.00000
    217    24306860.00000
    218    18119440.00000
    219    12056020.00000
    220    8070171.00000
    221    5925443.00000
    222    4892272.00000
    223    4352886.00000
    224    4026107.00000
    225    3916111.00000
    226    4037904.00000
    227    4496795.00000
    228    5488187.00000
    229    7111981.00000
    230    9585529.00000
    231    12995110.00000
    232    15920530.00000
    233    16952180.00000
    234    18301440.00000
    235    21724120.00000
    236    22801140.00000
    237    17876780.00000
    238    10715390.00000
    239    5868369.00000
    240    3508246.00000
    241    2450480.00000
    242    2066704.00000
    243    1968900.00000
    244    2040382.00000
    245    2212926.00000
    246    2266234.00000
    247    2066240.00000
    248    1782702.00000
    249    1623667.00000
    250    1569131.00000
    251    1507877.00000
    252    1399142.00000
    253    1296139.00000
    254    1224930.00000
    255    1155045.00000
    256    1126224.00000
    257    1174280.00000
    258    1253631.00000
    259    1340546.00000
    260    1429777.00000
    261    1497603.00000
    262    1601190.00000
    263    1818873.00000
    264    2098104.00000
    265    2361768.00000
    266    2607488.00000
    267    2850964.00000
    268    3070062.00000
    269    3193301.00000
    270    3198502.00000
    271    3116028.00000
    272    2937202.00000
    273    2683165.00000
    274    2432856.00000
    275    2209252.00000
    276    1965816.00000
    277    1725591.00000
    278    1570945.00000
    279    1456474.00000
    280    1291194.00000
    281    1118994.00000
    282     989464.00000
    283     888406.40000
    284     828927.00000
    285     794966.40000
    286     744757.50000
    287     692260.20000
    288     632709.40000
    289     557879.00000
    290     509766.20000
    291     490228.80000
    292     480756.80000
    293     486621.00000
    294     495381.00000
    295     493878.50000
    296     470210.60000
    297     421638.00000
    298     375567.60000
    299     355012.80000
    300     360384.00000
    301     376420.70000
    302     388129.20000
    303     395841.40000
    304     404849.30000
    305     403607.10000
    306     376604.70000
    307     350649.00000
    308     346475.20000
    309     340220.10000
    310     346656.70000
    311     384312.60000
    312     394094.90000
    313     340747.50000
    314     280726.20000
    315     272786.00000
    316     301221.40000
    317     319464.00000
    318     333801.40000
    319     356169.80000
    320     353771.50000
    321     328692.20000
    322     319334.20000
    323     345299.30000
    324     381972.40000
    325     361479.70000
    326     299122.00000
    327     288127.80000
    328     326307.60000
    329     350893.50000
    330     342187.30000
    331     326073.00000
    332     345576.60000
    333     382737.90000
    334     379785.60000
    335     350295.40000
    336     349376.80000
    337     374254.50000
    338     385149.30000
    339     382368.10000
    340     387431.30000
    341     381676.20000
    342     335356.00000
    343     286788.90000
    344     303735.50000
    345     362892.10000
    346     390436.20000
    347     374453.20000
    348     348163.20000
    349     344361.80000
    350     354322.40000
    351     337655.80000
    352     310907.20000
    353     301653.60000
    354     293516.50000
    355     300767.20000
    356     329101.00000
    357     338454.10000
    358     325122.30000
    359     312581.20000
    360     316954.50000
    361     345598.00000
    362     376092.30000
    363     388195.90000
    364     387386.70000
    365     365775.70000
    366     329154.20000
    367     337783.80000
    368     392363.70000
    369     407014.10000
    370     374860.00000
    371     351009.10000
    372     346820.90000
    373     356500.20000
    374     375296.10000
    375     404674.60000
    376     421002.30000
    377     401875.40000
    378     405832.60000
    379     453362.50000
    380     480976.00000
    381     470395.90000
    382     440285.30000
    383     415897.10000
    384     425013.20000
    385     449459.40000
    386     454900.60000
    387     431073.20000
    388     393511.50000
    389     384535.10000
    390     409910.40000
    391     426049.00000
    392     433952.90000
    393     462073.70000
    394     480630.90000
    395     454302.20000
    396     419342.50000
    397     420193.90000
    398     432057.10000
    399     421289.30000
    400     403824.70000
    401     400027.20000
    402     406627.60000
    403     418189.60000
    404     447912.40000
    405     490722.00000
    406     497016.80000
    407     462404.70000
    408     441607.50000
    409     451562.20000
    410     474435.70000
    411     497444.90000
    412     505260.50000
    413     495346.10000
    414     498874.90000
    415     532796.20000
    416     540887.60000
    417     487840.20000
    418     457846.70000
    419     504827.20000
    420     547322.90000
    421     524305.10000
    422     475809.60000
    423     456769.70000
    424     466704.60000
    425     470665.80000
    426     480481.40000
    427     509123.20000
    428     518179.60000
    429     527453.60000
    430     580104.90000
    431     611254.50000
    432     553031.80000
    433     471655.90000
    434     460247.90000
    435     499644.70000
    436     536436.80000
    437     563104.10000
    438     563851.80000
    439     537017.50000
    440     528298.50000
    441     551899.60000
    442     574333.60000
    443     580526.60000
    444     585636.50000
    445     600561.80000
    446     607150.80000
    447     596253.90000
    448     605260.90000
    449     636610.40000
    450     648243.50000
    451     655048.70000
    452     679065.40000
    453     690202.80000
    454     682080.60000
    455     686682.50000
    456     720310.70000
    457     765830.50000
    458     795315.60000
    459     805162.80000
    460     817058.90000
    461     838065.30000
    462     858390.90000
    463     896926.40000
    464     976486.40000
    465    1066346.00000
    466    1109450.00000
    467    1090278.00000
    468    1071230.00000
    469    1134332.00000
    470    1262978.00000
    471    1366962.00000
    472    1434416.00000
    473    1518941.00000
    474    1617591.00000
    475    1705542.00000
    476    1802270.00000
    477    1932915.00000
    478    2078292.00000
    479    2186753.00000
    480    2245951.00000
    481    2303427.00000
    482    2405670.00000
    483    2519207.00000
    484    2561109.00000
    485    2536372.00000
    486    2492405.00000
    487    2421050.00000
    488    2326286.00000
    489    2217184.00000
    490    2076983.00000
    491    1910018.00000
    492    1733690.00000
    493    1567609.00000
    494    1429199.00000
    495    1318926.00000
    496    1237493.00000
    497    1188170.00000
    498    1157870.00000
    499    1112626.00000
    500    1030820.00000
    501     945845.60000
    502     890683.30000
    503     839048.60000
    504     792060.10000
    505     786101.00000
    506     789862.90000
    507     776116.50000
    508     769215.90000
    509     740823.80000
    510     681283.40000
    511     673752.40000
    512     715243.10000
    513     708624.20000
    514     679003.40000
    515     706848.20000
    516     759532.00000
    517     792323.10000
    518     825766.20000
    519     869861.10000
    520     898678.40000
    521     901498.40000
    522     907086.10000
    523     925088.10000
    524     922142.20000
    525     881125.60000
    526     834750.60000
    527     824786.80000
    528     849920.50000
    529     908306.50000
    530    1007681.00000
    531    1102264.00000
    532    1160876.00000
    533    1213797.00000
    534    1293754.00000
    535    1438676.00000
    536    1651133.00000
    537    1901606.00000
    538    2234223.00000
    539    2710327.00000
    540    3341416.00000
    541    4065688.00000
    542    4616242.00000
    543    4665917.00000
    544    4198060.00000
    545    3493247.00000
    546    2807420.00000
    547    2223964.00000
    548    1742503.00000
    549    1361978.00000
    550    1097295.00000
    551     949705.40000
    552     845811.50000
    553     715432.80000
    554     595433.20000
    555     546682.20000
    556     558455.00000
    557     572637.00000
    558     558607.50000
    559     517970.40000
    560     446921.30000
    561     388899.90000
    562     404502.90000
    563     438861.60000
    564     429979.60000
    565     439729.70000
    566     476155.10000
    567     464416.30000
    568     420597.00000
    569     380556.60000
    570     356757.00000
    571     396133.70000
    572     463025.70000
    573     454751.60000
    574     384596.50000
    575     350047.40000
    576     356515.20000
    577     351800.70000
    578     372489.80000
    579     429703.90000
    580     435339.70000
    581     386657.60000
    582     352205.20000
    583     343436.20000
    584     353791.20000
    585     364841.90000
    586     354947.00000
    587     352277.50000
    588     373600.10000
    589     392019.50000
    590     396328.10000
    591     395325.90000
    592     398164.30000
    593     408317.70000
    594     417619.90000
    595     408663.00000
    596     389864.40000
    597     397229.80000
    598     400456.30000
    599     359045.10000
    600     329793.10000
    601     336003.20000
    602     341371.10000
    603     352953.30000
    604     369202.50000
    605     375028.10000
    606     382367.90000
    607     380188.90000
    608     351897.30000
    609     333335.90000
    610     348706.90000
    611     362333.20000
    612     359002.80000
    613     359902.40000
    614     376929.80000
    615     414380.80000
    616     446439.00000
    617     439612.90000
    618     416513.70000
    619     405684.80000
    620     385430.80000
    621     349311.80000
    622     339907.80000
    623     370490.20000
    624     392309.80000
    625     371664.70000
    626     346695.20000
    627     360777.60000
    628     388856.90000
    629     400998.60000
    630     415051.00000
    631     421232.50000
    632     378827.40000
    633     331194.10000
    634     355124.90000
    635     411915.10000
    636     442271.00000
    637     476322.80000
    638     515299.10000
    639     509129.60000
    640     479803.90000
    641     480010.10000
    642     479054.80000
    643     443356.40000
    644     414577.60000
    645     411186.60000
