      1     129343.50000
      2     147057.10000
      3     168893.20000
      4     165676.10000
      5     155610.30000
      6     159923.20000
      7     159811.70000
      8     148542.00000
      9     144656.40000
     10     157528.90000
     11     170849.40000
     12     158186.80000
     13     116672.30000
     14      83569.03000
     15      91930.16000
     16     120016.10000
     17     139351.30000
     18     163112.90000
     19     193413.60000
     20     200514.50000
     21     173684.10000
     22     135226.50000
     23     118497.10000
     24     138343.30000
     25     170599.50000
     26     188055.40000
     27     187307.40000
     28     178088.50000
     29     185523.40000
     30     196584.50000
     31     157710.10000
     32     116653.50000
     33     160877.00000
     34     210339.70000
     35     169421.60000
     36     123779.60000
     37     131834.20000
     38     127871.90000
     39     118350.30000
     40     146095.40000
     41     166635.80000
     42     166635.60000
     43     180761.40000
     44     179602.20000
     45     162511.20000
     46     188087.80000
     47     233564.60000
     48     252855.80000
     49     247033.20000
     50     212942.50000
     51     179552.50000
     52     170734.70000
     53     162754.50000
     54     152785.90000
     55     153270.50000
     56     179202.80000
     57     213818.10000
     58     206027.60000
     59     179503.50000
     60     183049.80000
     61     202259.60000
     62     207991.80000
     63     186436.00000
     64     167836.10000
     65     178220.50000
     66     181694.60000
     67     178396.20000
     68     199861.80000
     69     225100.10000
     70     245421.20000
     71     274198.70000
     72     282497.30000
     73     255065.10000
     74     231438.20000
     75     225960.30000
     76     212485.30000
     77     209221.80000
     78     239077.80000
     79     250521.20000
     80     233724.80000
     81     244675.60000
     82     257561.20000
     83     233563.10000
     84     212129.70000
     85     206597.50000
     86     222901.30000
     87     281117.10000
     88     315620.90000
     89     282890.40000
     90     253072.10000
     91     260247.20000
     92     279083.70000
     93     281599.00000
     94     238181.70000
     95     192356.80000
     96     206142.70000
     97     240095.90000
     98     258388.10000
     99     286455.10000
    100     309259.80000
    101     307837.60000
    102     310887.90000
    103     306634.50000
    104     275312.90000
    105     256911.90000
    106     264400.50000
    107     270221.20000
    108     266738.10000
    109     259316.60000
    110     256861.80000
    111     268791.50000
    112     293220.40000
    113     318218.20000
    114     349070.50000
    115     392258.10000
    116     427445.80000
    117     438736.50000
    118     405280.20000
    119     339115.90000
    120     322472.50000
    121     377239.60000
    122     449716.00000
    123     518616.00000
    124     578891.10000
    125     618222.00000
    126     640363.60000
    127     661533.20000
    128     705985.20000
    129     790966.20000
    130     923791.90000
    131    1130373.00000
    132    1416686.00000
    133    1804213.00000
    134    2434632.00000
    135    3582564.00000
    136    5695383.00000
    137    8493531.00000
    138    9931662.00000
    139    8407340.00000
    140    5343670.00000
    141    3052622.00000
    142    1959082.00000
    143    1427274.00000
    144    1105770.00000
    145     903453.80000
    146     799001.20000
    147     779286.00000
    148     792200.50000
    149     802276.80000
    150     827482.90000
    151     881292.20000
    152     975911.40000
    153    1174949.00000
    154    1507763.00000
    155    1938753.00000
    156    2470513.00000
    157    3190853.00000
    158    4357674.00000
    159    6059553.00000
    160    7405776.00000
    161    7123900.00000
    162    5362148.00000
    163    3499328.00000
    164    2297024.00000
    165    1592385.00000
    166    1173450.00000
    167     946597.50000
    168     805108.10000
    169     718636.10000
    170     696497.80000
    171     694961.90000
    172     650959.60000
    173     578030.20000
    174     557997.10000
    175     582084.70000
    176     565091.20000
    177     527950.30000
    178     531034.10000
    179     540971.70000
    180     522420.60000
    181     506753.60000
    182     538238.30000
    183     589235.90000
    184     600082.60000
    185     618092.90000
    186     682033.00000
    187     728392.00000
    188     746188.10000
    189     761061.80000
    190     755893.50000
    191     723263.90000
    192     705168.20000
    193     738569.50000
    194     783474.10000
    195     831773.60000
    196     928570.50000
    197    1034959.00000
    198    1098021.00000
    199    1177331.00000
    200    1350306.00000
    201    1613627.00000
    202    2029309.00000
    203    2732275.00000
    204    4228721.00000
    205    7414925.00000
    206    11127430.00000
    207    11879850.00000
    208    9037797.00000
    209    5868375.00000
    210    4457581.00000
    211    4454078.00000
    212    5541936.00000
    213    7692335.00000
    214    9766189.00000
    215    9859034.00000
    216    7778413.00000
    217    5323876.00000
    218    3727487.00000
    219    2976462.00000
    220    2815600.00000
    221    2994634.00000
    222    3263765.00000
    223    3889652.00000
    224    6109497.00000
    225    9803138.00000
    226    11590740.00000
    227    9463554.00000
    228    6066451.00000
    229    4109164.00000
    230    3466814.00000
    231    3337154.00000
    232    3371776.00000
    233    3416625.00000
    234    3394192.00000
    235    3208914.00000
    236    2880273.00000
    237    2508986.00000
    238    2187990.00000
    239    2025624.00000
    240    1958409.00000
    241    1769698.00000
    242    1432135.00000
    243    1128439.00000
    244     959456.20000
    245     861711.60000
    246     761057.20000
    247     663498.10000
    248     594504.80000
    249     554382.50000
    250     526527.60000
    251     467129.40000
    252     395583.80000
    253     396427.40000
    254     441866.20000
    255     444683.80000
    256     414446.30000
    257     383823.10000
    258     337067.00000
    259     291265.70000
    260     295927.40000
    261     313745.80000
    262     287764.80000
    263     261404.60000
    264     271205.50000
    265     289759.60000
    266     299496.20000
    267     292908.50000
    268     267800.60000
    269     255024.10000
    270     269151.20000
    271     266360.70000
    272     241151.10000
    273     243993.20000
    274     261638.40000
    275     259360.50000
    276     256778.60000
    277     267818.80000
    278     289806.50000
    279     297623.70000
    280     253901.70000
    281     207161.90000
    282     226183.60000
    283     272393.50000
    284     288793.80000
    285     272911.60000
    286     230708.30000
    287     192354.70000
    288     211398.80000
    289     273286.20000
    290     291687.40000
    291     247777.10000
    292     210695.80000
    293     203625.00000
    294     207370.40000
    295     222258.90000
    296     226740.50000
    297     206259.90000
    298     197578.50000
    299     213246.10000
    300     217073.10000
    301     209919.60000
    302     229272.40000
    303     243035.70000
    304     206671.00000
    305     188093.70000
    306     221488.40000
    307     225446.80000
    308     193192.50000
    309     190963.10000
    310     218999.00000
    311     236223.10000
    312     222495.70000
    313     203698.80000
    314     212269.60000
    315     231589.20000
    316     227703.00000
    317     207484.10000
    318     218981.40000
    319     248611.90000
    320     235494.80000
    321     223522.80000
    322     256720.20000
    323     266496.90000
    324     234133.20000
    325     222938.80000
    326     249914.30000
    327     271230.80000
    328     251764.60000
    329     206044.70000
    330     177771.20000
    331     200869.30000
    332     251462.60000
    333     253708.20000
    334     188250.10000
    335     141607.60000
    336     191526.20000
    337     265278.00000
    338     242511.30000
    339     185923.50000
    340     209548.50000
    341     250695.40000
    342     248208.30000
    343     251631.10000
    344     247405.20000
    345     209880.10000
    346     200181.80000
    347     217628.20000
    348     201433.20000
    349     171739.80000
    350     170847.20000
    351     193153.70000
    352     221571.20000
    353     228793.50000
    354     204145.90000
    355     181805.40000
    356     181819.60000
    357     188753.90000
    358     193406.80000
    359     199825.60000
    360     211411.80000
    361     224260.60000
    362     228022.80000
    363     218147.00000
    364     204086.50000
    365     199876.20000
    366     210963.60000
    367     233065.20000
    368     250766.50000
    369     250315.50000
    370     238780.00000
    371     225470.80000
    372     221061.50000
    373     239940.50000
    374     249693.20000
    375     216670.30000
    376     190745.00000
    377     209439.10000
    378     232265.20000
    379     237350.50000
    380     246800.10000
    381     274379.30000
    382     284927.90000
    383     239036.30000
    384     209688.60000
    385     254123.00000
    386     272250.50000
    387     236468.80000
    388     235531.50000
    389     249469.60000
    390     233141.20000
    391     223956.10000
    392     231842.70000
    393     235217.50000
    394     223868.70000
    395     207462.60000
    396     222915.80000
    397     255391.90000
    398     255309.30000
    399     244678.50000
    400     250007.30000
    401     245936.80000
    402     229459.80000
    403     227952.40000
    404     255791.90000
    405     285223.40000
    406     267593.60000
    407     218519.30000
    408     204151.20000
    409     224666.50000
    410     224404.30000
    411     200838.10000
    412     181361.00000
    413     177836.60000
    414     216325.10000
    415     270556.90000
    416     277011.30000
    417     250935.80000
    418     217780.50000
    419     185941.60000
    420     189564.50000
    421     207300.40000
    422     204269.70000
    423     202959.60000
    424     202839.20000
    425     192507.50000
    426     190631.50000
    427     197940.00000
    428     212112.50000
    429     240573.70000
    430     261507.10000
    431     261111.20000
    432     254494.70000
    433     238561.40000
    434     228585.50000
    435     255469.80000
    436     265279.20000
    437     210891.10000
    438     167242.20000
    439     168393.60000
    440     151660.10000
    441     127308.60000
    442     147785.60000
    443     185624.50000
    444     205063.10000
    445     227364.70000
    446     255453.50000
    447     252822.00000
    448     238575.00000
    449     256026.80000
    450     266672.10000
    451     243569.30000
    452     227203.60000
    453     220535.70000
    454     213100.70000
    455     223969.10000
    456     240874.20000
    457     243791.00000
    458     240073.70000
    459     220074.60000
    460     176117.30000
    461     151734.60000
    462     176340.40000
    463     204941.70000
    464     214411.50000
    465     249125.20000
    466     292467.20000
    467     271376.90000
    468     209110.20000
    469     181626.00000
    470     189269.20000
    471     202142.20000
    472     217902.00000
    473     224903.60000
    474     217446.30000
    475     228559.90000
    476     249291.10000
    477     219116.90000
    478     162492.40000
    479     155215.70000
    480     188441.60000
    481     225526.00000
    482     252449.90000
    483     238057.30000
    484     198473.50000
    485     200087.40000
    486     228210.40000
    487     216649.70000
    488     188023.20000
    489     201923.60000
    490     225986.40000
    491     208042.50000
    492     182549.00000
    493     180901.00000
    494     181849.80000
    495     192650.20000
    496     216544.20000
    497     211220.10000
    498     183605.10000
    499     187360.50000
    500     208163.10000
    501     206497.50000
    502     207230.90000
    503     222832.90000
    504     234643.90000
    505     251289.20000
    506     248046.80000
    507     201576.10000
    508     182132.90000
    509     222240.40000
    510     251070.60000
    511     242173.20000
    512     224675.20000
    513     207536.60000
    514     209409.50000
    515     238448.50000
    516     260161.30000
    517     247158.40000
    518     217772.70000
    519     224811.10000
    520     251196.00000
    521     224413.00000
    522     183926.40000
    523     204522.20000
    524     252795.50000
    525     256242.80000
    526     200745.30000
    527     162846.40000
    528     205042.40000
    529     273733.10000
    530     290586.70000
    531     252812.40000
    532     213781.70000
    533     197616.60000
    534     191825.60000
    535     205596.00000
    536     234011.90000
    537     254425.50000
    538     262861.80000
    539     243096.00000
    540     207652.10000
    541     214908.80000
    542     253237.60000
    543     251668.80000
    544     219489.90000
    545     222022.00000
    546     254903.30000
    547     269363.50000
    548     253328.10000
    549     219397.20000
    550     196926.80000
    551     209440.80000
    552     225565.80000
    553     220990.50000
    554     217285.20000
    555     218191.20000
    556     221195.80000
    557     238382.20000
    558     254364.60000
    559     242979.30000
    560     232863.80000
    561     273774.30000
    562     319833.70000
    563     291899.50000
    564     227927.80000
    565     200410.00000
    566     203194.10000
    567     215888.70000
    568     244183.10000
    569     265470.60000
    570     237519.10000
    571     183874.00000
    572     173986.00000
    573     206887.00000
    574     222427.10000
    575     220143.90000
    576     233929.60000
    577     236305.50000
    578     211931.20000
    579     197865.70000
    580     197709.80000
    581     203822.70000
    582     219284.00000
    583     225494.40000
    584     231168.30000
    585     259629.00000
    586     281530.20000
    587     271804.10000
    588     262272.90000
    589     272881.10000
    590     276735.00000
    591     255701.30000
    592     224794.80000
    593     208020.10000
    594     216834.50000
    595     235165.20000
    596     233076.30000
    597     203173.30000
    598     176370.10000
    599     199881.00000
    600     258698.30000
    601     270458.10000
    602     238733.10000
    603     242102.00000
    604     264897.00000
    605     267591.00000
    606     269580.40000
    607     262670.00000
    608     248186.50000
    609     251401.60000
    610     251060.20000
    611     250252.40000
    612     270174.50000
    613     278216.90000
    614     271129.30000
    615     264755.20000
    616     241983.40000
    617     230531.80000
    618     248595.90000
    619     244423.90000
    620     218482.70000
    621     228979.00000
    622     268796.10000
    623     284711.10000
    624     278856.70000
    625     283613.90000
    626     294727.20000
    627     290141.70000
    628     259898.80000
    629     239936.60000
    630     273430.20000
    631     313484.20000
    632     311725.10000
    633     308946.30000
    634     314012.40000
    635     291655.10000
    636     269147.70000
    637     266243.90000
    638     260328.20000
    639     276694.10000
    640     310416.70000
    641     301445.70000
    642     270754.60000
    643     255155.40000
    644     234140.90000
    645     221584.90000
