      1     216462.00000
      2     204598.40000
      3     226075.80000
      4     233640.20000
      5     224677.50000
      6     213213.40000
      7     211630.60000
      8     228077.80000
      9     216451.60000
     10     176639.40000
     11     179655.40000
     12     215551.10000
     13     219880.40000
     14     206636.40000
     15     230401.00000
     16     286424.40000
     17     324073.00000
     18     309379.40000
     19     263588.00000
     20     245909.50000
     21     260665.40000
     22     253020.10000
     23     207130.60000
     24     165582.50000
     25     172729.10000
     26     213143.60000
     27     240921.80000
     28     266969.00000
     29     298018.60000
     30     293983.40000
     31     266474.40000
     32     259235.10000
     33     284682.00000
     34     311113.60000
     35     267197.30000
     36     200295.30000
     37     239454.60000
     38     315698.60000
     39     293359.70000
     40     240742.80000
     41     263705.10000
     42     312656.80000
     43     297687.90000
     44     220230.30000
     45     149213.60000
     46     151339.80000
     47     222163.20000
     48     289975.80000
     49     308529.60000
     50     285294.90000
     51     255228.00000
     52     239600.10000
     53     215972.50000
     54     183242.00000
     55     176247.00000
     56     201872.10000
     57     241215.10000
     58     282639.80000
     59     325902.60000
     60     347244.10000
     61     321997.40000
     62     292965.50000
     63     291602.20000
     64     288729.40000
     65     293828.10000
     66     332552.00000
     67     367463.10000
     68     352416.60000
     69     302076.10000
     70     276227.00000
     71     292851.50000
     72     314378.10000
     73     325798.20000
     74     316328.20000
     75     277527.40000
     76     272858.00000
     77     327427.00000
     78     355426.10000
     79     338417.50000
     80     335523.50000
     81     329365.10000
     82     307653.00000
     83     321308.00000
     84     351821.80000
     85     339309.80000
     86     309177.90000
     87     321519.90000
     88     358280.10000
     89     364353.50000
     90     359057.40000
     91     376491.90000
     92     371036.50000
     93     329726.80000
     94     336643.60000
     95     385840.20000
     96     367410.50000
     97     317583.50000
     98     345787.80000
     99     394838.00000
    100     380492.20000
    101     347782.60000
    102     355326.40000
    103     390365.10000
    104     421445.50000
    105     441204.90000
    106     444168.20000
    107     429252.50000
    108     421778.60000
    109     451683.00000
    110     507488.10000
    111     533420.20000
    112     528139.20000
    113     547582.50000
    114     585367.20000
    115     600691.50000
    116     617884.20000
    117     722998.50000
    118     936456.50000
    119    1135645.00000
    120    1290328.00000
    121    1506780.00000
    122    1666394.00000
    123    1562668.00000
    124    1315652.00000
    125    1158903.00000
    126    1166122.00000
    127    1315373.00000
    128    1518310.00000
    129    1698336.00000
    130    1855941.00000
    131    2004922.00000
    132    2146438.00000
    133    2257005.00000
    134    2352283.00000
    135    2550549.00000
    136    2938321.00000
    137    3546528.00000
    138    4557706.00000
    139    6220616.00000
    140    8746297.00000
    141    12977670.00000
    142    19929300.00000
    143    27590050.00000
    144    30366620.00000
    145    25291390.00000
    146    16351550.00000
    147    9402657.00000
    148    6011240.00000
    149    4521217.00000
    150    3579470.00000
    151    2854042.00000
    152    2334652.00000
    153    1995464.00000
    154    1764515.00000
    155    1547811.00000
    156    1321905.00000
    157    1156076.00000
    158    1053858.00000
    159     961729.10000
    160     891426.60000
    161     833936.90000
    162     765072.60000
    163     742341.00000
    164     766607.10000
    165     777340.40000
    166     805182.60000
    167     847875.00000
    168     835581.30000
    169     803197.80000
    170     815498.60000
    171     846990.50000
    172     865577.80000
    173     884305.00000
    174     925376.10000
    175    1018001.00000
    176    1163388.00000
    177    1322537.00000
    178    1513034.00000
    179    1767634.00000
    180    2022270.00000
    181    2224592.00000
    182    2461842.00000
    183    2880850.00000
    184    3585942.00000
    185    4685641.00000
    186    6413930.00000
    187    9172192.00000
    188    12628510.00000
    189    14683630.00000
    190    13471860.00000
    191    10111620.00000
    192    7107252.00000
    193    5418694.00000
    194    4622774.00000
    195    4263204.00000
    196    4250419.00000
    197    4654936.00000
    198    5591553.00000
    199    7492457.00000
    200    11060110.00000
    201    15771580.00000
    202    18730840.00000
    203    17433930.00000
    204    13175960.00000
    205    9109444.00000
    206    6547628.00000
    207    5118586.00000
    208    4380516.00000
    209    4076058.00000
    210    4092436.00000
    211    4523132.00000
    212    5374805.00000
    213    6453255.00000
    214    7914188.00000
    215    10785010.00000
    216    15368220.00000
    217    18714550.00000
    218    17369440.00000
    219    12652160.00000
    220    8521715.00000
    221    6417164.00000
    222    5670586.00000
    223    5693472.00000
    224    6287370.00000
    225    7524178.00000
    226    10316200.00000
    227    15329490.00000
    228    19408970.00000
    229    18206630.00000
    230    13171300.00000
    231    9099528.00000
    232    7495734.00000
    233    7791673.00000
    234    11147940.00000
    235    17473720.00000
    236    21143720.00000
    237    17607560.00000
    238    10699250.00000
    239    5902712.00000
    240    3673765.00000
    241    2689134.00000
    242    2348146.00000
    243    2263799.00000
    244    2296043.00000
    245    2353171.00000
    246    2240636.00000
    247    1883150.00000
    248    1451828.00000
    249    1172600.00000
    250    1046337.00000
    251     957293.40000
    252     880455.10000
    253     856486.60000
    254     880942.40000
    255     902772.80000
    256     890280.90000
    257     839670.40000
    258     773680.20000
    259     720382.20000
    260     697408.90000
    261     698791.00000
    262     701832.00000
    263     718347.80000
    264     764082.60000
    265     821201.90000
    266     847626.80000
    267     812842.40000
    268     779552.50000
    269     822776.40000
    270     895886.60000
    271     941565.10000
    272     989181.80000
    273    1057315.00000
    274    1112682.00000
    275    1148511.00000
    276    1224697.00000
    277    1374777.00000
    278    1534898.00000
    279    1678242.00000
    280    1839538.00000
    281    2001124.00000
    282    2199308.00000
    283    2534086.00000
    284    3020966.00000
    285    3665375.00000
    286    4525662.00000
    287    5653532.00000
    288    7031428.00000
    289    8395712.00000
    290    9186270.00000
    291    8930463.00000
    292    7680100.00000
    293    5954210.00000
    294    4341881.00000
    295    3182979.00000
    296    2464752.00000
    297    2004531.00000
    298    1679057.00000
    299    1422273.00000
    300    1198106.00000
    301    1026028.00000
    302     912971.20000
    303     834284.60000
    304     794764.60000
    305     798822.80000
    306     802994.30000
    307     765172.80000
    308     701325.20000
    309     658093.10000
    310     648512.80000
    311     641617.90000
    312     607467.70000
    313     563747.90000
    314     528388.20000
    315     487369.90000
    316     485475.10000
    317     547670.00000
    318     563866.30000
    319     497417.60000
    320     466939.60000
    321     506323.90000
    322     536476.00000
    323     541200.80000
    324     535055.10000
    325     494085.30000
    326     450052.10000
    327     450663.40000
    328     451961.60000
    329     412557.40000
    330     372046.00000
    331     384723.90000
    332     440990.00000
    333     479751.40000
    334     480200.10000
    335     471595.00000
    336     464157.50000
    337     451351.20000
    338     437471.00000
    339     419299.40000
    340     409503.50000
    341     428223.60000
    342     424768.90000
    343     375264.10000
    344     374979.40000
    345     453931.10000
    346     497589.90000
    347     454226.60000
    348     418885.70000
    349     430166.40000
    350     427555.00000
    351     428411.10000
    352     440002.20000
    353     409418.90000
    354     416197.90000
    355     522362.60000
    356     592908.90000
    357     542379.10000
    358     454269.70000
    359     410148.80000
    360     394773.90000
    361     369432.20000
    362     376224.00000
    363     442229.20000
    364     473301.50000
    365     433403.80000
    366     412195.80000
    367     427404.70000
    368     419743.00000
    369     392429.80000
    370     385790.20000
    371     410808.90000
    372     452463.70000
    373     471287.30000
    374     450483.90000
    375     438781.70000
    376     477899.90000
    377     558840.60000
    378     634906.70000
    379     636857.00000
    380     566848.10000
    381     500902.30000
    382     468067.00000
    383     448681.10000
    384     436516.90000
    385     440698.40000
    386     452801.60000
    387     448239.90000
    388     445716.50000
    389     478062.90000
    390     514750.20000
    391     517285.30000
    392     495892.20000
    393     475243.10000
    394     469654.20000
    395     464120.80000
    396     445709.00000
    397     437879.20000
    398     435728.20000
    399     433555.50000
    400     468540.30000
    401     504402.40000
    402     476480.10000
    403     444542.80000
    404     469193.30000
    405     486441.30000
    406     466502.90000
    407     483984.80000
    408     534308.70000
    409     525566.90000
    410     479438.90000
    411     481594.90000
    412     499681.10000
    413     475606.40000
    414     449364.80000
    415     469040.60000
    416     528774.30000
    417     578461.60000
    418     568840.40000
    419     535594.90000
    420     520116.20000
    421     499916.90000
    422     492548.70000
    423     516642.70000
    424     513984.80000
    425     473739.10000
    426     470907.00000
    427     518249.90000
    428     549938.30000
    429     559373.60000
    430     588104.40000
    431     612506.80000
    432     589470.60000
    433     552534.10000
    434     549684.80000
    435     566460.20000
    436     578975.20000
    437     583382.90000
    438     576879.40000
    439     561358.80000
    440     539108.60000
    441     545137.10000
    442     603712.30000
    443     643889.20000
    444     628238.30000
    445     620918.60000
    446     640333.40000
    447     647386.80000
    448     637331.60000
    449     639772.60000
    450     672056.80000
    451     713102.40000
    452     738581.60000
    453     734131.10000
    454     702650.20000
    455     710207.40000
    456     779057.70000
    457     811493.80000
    458     780227.80000
    459     782854.40000
    460     850711.50000
    461     914437.40000
    462     941593.00000
    463     956568.80000
    464     956403.70000
    465     930705.80000
    466     916077.60000
    467     952078.20000
    468    1032590.00000
    469    1125617.00000
    470    1207612.00000
    471    1268948.00000
    472    1327974.00000
    473    1419640.00000
    474    1530627.00000
    475    1596504.00000
    476    1622708.00000
    477    1733447.00000
    478    1931784.00000
    479    2047688.00000
    480    2095222.00000
    481    2222248.00000
    482    2383550.00000
    483    2480236.00000
    484    2554056.00000
    485    2644651.00000
    486    2679702.00000
    487    2640091.00000
    488    2611670.00000
    489    2575585.00000
    490    2465883.00000
    491    2349181.00000
    492    2274135.00000
    493    2147724.00000
    494    1927983.00000
    495    1744325.00000
    496    1671135.00000
    497    1620632.00000
    498    1532966.00000
    499    1425176.00000
    500    1330341.00000
    501    1274586.00000
    502    1242291.00000
    503    1194596.00000
    504    1102217.00000
    505    1001621.00000
    506     984397.80000
    507    1017651.00000
    508     983082.70000
    509     918079.80000
    510     896783.40000
    511     868704.00000
    512     843059.40000
    513     860466.10000
    514     851759.80000
    515     817084.50000
    516     833455.10000
    517     878841.00000
    518     906539.50000
    519     915983.20000
    520     917077.40000
    521     938105.50000
    522     969086.60000
    523     967662.50000
    524     969208.80000
    525    1004780.00000
    526    1025606.00000
    527    1040846.00000
    528    1103693.00000
    529    1181020.00000
    530    1216472.00000
    531    1222726.00000
    532    1244619.00000
    533    1309936.00000
    534    1415359.00000
    535    1526566.00000
    536    1605126.00000
    537    1649646.00000
    538    1725452.00000
    539    1899678.00000
    540    2175914.00000
    541    2599804.00000
    542    3236898.00000
    543    4147985.00000
    544    5568672.00000
    545    7353450.00000
    546    8333929.00000
    547    7560762.00000
    548    5714886.00000
    549    4078428.00000
    550    3020360.00000
    551    2292480.00000
    552    1789030.00000
    553    1516800.00000
    554    1381101.00000
    555    1238404.00000
    556    1085662.00000
    557    1024257.00000
    558    1014718.00000
    559     956369.60000
    560     894113.80000
    561     883756.80000
    562     885577.20000
    563     849063.10000
    564     767961.40000
    565     718744.40000
    566     734201.90000
    567     714826.90000
    568     651214.90000
    569     628293.10000
    570     640406.90000
    571     659148.60000
    572     681086.40000
    573     713423.30000
    574     765241.70000
    575     764561.70000
    576     665677.90000
    577     573390.60000
    578     572446.90000
    579     613393.50000
    580     626695.80000
    581     607103.50000
    582     579755.60000
    583     551989.60000
    584     543151.40000
    585     575543.50000
    586     582232.90000
    587     516362.80000
    588     467277.40000
    589     453618.20000
    590     407119.70000
    591     384292.60000
    592     435174.00000
    593     479978.20000
    594     471998.60000
    595     433305.60000
    596     410768.10000
    597     453958.80000
    598     509108.60000
    599     491217.50000
    600     454385.30000
    601     471432.80000
    602     501681.50000
    603     512481.00000
    604     524903.70000
    605     526307.80000
    606     507948.50000
    607     501665.60000
    608     494672.10000
    609     454270.20000
    610     415932.40000
    611     427154.90000
    612     466613.30000
    613     471336.20000
    614     438125.70000
    615     440581.30000
    616     492123.90000
    617     514382.50000
    618     486887.50000
    619     460097.80000
    620     447473.20000
    621     455707.20000
    622     483691.00000
    623     477350.00000
    624     443254.40000
    625     449338.80000
    626     494811.20000
    627     518184.20000
    628     477405.80000
    629     425421.90000
    630     437108.30000
    631     482809.00000
    632     513417.60000
    633     518591.70000
    634     492150.60000
    635     464230.60000
    636     477077.10000
    637     523279.50000
    638     552762.70000
    639     539676.40000
    640     525053.40000
    641     541599.80000
    642     561091.70000
    643     554955.50000
    644     528970.90000
    645     506526.60000
