      1     348679.60000
      2     338757.00000
      3     292398.60000
      4     288002.80000
      5     368165.70000
      6     438278.50000
      7     426755.40000
      8     383658.60000
      9     363598.40000
     10     362815.00000
     11     378467.90000
     12     411765.30000
     13     425747.50000
     14     405853.40000
     15     410996.00000
     16     448295.50000
     17     436330.20000
     18     386920.30000
     19     377488.10000
     20     382792.70000
     21     382164.90000
     22     423227.80000
     23     478952.00000
     24     473757.80000
     25     413812.60000
     26     368493.40000
     27     358667.90000
     28     353239.40000
     29     361097.50000
     30     399608.90000
     31     434119.60000
     32     436301.10000
     33     415490.90000
     34     386981.40000
     35     378557.00000
     36     420148.70000
     37     464657.10000
     38     447678.00000
     39     413187.70000
     40     408615.80000
     41     396360.60000
     42     355272.40000
     43     335881.80000
     44     387357.10000
     45     453555.60000
     46     462837.40000
     47     453481.00000
     48     450058.30000
     49     429232.70000
     50     413787.20000
     51     412200.30000
     52     410177.20000
     53     420655.50000
     54     435048.40000
     55     437544.30000
     56     446478.80000
     57     462340.00000
     58     458749.50000
     59     435926.70000
     60     427253.70000
     61     461528.60000
     62     512218.40000
     63     510259.60000
     64     467887.60000
     65     472458.70000
     66     508558.80000
     67     501299.50000
     68     478615.10000
     69     480508.90000
     70     481561.40000
     71     480810.40000
     72     498002.90000
     73     515209.80000
     74     508254.80000
     75     504571.80000
     76     551544.60000
     77     605013.70000
     78     566846.40000
     79     473713.40000
     80     447469.60000
     81     472465.10000
     82     477506.00000
     83     483337.50000
     84     487636.80000
     85     467046.20000
     86     465257.90000
     87     484900.90000
     88     484114.80000
     89     482550.50000
     90     498538.40000
     91     517807.20000
     92     560925.90000
     93     611195.10000
     94     596015.50000
     95     541884.50000
     96     528978.00000
     97     538466.40000
     98     543303.80000
     99     575229.50000
    100     618103.90000
    101     625182.20000
    102     605281.30000
    103     578569.80000
    104     564455.00000
    105     585862.10000
    106     607256.40000
    107     608447.30000
    108     632899.80000
    109     681920.80000
    110     746667.70000
    111     836765.70000
    112     903510.90000
    113     909047.40000
    114     905772.90000
    115     965104.20000
    116    1072487.00000
    117    1151067.00000
    118    1222147.00000
    119    1347216.00000
    120    1455249.00000
    121    1495060.00000
    122    1527819.00000
    123    1561517.00000
    124    1588053.00000
    125    1649958.00000
    126    1748026.00000
    127    1871439.00000
    128    2046375.00000
    129    2279348.00000
    130    2540952.00000
    131    2797536.00000
    132    3045740.00000
    133    3289230.00000
    134    3499107.00000
    135    3676173.00000
    136    3908238.00000
    137    4320727.00000
    138    5017306.00000
    139    6086050.00000
    140    7673840.00000
    141    9918324.00000
    142    12543310.00000
    143    14663150.00000
    144    15266620.00000
    145    13927070.00000
    146    11224780.00000
    147    8423622.00000
    148    6398292.00000
    149    5119664.00000
    150    4236864.00000
    151    3585138.00000
    152    3133692.00000
    153    2843766.00000
    154    2657150.00000
    155    2551545.00000
    156    2483103.00000
    157    2348436.00000
    158    2129150.00000
    159    1892229.00000
    160    1669470.00000
    161    1495576.00000
    162    1392262.00000
    163    1297973.00000
    164    1184096.00000
    165    1099683.00000
    166    1054280.00000
    167    1045728.00000
    168    1079700.00000
    169    1097794.00000
    170    1071307.00000
    171    1051713.00000
    172    1077538.00000
    173    1138752.00000
    174    1191397.00000
    175    1239360.00000
    176    1317063.00000
    177    1411218.00000
    178    1538994.00000
    179    1709531.00000
    180    1861037.00000
    181    1974207.00000
    182    2091916.00000
    183    2286552.00000
    184    2626870.00000
    185    3142975.00000
    186    3865904.00000
    187    4841945.00000
    188    6104872.00000
    189    7427074.00000
    190    8133499.00000
    191    7755502.00000
    192    6695092.00000
    193    5700590.00000
    194    5082784.00000
    195    4757122.00000
    196    4655516.00000
    197    4884875.00000
    198    5567001.00000
    199    6681737.00000
    200    8113647.00000
    201    9558323.00000
    202    10376620.00000
    203    10041350.00000
    204    8771078.00000
    205    7303442.00000
    206    6141592.00000
    207    5347202.00000
    208    4846128.00000
    209    4670023.00000
    210    4912726.00000
    211    5556150.00000
    212    6513224.00000
    213    7789879.00000
    214    9524511.00000
    215    11675350.00000
    216    13342260.00000
    217    13185690.00000
    218    11180310.00000
    219    8769814.00000
    220    7070905.00000
    221    6239598.00000
    222    6144424.00000
    223    6657104.00000
    224    7665807.00000
    225    9159461.00000
    226    11250380.00000
    227    13391690.00000
    228    13916370.00000
    229    12112900.00000
    230    9513778.00000
    231    7745283.00000
    232    6996594.00000
    233    7353858.00000
    234    10046460.00000
    235    14712130.00000
    236    16980620.00000
    237    13983480.00000
    238    8817622.00000
    239    5214854.00000
    240    3444746.00000
    241    2622684.00000
    242    2257483.00000
    243    2084956.00000
    244    2042573.00000
    245    2030728.00000
    246    1895304.00000
    247    1645156.00000
    248    1415734.00000
    249    1245607.00000
    250    1090801.00000
    251     985313.70000
    252     964555.20000
    253     985391.60000
    254    1004656.00000
    255    1030040.00000
    256    1061736.00000
    257    1040270.00000
    258     946059.70000
    259     865399.50000
    260     871778.90000
    261     913356.30000
    262     907878.60000
    263     886140.60000
    264     896435.20000
    265     889913.20000
    266     845919.60000
    267     831603.90000
    268     863620.80000
    269     909778.90000
    270     979858.90000
    271    1048263.00000
    272    1067584.00000
    273    1095448.00000
    274    1188784.00000
    275    1278922.00000
    276    1308134.00000
    277    1349236.00000
    278    1470629.00000
    279    1625773.00000
    280    1769765.00000
    281    1920514.00000
    282    2115180.00000
    283    2401995.00000
    284    2782523.00000
    285    3246417.00000
    286    3848538.00000
    287    4523296.00000
    288    5014072.00000
    289    5127716.00000
    290    4820734.00000
    291    4171857.00000
    292    3412145.00000
    293    2748428.00000
    294    2224691.00000
    295    1834503.00000
    296    1564437.00000
    297    1371362.00000
    298    1232791.00000
    299    1152880.00000
    300    1098667.00000
    301    1027236.00000
    302     960848.50000
    303     927180.80000
    304     912716.80000
    305     895023.70000
    306     850783.00000
    307     803225.80000
    308     781875.10000
    309     759084.20000
    310     730500.20000
    311     716120.40000
    312     718503.90000
    313     725334.10000
    314     703660.10000
    315     681384.80000
    316     707227.00000
    317     719490.10000
    318     671910.10000
    319     637181.50000
    320     638698.10000
    321     611037.80000
    322     576817.60000
    323     594448.10000
    324     609967.40000
    325     605006.10000
    326     641820.90000
    327     681670.50000
    328     651442.10000
    329     603172.90000
    330     616988.30000
    331     664876.20000
    332     683087.80000
    333     658209.60000
    334     594059.90000
    335     544307.90000
    336     570025.20000
    337     609715.90000
    338     597138.80000
    339     580804.20000
    340     600773.90000
    341     609408.40000
    342     578722.10000
    343     582477.50000
    344     638877.40000
    345     648709.50000
    346     604606.80000
    347     582735.80000
    348     591763.40000
    349     610630.90000
    350     624368.90000
    351     620581.30000
    352     608636.40000
    353     600457.50000
    354     596644.80000
    355     607897.80000
    356     651375.50000
    357     691148.60000
    358     671295.40000
    359     615205.50000
    360     564081.40000
    361     524214.10000
    362     532631.90000
    363     605045.10000
    364     670377.60000
    365     668432.10000
    366     620465.30000
    367     575131.40000
    368     567155.40000
    369     604907.90000
    370     649585.60000
    371     658546.90000
    372     629291.80000
    373     585843.30000
    374     575197.70000
    375     608979.60000
    376     650242.60000
    377     703663.70000
    378     763106.60000
    379     766156.30000
    380     705785.20000
    381     639468.90000
    382     612386.80000
    383     617248.00000
    384     617303.10000
    385     616162.60000
    386     628518.60000
    387     638552.70000
    388     637573.40000
    389     626705.80000
    390     610812.60000
    391     609245.90000
    392     637149.00000
    393     668509.70000
    394     664324.40000
    395     645381.60000
    396     643899.60000
    397     643723.20000
    398     636394.90000
    399     636981.00000
    400     643279.90000
    401     634525.60000
    402     617358.90000
    403     626211.90000
    404     658297.90000
    405     676659.00000
    406     648606.10000
    407     591446.90000
    408     572865.70000
    409     589042.90000
    410     605548.80000
    411     643990.90000
    412     662846.70000
    413     632077.50000
    414     621487.80000
    415     627454.60000
    416     625721.10000
    417     652620.40000
    418     661791.20000
    419     619833.50000
    420     604858.90000
    421     628874.80000
    422     636302.90000
    423     619505.60000
    424     577903.90000
    425     528952.90000
    426     527831.20000
    427     579508.10000
    428     628581.90000
    429     623498.70000
    430     586005.90000
    431     595286.30000
    432     632581.90000
    433     616537.60000
    434     571700.30000
    435     559200.20000
    436     590705.10000
    437     649156.20000
    438     680163.20000
    439     658938.60000
    440     632832.90000
    441     631356.10000
    442     638852.60000
    443     640217.90000
    444     634129.20000
    445     632941.30000
    446     634635.40000
    447     623757.00000
    448     622930.60000
    449     644296.90000
    450     651619.60000
    451     648740.10000
    452     666579.10000
    453     682380.40000
    454     657860.40000
    455     611302.50000
    456     609796.60000
    457     659253.60000
    458     684064.30000
    459     674573.90000
    460     673873.70000
    461     661810.30000
    462     639127.40000
    463     656716.40000
    464     701448.20000
    465     724314.80000
    466     703980.80000
    467     656426.60000
    468     644535.40000
    469     668801.40000
    470     657632.10000
    471     636049.80000
    472     668909.80000
    473     724348.40000
    474     758372.60000
    475     773972.70000
    476     780844.90000
    477     778354.40000
    478     765379.80000
    479     768893.80000
    480     787438.80000
    481     765032.30000
    482     722390.60000
    483     728773.10000
    484     765802.60000
    485     792606.20000
    486     800693.40000
    487     788395.70000
    488     783781.80000
    489     800497.60000
    490     801071.70000
    491     778911.20000
    492     779179.00000
    493     803635.50000
    494     800809.20000
    495     763916.80000
    496     733813.50000
    497     727874.90000
    498     731771.00000
    499     725492.10000
    500     705427.90000
    501     687644.60000
    502     698086.20000
    503     740056.90000
    504     766781.80000
    505     754213.20000
    506     728499.10000
    507     698824.20000
    508     685568.30000
    509     713644.90000
    510     744736.60000
    511     743767.20000
    512     739339.90000
    513     763078.80000
    514     793867.10000
    515     806909.80000
    516     812917.40000
    517     811772.80000
    518     830324.40000
    519     874989.90000
    520     856998.60000
    521     805595.10000
    522     828969.60000
    523     874457.70000
    524     901406.80000
    525     950941.60000
    526     994563.10000
    527    1002518.00000
    528     987558.80000
    529     972558.40000
    530     994752.00000
    531    1056358.00000
    532    1114276.00000
    533    1136936.00000
    534    1150548.00000
    535    1217958.00000
    536    1336945.00000
    537    1437855.00000
    538    1518108.00000
    539    1643482.00000
    540    1820045.00000
    541    2016040.00000
    542    2276353.00000
    543    2697858.00000
    544    3322703.00000
    545    4064162.00000
    546    4607686.00000
    547    4557188.00000
    548    3932093.00000
    549    3167588.00000
    550    2548746.00000
    551    2085070.00000
    552    1749134.00000
    553    1523523.00000
    554    1361649.00000
    555    1217079.00000
    556    1105375.00000
    557    1044327.00000
    558     997957.70000
    559     966315.10000
    560     958253.40000
    561     934802.10000
    562     900753.10000
    563     885407.90000
    564     856518.50000
    565     800061.20000
    566     781511.10000
    567     839930.10000
    568     915367.10000
    569     932179.60000
    570     899069.40000
    571     872390.40000
    572     870214.80000
    573     892116.10000
    574     943944.30000
    575     978712.80000
    576     923546.10000
    577     819890.10000
    578     768189.20000
    579     744361.80000
    580     708187.90000
    581     712908.20000
    582     752291.20000
    583     777875.00000
    584     793974.60000
    585     786911.90000
    586     742626.60000
    587     701477.40000
    588     697797.10000
    589     711510.80000
    590     717090.50000
    591     730628.80000
    592     752697.90000
    593     763535.30000
    594     776820.60000
    595     785959.10000
    596     762081.30000
    597     729079.30000
    598     725469.00000
    599     736114.40000
    600     724875.60000
    601     707863.30000
    602     711251.50000
    603     701062.50000
    604     678333.10000
    605     701360.90000
    606     752171.50000
    607     762214.90000
    608     729461.60000
    609     701746.10000
    610     712294.60000
    611     755524.80000
    612     778692.80000
    613     743217.70000
    614     699970.60000
    615     706136.10000
    616     732244.10000
    617     724996.40000
    618     699997.00000
    619     712451.10000
    620     731440.10000
    621     705203.30000
    622     684072.10000
    623     704757.00000
    624     745207.40000
    625     764406.40000
    626     724175.20000
    627     681470.10000
    628     688597.20000
    629     714786.20000
    630     761677.40000
    631     798725.50000
    632     759352.00000
    633     692019.30000
    634     672134.80000
    635     691973.60000
    636     736508.10000
    637     789598.00000
    638     812258.10000
    639     809004.90000
    640     788931.20000
    641     734024.00000
    642     698134.20000
    643     728908.40000
    644     762991.10000
    645     751451.50000
