      1     337328.90000
      2     325026.60000
      3     311360.40000
      4     294887.00000
      5     340660.90000
      6     419521.20000
      7     432054.60000
      8     407565.20000
      9     411087.20000
     10     413875.00000
     11     409224.30000
     12     432396.00000
     13     465253.40000
     14     455199.90000
     15     399855.50000
     16     359804.50000
     17     359995.00000
     18     362482.30000
     19     374885.20000
     20     423621.90000
     21     451713.80000
     22     430752.10000
     23     423734.80000
     24     442610.40000
     25     442308.60000
     26     409433.40000
     27     376993.10000
     28     397008.60000
     29     439666.70000
     30     427805.70000
     31     388503.00000
     32     384814.80000
     33     397060.20000
     34     390676.40000
     35     381668.90000
     36     389952.30000
     37     406134.60000
     38     404729.80000
     39     375763.30000
     40     367773.10000
     41     410773.50000
     42     450582.50000
     43     467292.20000
     44     479249.20000
     45     450888.70000
     46     386698.70000
     47     377632.90000
     48     441350.70000
     49     473039.90000
     50     437523.90000
     51     429985.80000
     52     472781.10000
     53     485849.20000
     54     469666.10000
     55     473500.80000
     56     472213.60000
     57     461715.80000
     58     493403.00000
     59     535918.60000
     60     528809.40000
     61     511702.10000
     62     518589.40000
     63     494797.90000
     64     425314.30000
     65     393978.80000
     66     440900.80000
     67     496268.20000
     68     519556.60000
     69     540374.30000
     70     547935.10000
     71     524064.40000
     72     523246.90000
     73     563060.90000
     74     572363.90000
     75     553336.60000
     76     579106.20000
     77     617309.60000
     78     606564.80000
     79     578759.30000
     80     570699.80000
     81     585888.50000
     82     597076.10000
     83     568853.60000
     84     547661.90000
     85     586617.10000
     86     635642.10000
     87     630505.50000
     88     592054.70000
     89     586249.40000
     90     627968.00000
     91     671666.80000
     92     688130.90000
     93     695404.60000
     94     712085.80000
     95     719579.80000
     96     686002.50000
     97     627982.40000
     98     642018.30000
     99     748151.80000
    100     798593.90000
    101     759573.80000
    102     767079.00000
    103     820287.60000
    104     836953.20000
    105     855781.90000
    106     903335.80000
    107     901430.00000
    108     850524.10000
    109     871833.50000
    110     968966.50000
    111    1030114.00000
    112    1066418.00000
    113    1136478.00000
    114    1185958.00000
    115    1188531.00000
    116    1231834.00000
    117    1345147.00000
    118    1457375.00000
    119    1564845.00000
    120    1721242.00000
    121    1922410.00000
    122    2172764.00000
    123    2498651.00000
    124    2883768.00000
    125    3365587.00000
    126    4067960.00000
    127    5058654.00000
    128    6289556.00000
    129    7583750.00000
    130    8542584.00000
    131    8655094.00000
    132    7787414.00000
    133    6401218.00000
    134    5065247.00000
    135    4025624.00000
    136    3309850.00000
    137    2864018.00000
    138    2578040.00000
    139    2375240.00000
    140    2221252.00000
    141    2097722.00000
    142    2025180.00000
    143    1978364.00000
    144    1921066.00000
    145    1933328.00000
    146    2035864.00000
    147    2148080.00000
    148    2300930.00000
    149    2548540.00000
    150    2854733.00000
    151    3198524.00000
    152    3641376.00000
    153    4312354.00000
    154    5225198.00000
    155    6177048.00000
    156    6926449.00000
    157    7247750.00000
    158    6954894.00000
    159    6120038.00000
    160    5056616.00000
    161    4033372.00000
    162    3167312.00000
    163    2512333.00000
    164    2084416.00000
    165    1819102.00000
    166    1623706.00000
    167    1458819.00000
    168    1316464.00000
    169    1196144.00000
    170    1127244.00000
    171    1125818.00000
    172    1129725.00000
    173    1083705.00000
    174    1033465.00000
    175    1008204.00000
    176     976214.10000
    177     954097.00000
    178     951500.20000
    179     950972.90000
    180     993148.10000
    181    1064758.00000
    182    1083280.00000
    183    1071398.00000
    184    1077799.00000
    185    1076541.00000
    186    1096016.00000
    187    1175176.00000
    188    1263624.00000
    189    1352826.00000
    190    1468734.00000
    191    1562931.00000
    192    1609673.00000
    193    1634953.00000
    194    1657426.00000
    195    1721203.00000
    196    1817839.00000
    197    1870150.00000
    198    1930162.00000
    199    2129688.00000
    200    2451292.00000
    201    2816596.00000
    202    3224770.00000
    203    3662702.00000
    204    4120793.00000
    205    4670574.00000
    206    5467696.00000
    207    6713734.00000
    208    8684776.00000
    209    12289280.00000
    210    17772410.00000
    211    21599830.00000
    212    19620550.00000
    213    13668510.00000
    214    8727079.00000
    215    6400446.00000
    216    5669725.00000
    217    5798145.00000
    218    6532001.00000
    219    7680452.00000
    220    9218196.00000
    221    11464800.00000
    222    15968940.00000
    223    24931870.00000
    224    34745590.00000
    225    35769700.00000
    226    26133930.00000
    227    14819480.00000
    228    8041262.00000
    229    4946768.00000
    230    3583465.00000
    231    2934764.00000
    232    2528206.00000
    233    2280746.00000
    234    2107026.00000
    235    1947106.00000
    236    1808784.00000
    237    1720758.00000
    238    1638503.00000
    239    1483307.00000
    240    1322605.00000
    241    1223171.00000
    242    1137451.00000
    243    1033060.00000
    244     934613.20000
    245     871173.60000
    246     851414.00000
    247     855426.60000
    248     843097.80000
    249     807918.80000
    250     777491.10000
    251     764007.00000
    252     736451.00000
    253     653270.40000
    254     575267.90000
    255     576940.40000
    256     579801.80000
    257     511067.50000
    258     446653.10000
    259     452634.90000
    260     470972.80000
    261     451650.10000
    262     441674.00000
    263     454081.00000
    264     457158.80000
    265     465050.90000
    266     467543.70000
    267     439105.40000
    268     404994.20000
    269     377082.40000
    270     339863.70000
    271     301363.80000
    272     305312.60000
    273     354913.20000
    274     375429.30000
    275     364923.60000
    276     364641.10000
    277     338297.10000
    278     322893.90000
    279     373951.40000
    280     413624.10000
    281     404293.60000
    282     375017.80000
    283     343718.10000
    284     356777.30000
    285     393342.40000
    286     373983.10000
    287     306882.80000
    288     252031.80000
    289     249129.60000
    290     293935.20000
    291     327090.00000
    292     326143.50000
    293     328220.80000
    294     316987.60000
    295     287594.80000
    296     310364.60000
    297     347626.00000
    298     318638.10000
    299     296162.00000
    300     321225.10000
    301     329128.40000
    302     324205.80000
    303     331699.10000
    304     334373.20000
    305     329255.00000
    306     324497.10000
    307     342510.90000
    308     362912.20000
    309     313618.40000
    310     253598.30000
    311     279225.40000
    312     299560.60000
    313     269174.00000
    314     287296.40000
    315     331594.60000
    316     330551.10000
    317     308029.30000
    318     277839.70000
    319     258703.30000
    320     290570.80000
    321     354806.50000
    322     396764.70000
    323     390111.20000
    324     366313.90000
    325     362827.50000
    326     367345.80000
    327     368098.70000
    328     367285.10000
    329     358041.90000
    330     342688.80000
    331     336651.80000
    332     347477.60000
    333     340966.70000
    334     308654.50000
    335     320652.40000
    336     363132.70000
    337     337169.10000
    338     266312.10000
    339     249397.50000
    340     303632.20000
    341     363493.40000
    342     359421.40000
    343     318596.70000
    344     300132.20000
    345     259768.20000
    346     189829.70000
    347     190312.00000
    348     258216.20000
    349     304387.20000
    350     316440.90000
    351     322700.60000
    352     334526.40000
    353     331360.70000
    354     315358.20000
    355     334822.60000
    356     361651.40000
    357     355823.20000
    358     352186.90000
    359     337677.00000
    360     314446.40000
    361     343811.40000
    362     389469.80000
    363     388756.00000
    364     368062.10000
    365     357247.50000
    366     349383.10000
    367     335988.60000
    368     336574.40000
    369     357970.40000
    370     349728.30000
    371     313744.60000
    372     325150.30000
    373     382222.60000
    374     409737.60000
    375     388029.20000
    376     369897.90000
    377     381256.80000
    378     395377.30000
    379     401335.20000
    380     398542.10000
    381     390112.50000
    382     390776.00000
    383     383496.20000
    384     351797.80000
    385     329056.80000
    386     354407.10000
    387     401939.90000
    388     411743.20000
    389     395423.90000
    390     392887.50000
    391     389101.70000
    392     357686.50000
    393     317290.30000
    394     330140.50000
    395     385412.80000
    396     387184.50000
    397     339741.30000
    398     322638.10000
    399     347507.40000
    400     388777.40000
    401     413757.10000
    402     398725.60000
    403     387810.90000
    404     428991.20000
    405     460829.40000
    406     412950.00000
    407     354910.80000
    408     367849.30000
    409     402139.10000
    410     402612.10000
    411     397923.50000
    412     395436.80000
    413     353191.50000
    414     301100.20000
    415     327336.70000
    416     404960.80000
    417     423589.90000
    418     377431.50000
    419     348410.20000
    420     369573.20000
    421     393754.80000
    422     378989.20000
    423     358256.80000
    424     362484.80000
    425     371975.50000
    426     386018.80000
    427     409839.50000
    428     418397.10000
    429     409928.70000
    430     399081.80000
    431     369752.70000
    432     331940.20000
    433     331955.70000
    434     370028.10000
    435     420618.20000
    436     442572.40000
    437     383862.60000
    438     307108.20000
    439     316224.10000
    440     388797.10000
    441     452372.20000
    442     444058.90000
    443     355187.10000
    444     292997.40000
    445     318149.60000
    446     373003.10000
    447     400530.90000
    448     381455.40000
    449     371327.60000
    450     408981.30000
    451     408378.00000
    452     356285.80000
    453     346348.80000
    454     379990.60000
    455     406808.40000
    456     405636.20000
    457     378837.10000
    458     372659.50000
    459     396527.60000
    460     374081.40000
    461     300716.30000
    462     300679.20000
    463     389031.50000
    464     427122.70000
    465     407588.10000
    466     424314.20000
    467     443546.70000
    468     409633.00000
    469     360279.40000
    470     338087.50000
    471     332061.30000
    472     307280.30000
    473     288419.10000
    474     319015.60000
    475     359694.70000
    476     374339.20000
    477     376114.60000
    478     368545.50000
    479     369039.80000
    480     388184.90000
    481     405503.40000
    482     413706.70000
    483     407279.20000
    484     386166.20000
    485     377359.70000
    486     393159.80000
    487     408679.30000
    488     388340.50000
    489     332697.80000
    490     297328.10000
    491     318825.40000
    492     366041.40000
    493     398432.40000
    494     392197.70000
    495     358312.50000
    496     356555.20000
    497     398577.70000
    498     438488.50000
    499     442751.20000
    500     388335.00000
    501     329160.10000
    502     358026.40000
    503     441572.10000
    504     482355.90000
    505     453952.70000
    506     391389.20000
    507     347503.90000
    508     361403.60000
    509     413316.90000
    510     415641.70000
    511     360806.40000
    512     352752.60000
    513     372595.80000
    514     349456.40000
    515     356331.40000
    516     402216.60000
    517     414313.60000
    518     424595.20000
    519     437437.30000
    520     417349.10000
    521     387866.70000
    522     352647.50000
    523     346454.60000
    524     413130.50000
    525     463465.10000
    526     427703.40000
    527     389139.40000
    528     408522.80000
    529     432356.80000
    530     416882.10000
    531     380929.20000
    532     362100.10000
    533     379893.20000
    534     406720.20000
    535     402907.20000
    536     362950.70000
    537     330989.10000
    538     349008.90000
    539     374190.10000
    540     385388.20000
    541     420299.20000
    542     436844.90000
    543     391929.40000
    544     340011.80000
    545     349772.30000
    546     418868.40000
    547     461389.40000
    548     440412.70000
    549     409105.40000
    550     385240.60000
    551     371663.40000
    552     385580.10000
    553     403790.80000
    554     413578.50000
    555     423364.40000
    556     407485.30000
    557     363546.70000
    558     341951.00000
    559     366131.20000
    560     411036.20000
    561     448101.30000
    562     466148.90000
    563     466815.20000
    564     455789.20000
    565     450618.70000
    566     475666.80000
    567     503267.30000
    568     469463.60000
    569     389774.60000
    570     338436.90000
    571     347826.30000
    572     406685.60000
    573     476968.70000
    574     527407.40000
    575     537416.10000
    576     492266.20000
    577     455255.20000
    578     474982.80000
    579     481039.60000
    580     453588.30000
    581     458163.90000
    582     476403.40000
    583     458000.90000
    584     450261.80000
    585     477629.40000
    586     460326.20000
    587     396991.20000
    588     378388.10000
    589     393142.30000
    590     377719.90000
    591     356723.90000
    592     382755.60000
    593     439939.90000
    594     469651.60000
    595     467445.30000
    596     463052.00000
    597     448649.60000
    598     444085.80000
    599     466979.70000
    600     450688.30000
    601     393065.60000
    602     387366.20000
    603     431527.00000
    604     431958.40000
    605     369206.80000
    606     337040.20000
    607     390197.70000
    608     451450.20000
    609     458949.40000
    610     447684.80000
    611     447898.40000
    612     451302.90000
    613     450507.40000
    614     445771.70000
    615     438226.10000
    616     433148.20000
    617     440734.60000
    618     464333.00000
    619     484308.00000
    620     466128.10000
    621     425513.80000
    622     426902.80000
    623     461952.80000
    624     475650.80000
    625     490006.20000
    626     523356.10000
    627     538523.90000
    628     545661.20000
    629     548144.80000
    630     503840.40000
    631     468757.00000
    632     510677.60000
    633     544327.30000
    634     514085.70000
    635     486072.80000
    636     485430.40000
    637     503436.80000
    638     537006.20000
    639     554201.20000
    640     544257.20000
    641     532747.10000
    642     539495.30000
    643     539760.90000
    644     507605.80000
    645     485961.80000
