      1      85440.75000
      2     120396.20000
      3     156758.90000
      4     137178.40000
      5     112035.80000
      6     120071.00000
      7     153390.40000
      8     166000.40000
      9     136997.50000
     10     120027.20000
     11     143742.00000
     12     172035.20000
     13     175682.20000
     14     161268.60000
     15     155822.80000
     16     167551.30000
     17     166818.60000
     18     158334.10000
     19     186042.60000
     20     215578.10000
     21     187420.70000
     22     134140.50000
     23     118234.10000
     24     154285.80000
     25     174738.60000
     26     131254.10000
     27      97631.00000
     28     120024.70000
     29     170342.40000
     30     214078.80000
     31     195075.60000
     32     139104.70000
     33     122956.70000
     34     116081.10000
     35     105994.00000
     36     143252.60000
     37     176867.20000
     38     156263.50000
     39     126922.80000
     40      89662.75000
     41      45021.44000
     42      61388.75000
     43     141892.40000
     44     203994.90000
     45     194343.90000
     46     146491.30000
     47     107330.80000
     48      87802.44000
     49     113923.40000
     50     171794.80000
     51     197343.20000
     52     184266.10000
     53     164589.20000
     54     158452.20000
     55     156693.60000
     56     135861.10000
     57     131334.40000
     58     172214.40000
     59     203905.80000
     60     195588.40000
     61     177530.40000
     62     169731.60000
     63     170681.50000
     64     163535.40000
     65     144380.70000
     66     137870.40000
     67     141350.10000
     68     130605.60000
     69     115109.20000
     70     125918.60000
     71     167206.40000
     72     197139.60000
     73     186039.90000
     74     170706.90000
     75     178627.50000
     76     169417.80000
     77     134176.00000
     78     138768.00000
     79     195197.00000
     80     222288.40000
     81     192997.00000
     82     173472.50000
     83     179228.90000
     84     183108.80000
     85     203453.90000
     86     222443.90000
     87     193713.50000
     88     137609.20000
     89     100360.60000
     90     102381.90000
     91     119331.90000
     92     125219.50000
     93     136161.60000
     94     141402.80000
     95     134284.40000
     96     171802.60000
     97     238000.90000
     98     239030.20000
     99     202647.40000
    100     210284.00000
    101     213456.40000
    102     176390.80000
    103     174291.80000
    104     205365.80000
    105     186902.60000
    106     154776.20000
    107     177519.20000
    108     191610.40000
    109     159169.50000
    110     138542.10000
    111     151699.40000
    112     183715.00000
    113     214496.90000
    114     233398.20000
    115     245168.90000
    116     260070.90000
    117     293631.60000
    118     335506.20000
    119     384745.10000
    120     451459.40000
    121     515931.20000
    122     574948.00000
    123     639810.00000
    124     764955.20000
    125    1022314.00000
    126    1278674.00000
    127    1278058.00000
    128    1073732.00000
    129     952573.50000
    130     980548.50000
    131    1057586.00000
    132    1166940.00000
    133    1349648.00000
    134    1573508.00000
    135    1765425.00000
    136    1987074.00000
    137    2387911.00000
    138    3203758.00000
    139    4438770.00000
    140    6143206.00000
    141    9604633.00000
    142    15130580.00000
    143    19998950.00000
    144    21746260.00000
    145    19479620.00000
    146    13605200.00000
    147    7497484.00000
    148    4231445.00000
    149    3105591.00000
    150    2581177.00000
    151    2234930.00000
    152    1936468.00000
    153    1656377.00000
    154    1348330.00000
    155    1031228.00000
    156     836578.40000
    157     737968.50000
    158     662547.20000
    159     621835.80000
    160     609615.80000
    161     592208.50000
    162     575494.10000
    163     567782.60000
    164     540147.60000
    165     493358.90000
    166     460715.40000
    167     462305.70000
    168     488983.40000
    169     502688.20000
    170     482920.20000
    171     446083.20000
    172     432950.60000
    173     481613.50000
    174     565309.90000
    175     628895.50000
    176     691060.50000
    177     812338.40000
    178     983871.20000
    179    1156045.00000
    180    1310243.00000
    181    1433186.00000
    182    1574273.00000
    183    1839670.00000
    184    2333566.00000
    185    3124059.00000
    186    4259857.00000
    187    6522854.00000
    188    10440840.00000
    189    13320200.00000
    190    11931610.00000
    191    7894620.00000
    192    4849446.00000
    193    3525753.00000
    194    3037987.00000
    195    2924580.00000
    196    2975138.00000
    197    3155504.00000
    198    3642447.00000
    199    4782100.00000
    200    7199438.00000
    201    11012180.00000
    202    14224350.00000
    203    14061190.00000
    204    10817680.00000
    205    7381590.00000
    206    5267380.00000
    207    4068873.00000
    208    3342684.00000
    209    2989600.00000
    210    2961793.00000
    211    3252307.00000
    212    3800326.00000
    213    4502175.00000
    214    5361326.00000
    215    6984319.00000
    216    10134380.00000
    217    13328220.00000
    218    13461180.00000
    219    10402530.00000
    220    7042167.00000
    221    5090396.00000
    222    4333986.00000
    223    4262529.00000
    224    4629710.00000
    225    5375978.00000
    226    7112158.00000
    227    10776780.00000
    228    14452970.00000
    229    14212900.00000
    230    10411120.00000
    231    7052428.00000
    232    5671161.00000
    233    5613232.00000
    234    7701521.00000
    235    12329290.00000
    236    15615540.00000
    237    13705920.00000
    238    8843602.00000
    239    5172328.00000
    240    3376342.00000
    241    2627164.00000
    242    2472250.00000
    243    2434870.00000
    244    2192075.00000
    245    1795727.00000
    246    1471168.00000
    247    1268380.00000
    248    1102164.00000
    249     982352.60000
    250     921712.90000
    251     904667.80000
    252     904967.10000
    253     872684.10000
    254     831377.20000
    255     835229.80000
    256     848920.10000
    257     823914.40000
    258     780476.10000
    259     742356.90000
    260     705643.60000
    261     670050.60000
    262     657842.20000
    263     669208.40000
    264     670744.20000
    265     685721.00000
    266     723236.90000
    267     721133.10000
    268     696440.60000
    269     706622.70000
    270     734782.80000
    271     770065.40000
    272     827154.40000
    273     876839.40000
    274     898777.80000
    275     951152.40000
    276    1058581.00000
    277    1150376.00000
    278    1222982.00000
    279    1351589.00000
    280    1498984.00000
    281    1587735.00000
    282    1699393.00000
    283    1938496.00000
    284    2294237.00000
    285    2768265.00000
    286    3418415.00000
    287    4352100.00000
    288    5689200.00000
    289    7238751.00000
    290    8310708.00000
    291    8216200.00000
    292    6990434.00000
    293    5349115.00000
    294    3943748.00000
    295    2960282.00000
    296    2300560.00000
    297    1831300.00000
    298    1504116.00000
    299    1302110.00000
    300    1147394.00000
    301     996512.00000
    302     875788.10000
    303     776710.20000
    304     713756.30000
    305     736430.00000
    306     764885.90000
    307     696476.10000
    308     608243.70000
    309     598245.80000
    310     623192.80000
    311     607849.60000
    312     563661.80000
    313     555895.10000
    314     574609.30000
    315     569537.10000
    316     569353.40000
    317     578821.90000
    318     552975.60000
    319     511506.90000
    320     480451.80000
    321     464400.50000
    322     480152.40000
    323     506809.10000
    324     523172.60000
    325     535957.20000
    326     512917.20000
    327     454427.70000
    328     437531.60000
    329     451737.60000
    330     428832.10000
    331     407162.80000
    332     415999.60000
    333     412084.20000
    334     398001.00000
    335     395271.90000
    336     401793.40000
    337     420025.50000
    338     435216.50000
    339     413893.80000
    340     379940.00000
    341     408352.70000
    342     461361.40000
    343     436545.70000
    344     390504.50000
    345     410197.00000
    346     436603.60000
    347     432234.80000
    348     435304.00000
    349     435164.00000
    350     430552.20000
    351     455906.40000
    352     481836.90000
    353     477590.90000
    354     466297.30000
    355     449770.20000
    356     423023.20000
    357     399341.20000
    358     385959.60000
    359     386274.80000
    360     393860.80000
    361     415363.90000
    362     444426.40000
    363     426267.80000
    364     383337.50000
    365     384194.60000
    366     383967.60000
    367     360496.80000
    368     375527.40000
    369     414189.70000
    370     429675.60000
    371     422319.80000
    372     396783.00000
    373     366163.70000
    374     370786.50000
    375     418505.20000
    376     431477.90000
    377     408110.40000
    378     456786.80000
    379     520101.40000
    380     477923.90000
    381     416651.40000
    382     414963.80000
    383     402668.90000
    384     371437.80000
    385     385723.60000
    386     421108.60000
    387     417490.20000
    388     390600.80000
    389     380771.50000
    390     400311.40000
    391     438397.90000
    392     449237.10000
    393     391390.80000
    394     323522.20000
    395     334866.50000
    396     372977.60000
    397     362469.30000
    398     359905.20000
    399     399494.90000
    400     437986.30000
    401     457117.70000
    402     450318.80000
    403     423517.80000
    404     406735.20000
    405     405106.10000
    406     403497.20000
    407     386436.80000
    408     352819.90000
    409     341497.10000
    410     363021.80000
    411     371818.90000
    412     363779.60000
    413     368844.70000
    414     396342.80000
    415     435283.10000
    416     445547.60000
    417     428773.80000
    418     428990.10000
    419     421275.80000
    420     379769.60000
    421     353515.60000
    422     373383.10000
    423     421127.90000
    424     456253.70000
    425     447765.90000
    426     447758.20000
    427     504063.20000
    428     541802.80000
    429     533929.80000
    430     539440.40000
    431     509902.10000
    432     431563.40000
    433     426938.00000
    434     499442.40000
    435     543067.60000
    436     528555.00000
    437     491397.60000
    438     465026.60000
    439     431750.40000
    440     396252.60000
    441     414749.30000
    442     460914.60000
    443     481951.80000
    444     487570.70000
    445     488018.20000
    446     508471.50000
    447     563707.20000
    448     596352.10000
    449     557204.00000
    450     493662.60000
    451     491469.30000
    452     549649.50000
    453     605701.20000
    454     647181.60000
    455     693031.90000
    456     731091.60000
    457     734255.50000
    458     708005.70000
    459     706729.90000
    460     774009.60000
    461     855288.10000
    462     881146.30000
    463     891762.20000
    464     921911.00000
    465     941123.60000
    466     949333.90000
    467     971047.70000
    468    1036490.00000
    469    1119962.00000
    470    1148645.00000
    471    1190311.00000
    472    1341775.00000
    473    1499351.00000
    474    1560111.00000
    475    1608308.00000
    476    1729276.00000
    477    1892772.00000
    478    2066247.00000
    479    2252404.00000
    480    2451747.00000
    481    2704739.00000
    482    3060798.00000
    483    3467704.00000
    484    3848184.00000
    485    4203584.00000
    486    4490141.00000
    487    4580584.00000
    488    4414070.00000
    489    4040404.00000
    490    3564154.00000
    491    3068816.00000
    492    2585960.00000
    493    2162502.00000
    494    1853530.00000
    495    1640774.00000
    496    1463521.00000
    497    1307319.00000
    498    1187081.00000
    499    1095984.00000
    500    1017672.00000
    501     935428.90000
    502     862745.40000
    503     841824.10000
    504     844535.90000
    505     807685.20000
    506     763986.40000
    507     767469.80000
    508     769394.60000
    509     723976.80000
    510     700694.60000
    511     761585.20000
    512     836151.40000
    513     817960.90000
    514     734625.90000
    515     696639.20000
    516     700155.10000
    517     683623.10000
    518     682244.60000
    519     720511.50000
    520     736250.90000
    521     714203.50000
    522     702246.90000
    523     708160.40000
    524     726872.40000
    525     773949.00000
    526     812588.20000
    527     783341.20000
    528     737114.20000
    529     787806.50000
    530     906271.00000
    531     975946.20000
    532    1016131.00000
    533    1082750.00000
    534    1149976.00000
    535    1216868.00000
    536    1279050.00000
    537    1317063.00000
    538    1379513.00000
    539    1513159.00000
    540    1720326.00000
    541    2018653.00000
    542    2446947.00000
    543    3135671.00000
    544    4463816.00000
    545    6446126.00000
    546    7736266.00000
    547    6957656.00000
    548    4921501.00000
    549    3335020.00000
    550    2503432.00000
    551    1941163.00000
    552    1499786.00000
    553    1211003.00000
    554    1036762.00000
    555     888952.80000
    556     741665.10000
    557     652720.40000
    558     624631.20000
    559     586373.80000
    560     550584.60000
    561     590197.00000
    562     645965.20000
    563     625447.20000
    564     555378.90000
    565     497620.30000
    566     487853.30000
    567     496848.00000
    568     484231.20000
    569     470330.10000
    570     456814.30000
    571     459781.70000
    572     529883.20000
    573     626484.90000
    574     662506.90000
    575     636940.10000
    576     592959.70000
    577     526114.20000
    578     448881.40000
    579     437640.00000
    580     493632.90000
    581     516811.50000
    582     477889.20000
    583     434358.00000
    584     406802.90000
    585     399176.20000
    586     415177.40000
    587     406253.90000
    588     377934.20000
    589     392612.20000
    590     406760.40000
    591     373727.60000
    592     349842.30000
    593     344959.20000
    594     321543.70000
    595     303875.20000
    596     330277.60000
    597     369405.20000
    598     345475.80000
    599     275565.50000
    600     274168.80000
    601     346616.10000
    602     369818.20000
    603     309340.00000
    604     255568.70000
    605     258217.10000
    606     306807.90000
    607     387755.10000
    608     428059.50000
    609     376039.20000
    610     316709.80000
    611     308509.80000
    612     291430.10000
    613     253884.80000
    614     257758.90000
    615     295808.30000
    616     322351.80000
    617     337902.20000
    618     344116.80000
    619     353534.30000
    620     385656.20000
    621     398779.10000
    622     355687.60000
    623     299281.20000
    624     285877.40000
    625     317409.90000
    626     362314.60000
    627     375526.30000
    628     345239.20000
    629     336277.80000
    630     366141.50000
    631     380943.20000
    632     380811.60000
    633     380370.20000
    634     377269.70000
    635     378605.10000
    636     379435.00000
    637     387181.60000
    638     393622.40000
    639     363196.30000
    640     320919.30000
    641     319568.90000
    642     343544.20000
    643     351845.20000
    644     336009.00000
    645     302422.30000
