      1     419997.10000
      2     436991.70000
      3     417151.70000
      4     364601.10000
      5     329513.00000
      6     345615.20000
      7     361237.40000
      8     355837.60000
      9     368242.50000
     10     382921.60000
     11     390839.20000
     12     435183.40000
     13     466053.20000
     14     424802.90000
     15     389890.30000
     16     392569.60000
     17     378561.50000
     18     370907.80000
     19     389227.50000
     20     389701.20000
     21     379396.00000
     22     391671.80000
     23     402309.70000
     24     390083.20000
     25     392451.80000
     26     436583.70000
     27     481696.10000
     28     480020.20000
     29     433458.60000
     30     371046.60000
     31     353265.90000
     32     419370.40000
     33     486949.60000
     34     476547.90000
     35     442119.60000
     36     452916.20000
     37     499200.20000
     38     520501.20000
     39     488857.80000
     40     454687.00000
     41     446461.50000
     42     447799.90000
     43     478711.90000
     44     540185.10000
     45     577141.10000
     46     572418.90000
     47     552820.20000
     48     535677.80000
     49     536517.10000
     50     551059.30000
     51     561066.80000
     52     581042.80000
     53     616487.60000
     54     641375.90000
     55     646401.80000
     56     647294.70000
     57     657731.80000
     58     663896.40000
     59     666435.30000
     60     704092.10000
     61     764317.00000
     62     795251.10000
     63     787826.00000
     64     744597.30000
     65     696920.80000
     66     718335.80000
     67     772742.00000
     68     745480.80000
     69     673050.90000
     70     654443.10000
     71     660674.30000
     72     657756.60000
     73     674120.60000
     74     695494.40000
     75     682106.50000
     76     633101.90000
     77     569331.80000
     78     509122.60000
     79     490739.70000
     80     541037.20000
     81     590623.60000
     82     565706.10000
     83     519150.30000
     84     520856.00000
     85     548294.50000
     86     571063.40000
     87     590690.80000
     88     580256.60000
     89     531829.20000
     90     504274.70000
     91     521076.40000
     92     553037.10000
     93     594254.70000
     94     633469.40000
     95     635808.80000
     96     602769.20000
     97     573449.90000
     98     565153.20000
     99     570994.20000
    100     585911.30000
    101     590008.90000
    102     581534.80000
    103     604680.60000
    104     664359.00000
    105     692227.40000
    106     662857.40000
    107     655811.40000
    108     714897.70000
    109     775595.80000
    110     803781.40000
    111     818209.60000
    112     821415.90000
    113     843424.50000
    114     923037.20000
    115    1020674.00000
    116    1076788.00000
    117    1115346.00000
    118    1158651.00000
    119    1158594.00000
    120    1128638.00000
    121    1130629.00000
    122    1154132.00000
    123    1187660.00000
    124    1251870.00000
    125    1321398.00000
    126    1354666.00000
    127    1366189.00000
    128    1414614.00000
    129    1524600.00000
    130    1666839.00000
    131    1848569.00000
    132    2110747.00000
    133    2466214.00000
    134    2987720.00000
    135    3874152.00000
    136    5553186.00000
    137    8247362.00000
    138    10607840.00000
    139    10430510.00000
    140    7792146.00000
    141    4978145.00000
    142    3312304.00000
    143    2521307.00000
    144    2146724.00000
    145    1965894.00000
    146    1879945.00000
    147    1883223.00000
    148    1955406.00000
    149    2075977.00000
    150    2264152.00000
    151    2501371.00000
    152    2768856.00000
    153    3154771.00000
    154    3762000.00000
    155    4618660.00000
    156    5678287.00000
    157    6681473.00000
    158    7139802.00000
    159    6744810.00000
    160    5742234.00000
    161    4702250.00000
    162    3992482.00000
    163    3632646.00000
    164    3516765.00000
    165    3573051.00000
    166    3764381.00000
    167    4109164.00000
    168    4691275.00000
    169    5584726.00000
    170    6779204.00000
    171    7928988.00000
    172    8241931.00000
    173    7240648.00000
    174    5447940.00000
    175    3769059.00000
    176    2625539.00000
    177    1965000.00000
    178    1602763.00000
    179    1385271.00000
    180    1243668.00000
    181    1166153.00000
    182    1144241.00000
    183    1151834.00000
    184    1154935.00000
    185    1147171.00000
    186    1159359.00000
    187    1217702.00000
    188    1310657.00000
    189    1408715.00000
    190    1514697.00000
    191    1664222.00000
    192    1850805.00000
    193    2043531.00000
    194    2296182.00000
    195    2679774.00000
    196    3190926.00000
    197    3903338.00000
    198    5056198.00000
    199    6878906.00000
    200    9139759.00000
    201    10712650.00000
    202    10363210.00000
    203    8309996.00000
    204    5988212.00000
    205    4351658.00000
    206    3412270.00000
    207    2937890.00000
    208    2756586.00000
    209    2706932.00000
    210    2715746.00000
    211    2806700.00000
    212    3040525.00000
    213    3526548.00000
    214    4357736.00000
    215    5928096.00000
    216    8800736.00000
    217    11805380.00000
    218    12157620.00000
    219    9355542.00000
    220    5943928.00000
    221    3785864.00000
    222    2759383.00000
    223    2313162.00000
    224    2149116.00000
    225    2141446.00000
    226    2234360.00000
    227    2411098.00000
    228    2706094.00000
    229    3138431.00000
    230    3777928.00000
    231    4876573.00000
    232    7283124.00000
    233    11365040.00000
    234    14491450.00000
    235    13487970.00000
    236    9653997.00000
    237    6540636.00000
    238    5239686.00000
    239    5159113.00000
    240    5931846.00000
    241    7134806.00000
    242    7945736.00000
    243    7665652.00000
    244    6433588.00000
    245    4976253.00000
    246    3804652.00000
    247    3015622.00000
    248    2501666.00000
    249    2151188.00000
    250    1886064.00000
    251    1655911.00000
    252    1500473.00000
    253    1425714.00000
    254    1334791.00000
    255    1211944.00000
    256    1125538.00000
    257    1048896.00000
    258     932115.50000
    259     839212.40000
    260     800877.20000
    261     761129.40000
    262     728768.90000
    263     713321.10000
    264     682745.90000
    265     667651.10000
    266     677303.00000
    267     676172.60000
    268     667944.60000
    269     650121.90000
    270     638265.90000
    271     658344.90000
    272     670097.90000
    273     655198.50000
    274     636737.80000
    275     620338.20000
    276     625994.00000
    277     657507.60000
    278     674676.40000
    279     669784.70000
    280     687869.80000
    281     723047.20000
    282     707537.90000
    283     654995.80000
    284     633434.90000
    285     638406.90000
    286     636797.30000
    287     613472.90000
    288     574961.80000
    289     549478.10000
    290     532141.30000
    291     523183.20000
    292     555512.80000
    293     595680.90000
    294     606252.00000
    295     627872.10000
    296     642807.20000
    297     607539.80000
    298     574007.10000
    299     554437.30000
    300     522338.80000
    301     533150.30000
    302     579955.10000
    303     575799.80000
    304     532190.50000
    305     500226.60000
    306     484791.20000
    307     497800.70000
    308     533681.80000
    309     549920.50000
    310     537898.90000
    311     544578.90000
    312     578976.90000
    313     586322.20000
    314     573073.10000
    315     575334.00000
    316     559659.90000
    317     530145.10000
    318     522970.60000
    319     513928.40000
    320     504551.10000
    321     524147.60000
    322     554013.20000
    323     565994.90000
    324     552946.90000
    325     537890.90000
    326     548236.40000
    327     558326.90000
    328     547569.40000
    329     541726.10000
    330     541342.90000
    331     530109.30000
    332     521004.30000
    333     535254.90000
    334     567961.90000
    335     577918.80000
    336     562591.30000
    337     567363.00000
    338     569095.90000
    339     539460.60000
    340     533612.40000
    341     561803.50000
    342     576685.90000
    343     576381.30000
    344     573773.60000
    345     572654.20000
    346     579688.90000
    347     582470.10000
    348     566377.70000
    349     537582.40000
    350     531415.10000
    351     577309.10000
    352     626699.90000
    353     621407.00000
    354     580891.40000
    355     535686.10000
    356     512293.40000
    357     541922.50000
    358     587320.90000
    359     590509.60000
    360     573730.60000
    361     577604.50000
    362     581855.20000
    363     562778.90000
    364     549730.20000
    365     571882.90000
    366     615001.40000
    367     641487.50000
    368     615836.50000
    369     552956.80000
    370     514732.80000
    371     522942.20000
    372     549217.70000
    373     568895.00000
    374     586167.20000
    375     613568.50000
    376     620011.10000
    377     594693.60000
    378     589133.30000
    379     593828.60000
    380     582336.70000
    381     601883.80000
    382     645894.50000
    383     660955.70000
    384     653233.60000
    385     634301.90000
    386     600704.00000
    387     569870.50000
    388     570510.10000
    389     602783.10000
    390     611914.20000
    391     585010.70000
    392     580259.00000
    393     599241.80000
    394     619271.10000
    395     655823.10000
    396     683105.10000
    397     662871.40000
    398     617188.10000
    399     602762.90000
    400     632898.00000
    401     643214.90000
    402     622449.20000
    403     642351.20000
    404     701991.10000
    405     731310.10000
    406     699189.60000
    407     656819.10000
    408     675642.90000
    409     726779.90000
    410     742894.00000
    411     732105.20000
    412     716227.40000
    413     684194.10000
    414     654973.40000
    415     673828.80000
    416     709311.50000
    417     694141.90000
    418     659108.20000
    419     656084.50000
    420     655057.00000
    421     630978.10000
    422     625833.90000
    423     657614.10000
    424     668896.20000
    425     652865.40000
    426     666231.80000
    427     683472.90000
    428     665538.30000
    429     656507.60000
    430     678319.80000
    431     693293.20000
    432     674775.70000
    433     657806.90000
    434     683916.40000
    435     711441.20000
    436     703372.20000
    437     690019.60000
    438     692492.40000
    439     715925.90000
    440     740845.40000
    441     733001.10000
    442     709744.40000
    443     705902.90000
    444     719135.20000
    445     716913.10000
    446     692799.20000
    447     682095.90000
    448     688475.50000
    449     719996.70000
    450     780060.20000
    451     780994.00000
    452     716074.60000
    453     705598.10000
    454     755950.60000
    455     774130.20000
    456     738226.80000
    457     714951.00000
    458     763685.60000
    459     831143.60000
    460     838088.60000
    461     807089.10000
    462     782503.80000
    463     765943.80000
    464     762961.60000
    465     786885.90000
    466     828083.60000
    467     851938.00000
    468     842784.40000
    469     833017.60000
    470     858694.80000
    471     916369.10000
    472     964294.20000
    473     958018.10000
    474     915478.40000
    475     896927.40000
    476     899759.90000
    477     884275.00000
    478     878095.40000
    479     915219.00000
    480     944197.70000
    481     913452.00000
    482     865476.50000
    483     872214.70000
    484     924621.10000
    485     957362.40000
    486     960278.00000
    487     965229.90000
    488     972505.30000
    489     979013.20000
    490     992385.60000
    491     991649.10000
    492     962320.70000
    493     944073.10000
    494     965889.80000
    495     994564.50000
    496    1000541.00000
    497     975781.20000
    498     930254.20000
    499     926940.10000
    500     962454.80000
    501     952869.20000
    502     937390.80000
    503     966206.90000
    504     951350.80000
    505     898609.00000
    506     904016.40000
    507     927302.30000
    508     901946.80000
    509     867745.10000
    510     868589.20000
    511     887926.00000
    512     897723.20000
    513     899199.20000
    514     896576.90000
    515     880291.80000
    516     851895.90000
    517     840561.60000
    518     874843.30000
    519     917217.40000
    520     919450.40000
    521     913022.10000
    522     921857.60000
    523     917190.20000
    524     906191.10000
    525     930667.50000
    526     971815.10000
    527     968652.90000
    528     950124.40000
    529     979280.20000
    530    1025316.00000
    531    1048204.00000
    532    1051804.00000
    533    1047957.00000
    534    1057424.00000
    535    1070996.00000
    536    1062772.00000
    537    1041399.00000
    538    1015108.00000
    539     978216.50000
    540     945537.90000
    541     934361.90000
    542     936465.90000
    543     930750.80000
    544     888807.90000
    545     821177.10000
    546     801991.40000
    547     834804.00000
    548     832180.90000
    549     797811.10000
    550     800273.80000
    551     808500.20000
    552     775459.60000
    553     756042.10000
    554     792866.40000
    555     828277.20000
    556     795398.30000
    557     723603.90000
    558     695675.10000
    559     709969.00000
    560     720815.80000
    561     744028.50000
    562     780095.40000
    563     793579.70000
    564     787880.50000
    565     787684.00000
    566     792519.40000
    567     770778.60000
    568     724058.90000
    569     703630.30000
    570     720672.20000
    571     749014.80000
    572     768256.30000
    573     768614.10000
    574     777446.00000
    575     800391.60000
    576     789181.90000
    577     749834.40000
    578     745011.90000
    579     778866.40000
    580     798641.50000
    581     801042.50000
    582     816679.20000
    583     811139.90000
    584     771808.90000
    585     759550.20000
    586     770757.90000
    587     778337.20000
    588     803697.90000
    589     830479.20000
    590     843289.40000
    591     843253.40000
    592     805250.60000
    593     770081.90000
    594     781836.20000
    595     778078.10000
    596     734654.40000
    597     713380.00000
    598     741146.70000
    599     788495.50000
    600     799770.70000
    601     753278.30000
    602     700192.10000
    603     686876.80000
    604     711192.00000
    605     757556.30000
    606     799579.60000
    607     802512.40000
    608     768496.70000
    609     743731.40000
    610     756241.60000
    611     784842.00000
    612     795311.60000
    613     790157.40000
    614     790397.40000
    615     768660.60000
    616     719713.40000
    617     725046.50000
    618     793719.80000
    619     823094.90000
    620     789499.70000
    621     767855.70000
    622     779101.80000
    623     780515.80000
    624     775071.60000
    625     788307.70000
    626     783752.90000
    627     760534.00000
    628     793760.70000
    629     865846.40000
    630     894150.90000
    631     877947.20000
    632     844306.80000
    633     815885.50000
    634     814561.50000
    635     818721.40000
    636     806123.80000
    637     773387.20000
    638     741240.20000
    639     761014.40000
    640     822223.20000
    641     854216.40000
    642     829439.80000
    643     788400.50000
    644     782899.90000
    645     796450.80000
