      1     264148.90000
      2     260556.60000
      3     239637.20000
      4     212979.40000
      5     213282.00000
      6     223962.40000
      7     207802.30000
      8     205502.00000
      9     247266.00000
     10     285978.80000
     11     265381.20000
     12     228733.20000
     13     253328.90000
     14     285741.30000
     15     273826.00000
     16     264977.40000
     17     262973.20000
     18     258068.00000
     19     271267.60000
     20     278497.80000
     21     258148.40000
     22     239416.60000
     23     248139.60000
     24     276803.70000
     25     297709.70000
     26     296524.20000
     27     287536.80000
     28     280386.70000
     29     274333.00000
     30     277752.90000
     31     276913.00000
     32     258887.90000
     33     260143.50000
     34     290759.60000
     35     317260.20000
     36     342451.40000
     37     370665.40000
     38     383382.90000
     39     389623.50000
     40     398815.00000
     41     397717.60000
     42     395964.10000
     43     410453.40000
     44     429813.80000
     45     465325.90000
     46     525798.40000
     47     545672.40000
     48     513094.90000
     49     523921.50000
     50     614483.40000
     51     730278.60000
     52     820770.10000
     53     893119.10000
     54     992061.20000
     55    1112334.00000
     56    1237834.00000
     57    1399608.00000
     58    1582521.00000
     59    1752888.00000
     60    1977133.00000
     61    2340621.00000
     62    2852723.00000
     63    3517926.00000
     64    4375967.00000
     65    5409096.00000
     66    6409452.00000
     67    6963522.00000
     68    6738042.00000
     69    5853645.00000
     70    4773359.00000
     71    3809544.00000
     72    3017773.00000
     73    2432664.00000
     74    2058872.00000
     75    1784135.00000
     76    1502571.00000
     77    1234968.00000
     78    1054907.00000
     79     964679.80000
     80     919758.50000
     81     869314.10000
     82     772885.90000
     83     674010.20000
     84     640922.50000
     85     640941.60000
     86     597561.60000
     87     524243.40000
     88     498502.60000
     89     520234.00000
     90     531876.70000
     91     526428.10000
     92     519701.60000
     93     516432.80000
     94     515633.30000
     95     488308.10000
     96     430168.60000
     97     405642.10000
     98     449727.20000
     99     526946.10000
    100     586946.10000
    101     589959.80000
    102     551460.40000
    103     504427.40000
    104     455496.10000
    105     440056.50000
    106     456754.00000
    107     466750.20000
    108     490216.00000
    109     518871.40000
    110     519708.10000
    111     532136.40000
    112     581263.20000
    113     625586.00000
    114     628621.40000
    115     611531.20000
    116     655552.00000
    117     788505.50000
    118     907777.50000
    119     941092.80000
    120     945158.50000
    121     967996.20000
    122     990556.60000
    123    1000128.00000
    124    1022250.00000
    125    1083966.00000
    126    1152520.00000
    127    1161508.00000
    128    1113800.00000
    129    1068956.00000
    130    1061809.00000
    131    1088711.00000
    132    1134337.00000
    133    1230829.00000
    134    1400563.00000
    135    1607267.00000
    136    1844148.00000
    137    2136140.00000
    138    2614071.00000
    139    3427384.00000
    140    5431694.00000
    141    10426310.00000
    142    16532830.00000
    143    17336570.00000
    144    11700200.00000
    145    5852524.00000
    146    3258514.00000
    147    2417884.00000
    148    2065956.00000
    149    1998786.00000
    150    2053727.00000
    151    2188086.00000
    152    2417919.00000
    153    2796124.00000
    154    3438102.00000
    155    4514500.00000
    156    7216120.00000
    157    12939160.00000
    158    18474360.00000
    159    17830370.00000
    160    11713050.00000
    161    6241426.00000
    162    3685642.00000
    163    2525275.00000
    164    1849070.00000
    165    1477086.00000
    166    1262721.00000
    167    1167534.00000
    168    1158068.00000
    169    1146106.00000
    170    1061945.00000
    171     980613.50000
    172     991232.10000
    173    1022534.00000
    174     988973.60000
    175     935851.10000
    176     925494.40000
    177     925802.10000
    178     925812.00000
    179     990661.90000
    180    1102883.00000
    181    1160196.00000
    182    1147988.00000
    183    1111870.00000
    184    1072505.00000
    185    1074659.00000
    186    1130702.00000
    187    1195727.00000
    188    1265344.00000
    189    1352585.00000
    190    1460536.00000
    191    1584017.00000
    192    1717986.00000
    193    1894252.00000
    194    2112889.00000
    195    2370286.00000
    196    2741676.00000
    197    3353596.00000
    198    4396380.00000
    199    6305972.00000
    200    9926224.00000
    201    15006890.00000
    202    18360320.00000
    203    16912810.00000
    204    12146190.00000
    205    7786476.00000
    206    5226113.00000
    207    3887370.00000
    208    3249563.00000
    209    3008498.00000
    210    2878662.00000
    211    2798989.00000
    212    2833714.00000
    213    2923667.00000
    214    3038056.00000
    215    3252672.00000
    216    3624608.00000
    217    4275212.00000
    218    5833460.00000
    219    9688229.00000
    220    15322470.00000
    221    18086360.00000
    222    14891270.00000
    223    9167458.00000
    224    5275198.00000
    225    3581422.00000
    226    2908875.00000
    227    2640688.00000
    228    2554182.00000
    229    2630690.00000
    230    2855149.00000
    231    3139858.00000
    232    3500248.00000
    233    4091251.00000
    234    5383122.00000
    235    9144600.00000
    236    15814890.00000
    237    20128070.00000
    238    17241240.00000
    239    10672500.00000
    240    6009684.00000
    241    3882882.00000
    242    2989779.00000
    243    2696350.00000
    244    2585692.00000
    245    2507345.00000
    246    2497070.00000
    247    2596432.00000
    248    2845452.00000
    249    3388168.00000
    250    4309480.00000
    251    6379095.00000
    252    11146720.00000
    253    16534610.00000
    254    16932110.00000
    255    11845710.00000
    256    6499818.00000
    257    3645086.00000
    258    2378490.00000
    259    1774731.00000
    260    1507127.00000
    261    1406081.00000
    262    1378870.00000
    263    1371925.00000
    264    1362108.00000
    265    1311782.00000
    266    1264748.00000
    267    1234830.00000
    268    1162679.00000
    269    1099608.00000
    270    1105436.00000
    271    1130230.00000
    272    1143711.00000
    273    1188946.00000
    274    1255023.00000
    275    1301068.00000
    276    1372801.00000
    277    1475243.00000
    278    1533290.00000
    279    1546732.00000
    280    1579116.00000
    281    1666669.00000
    282    1768780.00000
    283    1801424.00000
    284    1790443.00000
    285    1823143.00000
    286    1839158.00000
    287    1770113.00000
    288    1698469.00000
    289    1640664.00000
    290    1550199.00000
    291    1490083.00000
    292    1459633.00000
    293    1370829.00000
    294    1278842.00000
    295    1254599.00000
    296    1207052.00000
    297    1094674.00000
    298    1008996.00000
    299     984411.90000
    300     972965.10000
    301     928493.10000
    302     848998.20000
    303     785323.90000
    304     763304.00000
    305     763088.10000
    306     764638.30000
    307     740356.10000
    308     689745.40000
    309     657825.50000
    310     655677.40000
    311     664584.30000
    312     681160.60000
    313     674270.90000
    314     621479.90000
    315     575734.80000
    316     580150.20000
    317     609716.40000
    318     626532.90000
    319     613662.50000
    320     576786.00000
    321     533568.00000
    322     501298.00000
    323     506475.30000
    324     549049.80000
    325     573557.10000
    326     559544.20000
    327     542237.80000
    328     525015.60000
    329     497374.50000
    330     468364.80000
    331     463167.60000
    332     509284.10000
    333     563228.10000
    334     558471.10000
    335     514025.80000
    336     477729.30000
    337     462394.60000
    338     460089.00000
    339     461190.50000
    340     465988.20000
    341     464670.30000
    342     464667.70000
    343     497384.60000
    344     511245.90000
    345     448085.70000
    346     395567.80000
    347     431468.10000
    348     495710.90000
    349     500682.10000
    350     450417.30000
    351     440122.60000
    352     477377.70000
    353     488541.10000
    354     502310.00000
    355     536065.60000
    356     536184.40000
    357     505187.10000
    358     458011.90000
    359     417752.20000
    360     428287.60000
    361     452928.70000
    362     443253.20000
    363     436643.30000
    364     456488.00000
    365     460007.70000
    366     420782.10000
    367     387304.10000
    368     423706.40000
    369     500439.60000
    370     535526.60000
    371     509550.40000
    372     469553.80000
    373     469610.80000
    374     498450.80000
    375     505975.00000
    376     489664.50000
    377     462259.80000
    378     436842.00000
    379     450153.90000
    380     498895.50000
    381     533706.80000
    382     541355.20000
    383     526793.90000
    384     474856.80000
    385     427984.60000
    386     444072.40000
    387     481001.60000
    388     479381.30000
    389     445755.20000
    390     434811.20000
    391     481633.90000
    392     533667.90000
    393     542263.40000
    394     512874.20000
    395     461650.40000
    396     434558.30000
    397     442562.30000
    398     450144.90000
    399     461765.60000
    400     473366.10000
    401     468855.60000
    402     468152.50000
    403     475844.20000
    404     496592.00000
    405     535197.90000
    406     543110.10000
    407     521069.90000
    408     556003.40000
    409     652340.40000
    410     717251.40000
    411     717728.20000
    412     672019.00000
    413     582312.80000
    414     506480.70000
    415     502954.20000
    416     518613.80000
    417     515042.80000
    418     529367.20000
    419     570427.20000
    420     606716.90000
    421     612003.80000
    422     608418.90000
    423     627226.80000
    424     638446.60000
    425     624689.60000
    426     616119.90000
    427     621971.40000
    428     640585.60000
    429     663605.20000
    430     658876.20000
    431     638413.40000
    432     648241.50000
    433     676291.40000
    434     694208.50000
    435     699937.10000
    436     684153.50000
    437     682579.10000
    438     743893.50000
    439     790552.50000
    440     746066.50000
    441     704608.80000
    442     724855.20000
    443     729383.70000
    444     724552.80000
    445     759741.80000
    446     778525.30000
    447     755611.80000
    448     742451.40000
    449     741442.90000
    450     728803.20000
    451     718934.00000
    452     721018.60000
    453     732395.60000
    454     777232.80000
    455     856647.10000
    456     915900.90000
    457     935483.90000
    458     946160.00000
    459     944413.10000
    460     941341.90000
    461     991783.50000
    462    1078392.00000
    463    1134857.00000
    464    1154674.00000
    465    1182950.00000
    466    1260018.00000
    467    1374358.00000
    468    1478328.00000
    469    1539086.00000
    470    1589367.00000
    471    1699773.00000
    472    1837698.00000
    473    1930612.00000
    474    2035894.00000
    475    2224084.00000
    476    2435755.00000
    477    2584493.00000
    478    2700249.00000
    479    2893096.00000
    480    3202040.00000
    481    3565994.00000
    482    3949593.00000
    483    4386161.00000
    484    4868119.00000
    485    5314900.00000
    486    5626182.00000
    487    5705474.00000
    488    5505959.00000
    489    5044107.00000
    490    4410318.00000
    491    3745443.00000
    492    3120317.00000
    493    2574338.00000
    494    2182797.00000
    495    1933589.00000
    496    1727662.00000
    497    1530139.00000
    498    1375456.00000
    499    1263587.00000
    500    1169408.00000
    501    1106450.00000
    502    1074669.00000
    503    1043647.00000
    504    1006661.00000
    505     957243.20000
    506     905042.40000
    507     901086.20000
    508     944499.00000
    509     973988.50000
    510     969722.90000
    511     959934.50000
    512     963093.60000
    513     978417.60000
    514     996815.60000
    515     992062.00000
    516     965618.80000
    517     970445.50000
    518    1008570.00000
    519    1045537.00000
    520    1102128.00000
    521    1180787.00000
    522    1251874.00000
    523    1323632.00000
    524    1407210.00000
    525    1505024.00000
    526    1634377.00000
    527    1812326.00000
    528    2040107.00000
    529    2283292.00000
    530    2534269.00000
    531    2875760.00000
    532    3319839.00000
    533    3731020.00000
    534    4008494.00000
    535    4117743.00000
    536    4023807.00000
    537    3742038.00000
    538    3340926.00000
    539    2889361.00000
    540    2445020.00000
    541    2079465.00000
    542    1810066.00000
    543    1558986.00000
    544    1330959.00000
    545    1184794.00000
    546    1074375.00000
    547     989104.10000
    548     951605.40000
    549     883956.80000
    550     773677.10000
    551     711904.20000
    552     692224.30000
    553     660837.50000
    554     646604.10000
    555     663683.20000
    556     674595.80000
    557     677119.50000
    558     668565.40000
    559     618603.80000
    560     570007.90000
    561     582346.60000
    562     595827.00000
    563     566830.60000
    564     540579.90000
    565     519040.40000
    566     507629.40000
    567     513402.80000
    568     484060.50000
    569     456009.70000
    570     497870.10000
    571     539359.80000
    572     522210.10000
    573     484269.20000
    574     449134.00000
    575     454782.20000
    576     517864.70000
    577     547270.60000
    578     521015.60000
    579     525989.60000
    580     546083.30000
    581     506925.80000
    582     442741.50000
    583     426321.00000
    584     439751.00000
    585     444103.30000
    586     462061.10000
    587     480068.90000
    588     449182.40000
    589     396701.20000
    590     386749.20000
    591     424397.90000
    592     454251.20000
    593     436368.10000
    594     392727.20000
    595     377419.30000
    596     403260.40000
    597     411046.20000
    598     382732.60000
    599     380951.70000
    600     415518.30000
    601     445496.40000
    602     471813.10000
    603     487137.10000
    604     461523.60000
    605     430280.70000
    606     440830.30000
    607     456170.40000
    608     430634.10000
    609     394578.70000
    610     401212.70000
    611     439765.00000
    612     459828.30000
    613     438133.20000
    614     379279.40000
    615     343910.90000
    616     391496.30000
    617     444307.20000
    618     428216.90000
    619     424788.70000
    620     474659.50000
    621     496618.40000
    622     472303.00000
    623     468462.10000
    624     511319.70000
    625     544498.70000
    626     513876.20000
    627     456165.20000
    628     433040.20000
    629     462544.10000
    630     522451.30000
    631     549007.20000
    632     513376.20000
    633     466975.00000
    634     461008.50000
    635     480276.70000
    636     487673.60000
    637     489868.20000
    638     482514.40000
    639     452675.80000
    640     434862.10000
    641     429923.30000
    642     421311.60000
    643     438168.60000
    644     471573.90000
    645     472479.90000
