      1     276499.90000
      2     219154.70000
      3     141013.20000
      4     144135.40000
      5     198751.10000
      6     210378.60000
      7     204361.60000
      8     221528.40000
      9     239381.60000
     10     234032.90000
     11     199802.40000
     12     172720.10000
     13     187182.90000
     14     211514.20000
     15     218544.90000
     16     208846.00000
     17     182196.60000
     18     176785.20000
     19     200189.80000
     20     202595.20000
     21     197676.40000
     22     218144.40000
     23     234181.60000
     24     217551.70000
     25     176865.20000
     26     151085.40000
     27     174233.30000
     28     222997.80000
     29     237301.20000
     30     211150.80000
     31     215182.20000
     32     272322.20000
     33     313778.80000
     34     289116.10000
     35     228526.40000
     36     205654.30000
     37     229077.00000
     38     240166.30000
     39     230238.20000
     40     218130.10000
     41     217481.80000
     42     251810.40000
     43     268077.40000
     44     214894.80000
     45     174113.80000
     46     197028.30000
     47     240754.70000
     48     281786.10000
     49     279797.90000
     50     236057.10000
     51     227802.00000
     52     235981.90000
     53     218887.10000
     54     222814.60000
     55     245104.40000
     56     264813.90000
     57     305898.60000
     58     330200.10000
     59     288590.10000
     60     223469.00000
     61     196353.50000
     62     222510.30000
     63     262165.70000
     64     257972.80000
     65     229893.70000
     66     240409.60000
     67     288570.20000
     68     331250.80000
     69     339138.60000
     70     310518.40000
     71     254792.20000
     72     206185.90000
     73     216676.40000
     74     247807.40000
     75     248686.30000
     76     277711.90000
     77     319096.60000
     78     302369.20000
     79     300458.90000
     80     340146.30000
     81     325836.70000
     82     283872.10000
     83     302332.60000
     84     340932.50000
     85     322542.10000
     86     282320.70000
     87     299577.80000
     88     327431.10000
     89     296255.00000
     90     285587.00000
     91     353460.90000
     92     417442.60000
     93     398275.90000
     94     326558.40000
     95     304197.00000
     96     348224.90000
     97     379651.60000
     98     382576.60000
     99     390052.10000
    100     402965.00000
    101     409973.60000
    102     396792.10000
    103     358294.60000
    104     330912.90000
    105     372053.00000
    106     472995.40000
    107     535476.20000
    108     512422.90000
    109     479953.20000
    110     505026.90000
    111     568536.00000
    112     619116.40000
    113     618544.80000
    114     571452.60000
    115     527934.80000
    116     551547.90000
    117     635843.20000
    118     689703.20000
    119     700028.50000
    120     739643.20000
    121     822575.00000
    122     940352.00000
    123    1095155.00000
    124    1270704.00000
    125    1470100.00000
    126    1718737.00000
    127    2057197.00000
    128    2589712.00000
    129    3502511.00000
    130    5195376.00000
    131    8380742.00000
    132    12777750.00000
    133    15597380.00000
    134    14164350.00000
    135    9796649.00000
    136    5860214.00000
    137    3643412.00000
    138    2565532.00000
    139    2004248.00000
    140    1640869.00000
    141    1419503.00000
    142    1373375.00000
    143    1381225.00000
    144    1378810.00000
    145    1453449.00000
    146    1583322.00000
    147    1685322.00000
    148    1798521.00000
    149    1989624.00000
    150    2298886.00000
    151    2735413.00000
    152    3335294.00000
    153    4319038.00000
    154    5951133.00000
    155    8269600.00000
    156    10682680.00000
    157    11790790.00000
    158    10692610.00000
    159    8269037.00000
    160    6062857.00000
    161    4668663.00000
    162    3939795.00000
    163    3724602.00000
    164    3951706.00000
    165    4619753.00000
    166    5979096.00000
    167    8621224.00000
    168    12409800.00000
    169    15036980.00000
    170    14006470.00000
    171    10160220.00000
    172    6394730.00000
    173    4026175.00000
    174    2720475.00000
    175    2043522.00000
    176    1680709.00000
    177    1398249.00000
    178    1190886.00000
    179    1093286.00000
    180    1020864.00000
    181     919514.20000
    182     844693.90000
    183     812827.50000
    184     768092.50000
    185     712714.10000
    186     696960.80000
    187     700649.20000
    188     681643.80000
    189     677315.80000
    190     705373.20000
    191     717656.00000
    192     712915.70000
    193     719696.00000
    194     752197.10000
    195     800611.90000
    196     816722.50000
    197     820887.20000
    198     893764.60000
    199    1030664.00000
    200    1128931.00000
    201    1127888.00000
    202    1129024.00000
    203    1218138.00000
    204    1336268.00000
    205    1462272.00000
    206    1630896.00000
    207    1822357.00000
    208    2009898.00000
    209    2253465.00000
    210    2604762.00000
    211    3104843.00000
    212    3944847.00000
    213    5573245.00000
    214    9287666.00000
    215    15519240.00000
    216    20074090.00000
    217    18062520.00000
    218    11641920.00000
    219    6448531.00000
    220    3991277.00000
    221    2922227.00000
    222    2461402.00000
    223    2321286.00000
    224    2334875.00000
    225    2458034.00000
    226    2642843.00000
    227    2818344.00000
    228    2947361.00000
    229    3053268.00000
    230    3186164.00000
    231    3399512.00000
    232    3640208.00000
    233    3840370.00000
    234    4028650.00000
    235    4240424.00000
    236    4530418.00000
    237    4902228.00000
    238    5349073.00000
    239    5945948.00000
    240    7794646.00000
    241    12993540.00000
    242    19465910.00000
    243    20451020.00000
    244    14657510.00000
    245    8083588.00000
    246    4370847.00000
    247    2695244.00000
    248    1965877.00000
    249    1641042.00000
    250    1425230.00000
    251    1274627.00000
    252    1154316.00000
    253    1063064.00000
    254     995130.90000
    255     935233.50000
    256     866716.20000
    257     760974.10000
    258     660363.00000
    259     628492.90000
    260     645550.10000
    261     645847.80000
    262     613947.10000
    263     567869.40000
    264     530493.40000
    265     524301.10000
    266     516694.20000
    267     469074.20000
    268     415456.20000
    269     423760.40000
    270     485063.90000
    271     495529.70000
    272     440267.10000
    273     420006.90000
    274     436257.10000
    275     418029.00000
    276     380231.10000
    277     352977.10000
    278     345961.90000
    279     387754.40000
    280     438371.20000
    281     442273.60000
    282     430206.50000
    283     428112.50000
    284     423191.30000
    285     408732.90000
    286     408462.60000
    287     438024.20000
    288     433710.90000
    289     357851.60000
    290     274719.60000
    291     244648.10000
    292     271885.20000
    293     317676.30000
    294     345947.10000
    295     364545.90000
    296     375336.00000
    297     359328.50000
    298     330322.60000
    299     315265.40000
    300     317987.90000
    301     341696.30000
    302     365194.20000
    303     353143.80000
    304     334822.60000
    305     350923.50000
    306     375792.20000
    307     376941.90000
    308     363270.30000
    309     351369.20000
    310     339498.00000
    311     334042.70000
    312     342589.40000
    313     339019.70000
    314     314977.40000
    315     291725.40000
    316     268251.50000
    317     272794.70000
    318     334267.90000
    319     383078.70000
    320     364401.60000
    321     325957.50000
    322     324251.70000
    323     354914.70000
    324     360035.60000
    325     342465.90000
    326     372291.10000
    327     409576.90000
    328     361375.70000
    329     279570.70000
    330     276873.90000
    331     325731.10000
    332     326728.50000
    333     297712.50000
    334     298236.70000
    335     319883.10000
    336     353467.10000
    337     380158.70000
    338     359093.60000
    339     310549.40000
    340     296413.60000
    341     306903.90000
    342     288937.50000
    343     284985.10000
    344     333748.80000
    345     344978.30000
    346     299664.90000
    347     283325.20000
    348     290925.20000
    349     286541.10000
    350     269583.80000
    351     234543.60000
    352     223424.30000
    353     256198.90000
    354     274720.00000
    355     264610.00000
    356     251281.60000
    357     245588.30000
    358     256591.60000
    359     265764.30000
    360     272278.90000
    361     303992.20000
    362     322599.10000
    363     289674.50000
    364     268156.50000
    365     299711.80000
    366     326950.60000
    367     326549.50000
    368     330609.40000
    369     323970.70000
    370     292839.20000
    371     256921.20000
    372     216200.10000
    373     198274.70000
    374     226952.70000
    375     264908.50000
    376     311285.30000
    377     360334.30000
    378     348379.60000
    379     292964.80000
    380     263693.80000
    381     276888.20000
    382     315698.80000
    383     341393.20000
    384     357552.80000
    385     389671.10000
    386     383280.30000
    387     316225.80000
    388     272486.40000
    389     287535.80000
    390     291702.70000
    391     246180.50000
    392     201919.20000
    393     203258.50000
    394     247198.40000
    395     284123.60000
    396     259142.40000
    397     236121.50000
    398     278195.40000
    399     297195.20000
    400     260378.20000
    401     248580.50000
    402     269131.90000
    403     278428.20000
    404     275136.10000
    405     291786.60000
    406     332717.80000
    407     343655.20000
    408     322667.70000
    409     312684.90000
    410     279373.00000
    411     218395.90000
    412     201505.90000
    413     222384.50000
    414     239286.60000
    415     268922.60000
    416     298009.70000
    417     286656.00000
    418     272412.10000
    419     304305.70000
    420     336919.70000
    421     324464.00000
    422     308614.90000
    423     316571.50000
    424     310128.40000
    425     283879.80000
    426     285524.80000
    427     317067.70000
    428     321120.00000
    429     286645.90000
    430     263488.90000
    431     259934.70000
    432     232870.90000
    433     184159.80000
    434     179326.00000
    435     234267.00000
    436     276215.60000
    437     274090.20000
    438     266556.50000
    439     272887.80000
    440     291364.00000
    441     295893.30000
    442     263505.50000
    443     247176.50000
    444     290481.70000
    445     334788.10000
    446     317567.10000
    447     285523.70000
    448     316506.80000
    449     365111.90000
    450     336011.50000
    451     267939.40000
    452     269489.10000
    453     325772.90000
    454     332786.50000
    455     293429.50000
    456     284565.80000
    457     279731.20000
    458     230973.80000
    459     194081.70000
    460     213988.60000
    461     259717.00000
    462     290006.50000
    463     289739.90000
    464     280177.80000
    465     272646.60000
    466     273069.90000
    467     297778.10000
    468     285308.40000
    469     233409.60000
    470     277640.40000
    471     381103.40000
    472     384193.80000
    473     319207.60000
    474     283212.90000
    475     270233.50000
    476     260097.20000
    477     253730.40000
    478     229969.50000
    479     203468.00000
    480     240314.20000
    481     305544.90000
    482     317906.90000
    483     310079.70000
    484     306775.60000
    485     277996.10000
    486     245623.30000
    487     248594.10000
    488     282522.20000
    489     314000.90000
    490     332873.50000
    491     336192.30000
    492     305027.60000
    493     278902.40000
    494     275603.80000
    495     249446.10000
    496     247300.50000
    497     299155.70000
    498     324211.70000
    499     306884.10000
    500     274845.40000
    501     249280.10000
    502     272777.50000
    503     304863.40000
    504     273978.90000
    505     210224.20000
    506     182564.80000
    507     205617.00000
    508     237751.90000
    509     248842.30000
    510     255028.30000
    511     278927.40000
    512     301151.80000
    513     278447.00000
    514     239827.30000
    515     240796.50000
    516     254572.60000
    517     257155.40000
    518     272164.50000
    519     294104.80000
    520     292176.50000
    521     260709.50000
    522     232846.90000
    523     240262.20000
    524     278123.50000
    525     319170.10000
    526     338327.40000
    527     336830.20000
    528     332326.10000
    529     333966.40000
    530     325169.00000
    531     277632.80000
    532     230333.10000
    533     239427.00000
    534     279349.50000
    535     327676.50000
    536     358527.20000
    537     318993.60000
    538     252920.90000
    539     211673.70000
    540     188295.90000
    541     212567.00000
    542     255250.90000
    543     271123.90000
    544     309568.30000
    545     343351.10000
    546     312671.00000
    547     276475.90000
    548     261194.70000
    549     242752.90000
    550     257118.20000
    551     302941.00000
    552     322396.10000
    553     312509.00000
    554     298627.40000
    555     281636.00000
    556     253090.60000
    557     219373.10000
    558     216933.40000
    559     253890.60000
    560     287337.80000
    561     286365.50000
    562     256117.50000
    563     240117.70000
    564     254354.10000
    565     260144.50000
    566     264866.20000
    567     270738.00000
    568     237193.90000
    569     213732.60000
    570     269407.90000
    571     343776.70000
    572     332721.20000
    573     259925.50000
    574     254272.30000
    575     318396.20000
    576     334526.10000
    577     293342.70000
    578     257111.90000
    579     241446.50000
    580     244334.80000
    581     261316.10000
    582     283113.90000
    583     286760.30000
    584     263521.60000
    585     245504.90000
    586     229759.40000
    587     205586.10000
    588     231171.60000
    589     302390.30000
    590     323292.70000
    591     287874.40000
    592     253964.30000
    593     247741.50000
    594     295341.70000
    595     345584.60000
    596     327860.20000
    597     304101.40000
    598     308230.30000
    599     305352.80000
    600     325668.40000
    601     357571.20000
    602     339388.10000
    603     292145.60000
    604     265874.00000
    605     275774.40000
    606     311716.20000
    607     328476.90000
    608     302554.40000
    609     286382.00000
    610     310436.10000
    611     322850.10000
    612     294194.00000
    613     259092.70000
    614     254957.90000
    615     283083.90000
    616     295992.30000
    617     275240.40000
    618     279774.90000
    619     309886.70000
    620     313999.10000
    621     336127.60000
    622     396077.80000
    623     414175.50000
    624     381994.00000
    625     352256.30000
    626     334634.00000
    627     318368.50000
    628     294293.60000
    629     273747.70000
    630     282113.70000
    631     313493.20000
    632     336835.20000
    633     339573.50000
    634     352846.00000
    635     400836.20000
    636     428661.10000
    637     389037.80000
    638     336676.60000
    639     313265.70000
    640     307043.30000
    641     330745.50000
    642     356551.10000
    643     330776.00000
    644     294260.20000
    645     302015.10000
