      1     400677.70000
      2     421190.20000
      3     381417.90000
      4     349199.20000
      5     329286.90000
      6     321351.40000
      7     366974.80000
      8     435916.20000
      9     445747.70000
     10     381509.30000
     11     319780.80000
     12     326216.40000
     13     350828.60000
     14     343281.80000
     15     355410.90000
     16     404090.10000
     17     437999.30000
     18     439100.80000
     19     408956.10000
     20     369409.10000
     21     356598.20000
     22     341530.70000
     23     320465.10000
     24     366344.60000
     25     461987.70000
     26     527423.60000
     27     530292.20000
     28     471007.50000
     29     428738.60000
     30     454956.90000
     31     460489.10000
     32     421641.80000
     33     425057.90000
     34     478185.10000
     35     529104.90000
     36     560042.10000
     37     556561.80000
     38     515231.80000
     39     496337.90000
     40     540053.80000
     41     580123.40000
     42     582829.90000
     43     602215.10000
     44     628523.20000
     45     634843.30000
     46     656242.40000
     47     675861.60000
     48     678988.80000
     49     728917.70000
     50     833062.40000
     51     916481.00000
     52     940593.10000
     53     953935.00000
     54     994346.20000
     55    1035567.00000
     56    1094193.00000
     57    1183352.00000
     58    1245166.00000
     59    1286152.00000
     60    1369816.00000
     61    1482995.00000
     62    1551089.00000
     63    1559784.00000
     64    1571650.00000
     65    1583342.00000
     66    1536477.00000
     67    1442563.00000
     68    1335039.00000
     69    1218324.00000
     70    1106146.00000
     71    1034600.00000
     72    1011260.00000
     73     973281.90000
     74     888763.50000
     75     795763.80000
     76     710445.80000
     77     652334.30000
     78     640224.60000
     79     622679.90000
     80     568818.40000
     81     534846.20000
     82     558989.80000
     83     598083.10000
     84     604937.80000
     85     584734.40000
     86     556468.20000
     87     523529.00000
     88     492416.10000
     89     500320.50000
     90     550519.70000
     91     557785.50000
     92     503609.30000
     93     478355.30000
     94     508489.80000
     95     559118.50000
     96     601613.80000
     97     601835.40000
     98     575009.20000
     99     563962.00000
    100     565725.90000
    101     592844.90000
    102     668800.80000
    103     732572.60000
    104     719755.90000
    105     680665.10000
    106     690200.40000
    107     723732.80000
    108     738537.20000
    109     765431.20000
    110     797651.10000
    111     804466.10000
    112     838904.00000
    113     898527.90000
    114     932097.40000
    115     981288.00000
    116    1054739.00000
    117    1104247.00000
    118    1137216.00000
    119    1172793.00000
    120    1218438.00000
    121    1267232.00000
    122    1301753.00000
    123    1330047.00000
    124    1344565.00000
    125    1358398.00000
    126    1429106.00000
    127    1510788.00000
    128    1527867.00000
    129    1565716.00000
    130    1732473.00000
    131    2014324.00000
    132    2368057.00000
    133    2805566.00000
    134    3415580.00000
    135    4333062.00000
    136    5651602.00000
    137    7264780.00000
    138    8652221.00000
    139    9054170.00000
    140    8172600.00000
    141    6502604.00000
    142    4821676.00000
    143    3596966.00000
    144    2862482.00000
    145    2445340.00000
    146    2220700.00000
    147    2117254.00000
    148    2077534.00000
    149    2113951.00000
    150    2240626.00000
    151    2401109.00000
    152    2556645.00000
    153    2763117.00000
    154    3078602.00000
    155    3470085.00000
    156    3932451.00000
    157    4553116.00000
    158    5359790.00000
    159    6296640.00000
    160    7323907.00000
    161    8288140.00000
    162    8804856.00000
    163    8570409.00000
    164    7657952.00000
    165    6387846.00000
    166    5104013.00000
    167    4027879.00000
    168    3219853.00000
    169    2668237.00000
    170    2283758.00000
    171    1936109.00000
    172    1638768.00000
    173    1459064.00000
    174    1338108.00000
    175    1243369.00000
    176    1206900.00000
    177    1176496.00000
    178    1116141.00000
    179    1086654.00000
    180    1116194.00000
    181    1149322.00000
    182    1140887.00000
    183    1131314.00000
    184    1163820.00000
    185    1190878.00000
    186    1176573.00000
    187    1208172.00000
    188    1334588.00000
    189    1446398.00000
    190    1511494.00000
    191    1623222.00000
    192    1791446.00000
    193    1997425.00000
    194    2275426.00000
    195    2644251.00000
    196    3139287.00000
    197    3891099.00000
    198    5124896.00000
    199    7334972.00000
    200    10953830.00000
    201    14597560.00000
    202    15216420.00000
    203    12048800.00000
    204    7850378.00000
    205    5041663.00000
    206    3657149.00000
    207    2963328.00000
    208    2629589.00000
    209    2515795.00000
    210    2485006.00000
    211    2511088.00000
    212    2640655.00000
    213    2865205.00000
    214    3230852.00000
    215    3855210.00000
    216    4846926.00000
    217    6798950.00000
    218    10309900.00000
    219    13628640.00000
    220    13482440.00000
    221    9820413.00000
    222    5890237.00000
    223    3604070.00000
    224    2591351.00000
    225    2219438.00000
    226    2141326.00000
    227    2172318.00000
    228    2302666.00000
    229    2528436.00000
    230    2834135.00000
    231    3366289.00000
    232    4222098.00000
    233    5676558.00000
    234    9028780.00000
    235    14071200.00000
    236    16525190.00000
    237    13587820.00000
    238    8488114.00000
    239    5049285.00000
    240    3529362.00000
    241    3023758.00000
    242    3052552.00000
    243    3340517.00000
    244    3816750.00000
    245    4449754.00000
    246    5194606.00000
    247    6007685.00000
    248    6736550.00000
    249    7090282.00000
    250    6812244.00000
    251    5940568.00000
    252    4773246.00000
    253    3638439.00000
    254    2752900.00000
    255    2147785.00000
    256    1715503.00000
    257    1380292.00000
    258    1155954.00000
    259    1005808.00000
    260     861240.60000
    261     756297.10000
    262     704655.40000
    263     646540.50000
    264     606015.20000
    265     619336.60000
    266     615156.50000
    267     559961.80000
    268     523819.10000
    269     521167.20000
    270     490507.60000
    271     448150.80000
    272     457706.30000
    273     507933.00000
    274     568974.90000
    275     608889.90000
    276     597525.20000
    277     620135.10000
    278     729049.20000
    279     798819.90000
    280     762296.60000
    281     700265.00000
    282     681533.80000
    283     700785.20000
    284     708543.20000
    285     695404.10000
    286     701487.80000
    287     724862.10000
    288     732408.10000
    289     733407.60000
    290     748633.40000
    291     752013.80000
    292     714067.80000
    293     648291.10000
    294     600377.80000
    295     609460.40000
    296     625378.70000
    297     573109.90000
    298     517240.10000
    299     536596.40000
    300     542638.10000
    301     467900.30000
    302     404521.20000
    303     394996.30000
    304     380606.10000
    305     363482.20000
    306     370968.30000
    307     377289.90000
    308     366503.60000
    309     358378.30000
    310     367139.00000
    311     386825.70000
    312     412505.30000
    313     435200.40000
    314     424623.50000
    315     379037.60000
    316     337750.80000
    317     308146.30000
    318     273819.20000
    319     248783.80000
    320     247077.50000
    321     251526.80000
    322     244219.80000
    323     255646.80000
    324     321671.50000
    325     380442.80000
    326     370339.20000
    327     349536.10000
    328     346322.30000
    329     310366.30000
    330     267706.80000
    331     276892.20000
    332     299577.20000
    333     291296.20000
    334     290705.50000
    335     312100.90000
    336     325145.60000
    337     355099.80000
    338     396948.40000
    339     374274.40000
    340     313226.40000
    341     300946.30000
    342     326500.40000
    343     351312.60000
    344     359045.60000
    345     337083.50000
    346     314228.70000
    347     305017.80000
    348     294516.80000
    349     322077.20000
    350     386367.40000
    351     386823.50000
    352     327547.30000
    353     315967.50000
    354     340982.30000
    355     343487.90000
    356     343626.10000
    357     341923.50000
    358     315270.80000
    359     286813.70000
    360     282967.80000
    361     300897.00000
    362     324740.30000
    363     336897.10000
    364     332875.90000
    365     330931.20000
    366     334944.00000
    367     306469.10000
    368     247693.70000
    369     243849.40000
    370     322581.00000
    371     384195.50000
    372     356639.50000
    373     299984.90000
    374     306977.20000
    375     364365.80000
    376     383293.80000
    377     367100.80000
    378     382608.90000
    379     398951.10000
    380     361164.40000
    381     310015.80000
    382     306619.70000
    383     333257.00000
    384     342850.00000
    385     358844.80000
    386     392922.60000
    387     379423.10000
    388     336899.80000
    389     360819.50000
    390     410538.90000
    391     386209.10000
    392     337810.90000
    393     342850.40000
    394     357200.80000
    395     347293.40000
    396     354586.00000
    397     382725.70000
    398     387366.70000
    399     380940.10000
    400     402096.80000
    401     407742.90000
    402     387442.40000
    403     419840.60000
    404     465113.10000
    405     433459.10000
    406     409502.30000
    407     467417.80000
    408     522695.90000
    409     533162.60000
    410     526271.40000
    411     495638.40000
    412     465760.50000
    413     450406.80000
    414     407084.30000
    415     384313.70000
    416     425813.40000
    417     428251.80000
    418     385998.60000
    419     403545.70000
    420     437043.40000
    421     426600.50000
    422     427589.90000
    423     458114.20000
    424     476809.90000
    425     463134.20000
    426     451001.90000
    427     480057.60000
    428     519818.80000
    429     513941.50000
    430     462177.10000
    431     445585.90000
    432     499296.80000
    433     521886.10000
    434     486233.10000
    435     476624.80000
    436     477467.90000
    437     448400.10000
    438     446973.90000
    439     494398.20000
    440     521748.90000
    441     515380.60000
    442     536487.40000
    443     571769.30000
    444     566810.80000
    445     553394.20000
    446     560469.20000
    447     563516.80000
    448     574748.40000
    449     590374.10000
    450     568963.60000
    451     548579.80000
    452     586226.70000
    453     640049.60000
    454     648287.90000
    455     629191.10000
    456     645660.80000
    457     709228.00000
    458     774824.60000
    459     805003.10000
    460     791282.80000
    461     775067.80000
    462     814021.40000
    463     887320.60000
    464     941867.20000
    465     980855.80000
    466    1013447.00000
    467    1029740.00000
    468    1046887.00000
    469    1084795.00000
    470    1131833.00000
    471    1188525.00000
    472    1283467.00000
    473    1404558.00000
    474    1501060.00000
    475    1555634.00000
    476    1579912.00000
    477    1616022.00000
    478    1719106.00000
    479    1864439.00000
    480    1992034.00000
    481    2117288.00000
    482    2283821.00000
    483    2475554.00000
    484    2637137.00000
    485    2735998.00000
    486    2775136.00000
    487    2773445.00000
    488    2722091.00000
    489    2593946.00000
    490    2415452.00000
    491    2216200.00000
    492    1986677.00000
    493    1768311.00000
    494    1611193.00000
    495    1477506.00000
    496    1341673.00000
    497    1248862.00000
    498    1182740.00000
    499    1082831.00000
    500     986925.80000
    501     926324.40000
    502     841855.80000
    503     751366.80000
    504     730624.20000
    505     751404.30000
    506     756084.30000
    507     732529.40000
    508     675065.40000
    509     622208.30000
    510     623832.80000
    511     658519.60000
    512     684035.90000
    513     694728.40000
    514     702746.00000
    515     697750.90000
    516     678910.00000
    517     685479.30000
    518     709161.40000
    519     727239.90000
    520     769633.90000
    521     806414.00000
    522     791747.70000
    523     779230.50000
    524     804298.80000
    525     838663.10000
    526     876600.50000
    527     919868.40000
    528     965593.40000
    529    1025714.00000
    530    1101332.00000
    531    1182743.00000
    532    1266690.00000
    533    1350338.00000
    534    1419862.00000
    535    1464982.00000
    536    1488031.00000
    537    1467009.00000
    538    1389045.00000
    539    1290108.00000
    540    1193287.00000
    541    1104506.00000
    542    1032913.00000
    543     956443.60000
    544     850971.40000
    545     767998.90000
    546     771226.10000
    547     781636.20000
    548     702279.90000
    549     615161.60000
    550     603860.80000
    551     604596.00000
    552     574626.40000
    553     559161.10000
    554     556956.90000
    555     537118.60000
    556     528599.90000
    557     521427.60000
    558     470202.10000
    559     416605.90000
    560     404269.60000
    561     405789.80000
    562     401375.30000
    563     395796.20000
    564     397880.70000
    565     426430.40000
    566     459988.90000
    567     441812.90000
    568     396315.40000
    569     374085.10000
    570     354905.20000
    571     359387.30000
    572     420039.90000
    573     453459.30000
    574     410089.90000
    575     378951.50000
    576     397516.90000
    577     396072.60000
    578     367017.20000
    579     358927.60000
    580     370996.80000
    581     387688.30000
    582     399850.00000
    583     396168.80000
    584     398796.90000
    585     414686.50000
    586     393269.90000
    587     339835.50000
    588     338215.80000
    589     401215.70000
    590     446041.80000
    591     416514.70000
    592     357776.40000
    593     350458.30000
    594     381531.90000
    595     382851.60000
    596     358960.70000
    597     353816.10000
    598     381222.90000
    599     428987.80000
    600     443724.00000
    601     400082.90000
    602     379282.60000
    603     419500.30000
    604     447279.70000
    605     445275.80000
    606     458968.40000
    607     463340.70000
    608     415610.60000
    609     374624.10000
    610     380899.80000
    611     367581.20000
    612     347989.20000
    613     381967.40000
    614     408188.30000
    615     395288.00000
    616     385598.40000
    617     371452.30000
    618     364125.60000
    619     389066.80000
    620     405815.40000
    621     409111.00000
    622     434777.00000
    623     443260.50000
    624     397401.20000
    625     351461.20000
    626     352720.80000
    627     378513.90000
    628     404301.60000
    629     440979.20000
    630     481615.70000
    631     488364.20000
    632     436271.60000
    633     345430.30000
    634     295349.20000
    635     350747.20000
    636     453985.80000
    637     481687.10000
    638     428488.70000
    639     393917.70000
    640     388907.10000
    641     380545.70000
    642     400548.20000
    643     448596.40000
    644     493789.10000
    645     520570.50000
