      1      17385.10000
      2      23167.41000
      3      34432.46000
      4      36435.39000
      5      30540.97000
      6      29313.50000
      7      25748.18000
      8        435.48050
      9     -38161.53000
     10     -56298.88000
     11     -43592.83000
     12     -28252.24000
     13     -37123.03000
     14     -64450.95000
     15     -86823.80000
     16     -91488.87000
     17     -81279.75000
     18     -61237.54000
     19     -33033.08000
     20      -3002.93400
     21      15469.62000
     22      13545.80000
     23      -4224.20700
     24     -24681.59000
     25     -35866.35000
     26     -36132.98000
     27     -37507.37000
     28     -51857.81000
     29     -70710.29000
     30     -71083.17000
     31     -46281.24000
     32     -18310.22000
     33     -12988.95000
     34     -30299.68000
     35     -45621.84000
     36     -37807.97000
     37     -12571.70000
     38       3635.13700
     39      -6781.84000
     40     -33317.38000
     41     -53562.64000
     42     -63423.46000
     43     -74418.88000
     44     -82751.73000
     45     -69966.61000
     46     -41480.30000
     47     -28774.62000
     48     -39765.95000
     49     -46203.36000
     50     -34154.34000
     51     -24137.10000
     52     -27248.92000
     53     -25630.08000
     54     -11087.31000
     55      -2847.72700
     56     -13576.54000
     57     -30226.56000
     58     -39474.91000
     59     -45734.20000
     60     -53886.08000
     61     -54940.25000
     62     -42238.29000
     63     -28423.76000
     64     -30781.58000
     65     -46079.81000
     66     -55561.23000
     67     -53705.20000
     68     -55050.80000
     69     -67176.62000
     70     -73210.45000
     71     -56081.33000
     72     -29823.39000
     73     -25063.19000
     74     -46720.11000
     75     -69245.70000
     76     -73557.62000
     77     -64254.22000
     78     -50296.01000
     79     -33700.46000
     80     -18227.09000
     81      -9456.72700
     82      -7215.79700
     83      -9955.96100
     84     -19474.25000
     85     -34414.45000
     86     -49090.42000
     87     -60134.65000
     88     -65268.94000
     89     -61446.45000
     90     -53378.30000
     91     -51423.43000
     92     -53076.82000
     93     -44386.98000
     94     -26986.86000
     95     -19967.43000
     96     -27170.01000
     97     -30930.89000
     98     -26077.52000
     99     -26876.25000
    100     -31866.79000
    101     -21933.08000
    102      -3498.12100
    103      -8420.21900
    104     -37949.95000
    105     -52796.02000
    106     -33793.38000
    107      -9763.50400
    108     -10609.77000
    109     -27593.05000
    110     -34439.38000
    111     -25267.75000
    112     -17162.52000
    113     -22587.52000
    114     -33429.91000
    115     -39988.29000
    116     -49216.58000
    117     -64341.96000
    118     -67527.34000
    119     -50672.98000
    120     -37174.52000
    121     -42418.00000
    122     -45317.26000
    123     -28210.23000
    124      -9271.99200
    125     -10533.31000
    126     -28124.57000
    127     -49324.20000
    128     -66902.91000
    129     -69755.19000
    130     -48107.26000
    131     -11803.64000
    132      17169.88000
    133      28435.93000
    134      24672.46000
    135       7629.73000
    136     -18567.88000
    137     -37085.88000
    138     -35088.52000
    139     -26711.46000
    140     -33038.81000
    141     -45109.69000
    142     -40090.42000
    143     -26395.83000
    144     -31629.69000
    145     -51625.82000
    146     -53377.83000
    147     -26598.87000
    148       2717.40200
    149       9984.80100
    150       -347.98830
    151      -7518.59000
    152      -3587.07000
    153      -1910.55100
    154     -12958.74000
    155     -23978.44000
    156     -20192.54000
    157     -12663.39000
    158     -20992.59000
    159     -40995.69000
    160     -52763.64000
    161     -48459.80000
    162     -35026.53000
    163     -22237.19000
    164     -16568.82000
    165     -15884.40000
    166     -12529.09000
    167     -11394.38000
    168     -30402.27000
    169     -70324.28000
    170    -104081.60000
    171    -109218.00000
    172     -91852.05000
    173     -69824.25000
    174     -52117.38000
    175     -40871.48000
    176     -35579.11000
    177     -31099.03000
    178     -23127.59000
    179     -16079.92000
    180     -18023.30000
    181     -29691.06000
    182     -42888.61000
    183     -49466.20000
    184     -49680.24000
    185     -48462.62000
    186     -44135.23000
    187     -29857.02000
    188      -9408.36700
    189        996.80470
    190      -7434.35200
    191     -24967.24000
    192     -36318.15000
    193     -35818.38000
    194     -28001.63000
    195     -21379.68000
    196     -22687.16000
    197     -32369.04000
    198     -44050.68000
    199     -49118.90000
    200     -43690.45000
    201     -33686.76000
    202     -31047.09000
    203     -39496.62000
    204     -47219.25000
    205     -41649.61000
    206     -28883.58000
    207     -26452.72000
    208     -36464.91000
    209     -39992.42000
    210     -23654.27000
    211       1802.06200
    212      17774.77000
    213      18795.27000
    214       8838.59400
    215      -8478.06200
    216     -27358.77000
    217     -41167.67000
    218     -50070.00000
    219     -54295.59000
    220     -46107.20000
    221     -25502.71000
    222     -11561.84000
    223     -17936.32000
    224     -32543.20000
    225     -39311.02000
    226     -38816.66000
    227     -33248.01000
    228     -18410.90000
    229      -3736.05500
    230      -9499.22700
    231     -33349.48000
    232     -49604.49000
    233     -46478.21000
    234     -35324.10000
    235     -25778.66000
    236     -20811.99000
    237     -26818.72000
    238     -40773.79000
    239     -41278.80000
    240     -17012.34000
    241      13037.91000
    242      25377.15000
    243      17445.95000
    244      -2556.06200
    245     -27392.79000
    246     -45989.73000
    247     -49249.52000
    248     -43412.94000
    249     -41797.81000
    250     -46374.14000
    251     -48658.83000
    252     -43580.94000
    253     -35031.91000
    254     -30897.05000
    255     -33325.37000
    256     -33744.06000
    257     -23567.91000
    258      -8142.42200
    259        -69.00000
    260      -1189.63300
    261      -3446.57800
    262      -4285.30500
    263      -8509.50000
    264     -16707.23000
    265     -23444.45000
    266     -26273.27000
    267     -27952.50000
    268     -30326.73000
    269     -31384.43000
    270     -27362.93000
    271     -15693.29000
    272        -47.22656
    273       8402.47700
    274       3004.85200
    275      -6508.28900
    276      -4602.26600
    277       8254.07000
    278      15407.96000
    279       6623.21900
    280      -7711.29700
    281     -10301.55000
    282      -2461.09400
    283      -4704.18800
    284     -24734.73000
    285     -39852.46000
    286     -28987.81000
    287      -6687.82800
    288      -2231.64100
    289     -19041.97000
    290     -36340.16000
    291     -38475.08000
    292     -26358.43000
    293     -11608.69000
    294      -7930.22700
    295     -18602.17000
    296     -31636.49000
    297     -36429.72000
    298     -39610.38000
    299     -52880.52000
    300     -70284.99000
    301     -71254.16000
    302     -47690.04000
    303     -15711.34000
    304       3520.25800
    305       1793.30500
    306     -20117.64000
    307     -53999.87000
    308     -76680.48000
    309     -66592.57000
    310     -33410.46000
    311      -7160.33600
    312        448.64840
    313       -663.85160
    314      -4423.71100
    315     -11754.90000
    316     -19879.91000
    317     -25802.52000
    318     -27611.37000
    319     -18574.59000
    320       1236.08600
    321      14604.80000
    322       9771.79700
    323      -1636.28100
    324      -8027.44500
    325     -14646.73000
    326     -21173.05000
    327     -15121.75000
    328        -82.53906
    329       3115.26600
    330     -11737.71000
    331     -33780.50000
    332     -54387.66000
    333     -60262.65000
    334     -34237.65000
    335       9190.74200
    336      26508.49000
    337       5882.41400
    338     -18671.93000
    339     -25657.98000
    340     -29442.36000
    341     -41632.96000
    342     -54503.22000
    343     -60806.51000
    344     -58380.77000
    345     -46300.99000
    346     -32839.82000
    347     -27901.10000
    348     -23687.02000
    349      -4914.37500
    350      24071.84000
    351      40831.92000
    352      29569.95000
    353      -3385.81200
    354     -34572.48000
    355     -43760.58000
    356     -31357.62000
    357     -14247.09000
    358     -11326.05000
    359     -34718.73000
    360     -77533.72000
    361    -109458.60000
    362    -107139.50000
    363     -85037.43000
    364     -72124.62000
    365     -69954.54000
    366     -60510.73000
    367     -40503.96000
    368     -23816.77000
    369     -21675.29000
    370     -32789.38000
    371     -41935.15000
    372     -29947.54000
    373       -437.91410
    374      15598.04000
    375        768.41410
    376     -20967.73000
    377     -19678.82000
    378      -2395.33600
    379       3825.57000
    380      -7742.25800
    381     -23872.89000
    382     -35677.24000
    383     -41312.09000
    384     -37926.48000
    385     -26591.61000
    386     -15868.87000
    387     -12814.50000
    388     -18404.73000
    389     -31296.64000
    390     -46891.59000
    391     -57332.45000
    392     -59323.23000
    393     -55885.55000
    394     -48637.03000
    395     -37110.79000
    396     -23327.58000
    397      -8664.59400
    398       5750.28100
    399      10766.45000
    400      -3391.04700
    401     -27871.31000
    402     -42664.16000
    403     -43399.98000
    404     -39153.18000
    405     -29849.22000
    406     -10892.91000
    407       7057.33600
    408       8479.38300
    409      -2177.52300
    410      -4994.75800
    411       8696.83600
    412      25004.07000
    413      23946.47000
    414       5041.99200
    415     -11012.70000
    416     -13606.21000
    417     -17414.72000
    418     -27861.91000
    419     -18523.71000
    420      23882.38000
    421      60625.99000
    422      49469.70000
    423       6857.28900
    424     -19841.25000
    425     -18395.48000
    426      -9976.57800
    427      -4224.43000
    428       4091.62500
    429      10863.30000
    430       9745.64100
    431      10426.56000
    432      21378.12000
    433      28914.48000
    434      19267.95000
    435       5663.03100
    436       8505.36700
    437      23376.83000
    438      31535.34000
    439      27956.41000
    440      21035.86000
    441      17206.11000
    442      18399.16000
    443      24073.84000
    444      31021.20000
    445      38164.57000
    446      47034.25000
    447      53475.24000
    448      51056.67000
    449      46078.10000
    450      52602.79000
    451      70724.65000
    452      86039.83000
    453      90270.13000
    454      88838.81000
    455      89391.99000
    456      92671.36000
    457      93670.10000
    458      90276.72000
    459      91949.59000
    460     111394.10000
    461     142450.90000
    462     159383.60000
    463     148155.50000
    464     124674.80000
    465     111177.30000
    466     107038.80000
    467      97237.33000
    468      82178.31000
    469      82145.88000
    470     107159.70000
    471     135990.00000
    472     142350.00000
    473     134452.20000
    474     143707.60000
    475     175239.00000
    476     200366.50000
    477     202435.80000
    478     197950.70000
    479     204835.20000
    480     218201.30000
    481     226375.30000
    482     228603.90000
    483     231726.90000
    484     244957.90000
    485     277220.30000
    486     326443.90000
    487     373163.90000
    488     397705.60000
    489     404734.10000
    490     421974.10000
    491     471276.90000
    492     547719.40000
    493     633177.00000
    494     721529.00000
    495     819962.00000
    496     932782.10000
    497    1059968.00000
    498    1208348.00000
    499    1390940.00000
    500    1614039.00000
    501    1869894.00000
    502    2137433.00000
    503    2387974.00000
    504    2599853.00000
    505    2767709.00000
    506    2888231.00000
    507    2942005.00000
    508    2906438.00000
    509    2784545.00000
    510    2608108.00000
    511    2417242.00000
    512    2241110.00000
    513    2082770.00000
    514    1918666.00000
    515    1732410.00000
    516    1545487.00000
    517    1390216.00000
    518    1266420.00000
    519    1157689.00000
    520    1070385.00000
    521    1016689.00000
    522     976758.90000
    523     916867.30000
    524     835609.10000
    525     764847.40000
    526     729722.20000
    527     723503.60000
    528     720491.60000
    529     702802.80000
    530     668784.10000
    531     625570.80000
    532     587957.10000
    533     571892.80000
    534     569433.40000
    535     550070.70000
    536     508013.40000
    537     478008.20000
    538     483829.70000
    539     507345.90000
    540     522289.60000
    541     519282.60000
    542     494580.70000
    543     454937.00000
    544     428929.70000
    545     438650.10000
    546     469858.20000
    547     492583.00000
    548     495662.30000
    549     488680.80000
    550     486956.20000
    551     499953.20000
    552     522101.00000
    553     535179.50000
    554     527565.50000
    555     509395.60000
    556     504293.20000
    557     523764.20000
    558     553010.60000
    559     572322.10000
    560     588852.10000
    561     625998.40000
    562     682231.80000
    563     729357.60000
    564     754766.10000
    565     777308.60000
    566     816558.20000
    567     869159.10000
    568     919999.50000
    569     961725.30000
    570    1001752.00000
    571    1056052.00000
    572    1131248.00000
    573    1210328.00000
    574    1265105.00000
    575    1283699.00000
    576    1274832.00000
    577    1250106.00000
    578    1219553.00000
    579    1195955.00000
    580    1177268.00000
    581    1134152.00000
    582    1045927.00000
    583     937016.10000
    584     845025.60000
    585     771552.60000
    586     700346.10000
    587     639335.60000
    588     603671.00000
    589     578697.40000
    590     537210.80000
    591     478087.80000
    592     421883.30000
    593     381201.20000
    594     351790.90000
    595     323217.40000
    596     289699.80000
    597     254599.90000
    598     225476.50000
    599     204209.10000
    600     185753.70000
    601     166913.50000
    602     152543.50000
    603     151710.90000
    604     166016.10000
    605     181491.00000
    606     179313.30000
    607     158221.60000
    608     137046.70000
    609     130539.80000
    610     133706.50000
    611     134637.10000
    612     130557.20000
    613     125879.20000
    614     124600.80000
    615     127701.90000
    616     129663.50000
    617     118263.30000
    618      87218.89000
    619      49393.08000
    620      30417.08000
    621      45230.75000
    622      80958.75000
    623     108286.90000
    624     113604.00000
    625     108888.30000
    626     102471.80000
    627      82354.53000
    628      44666.36000
    629      11468.09000
    630        832.48440
    631       7935.39100
    632      27995.56000
    633      60417.59000
    634      81871.83000
    635      59844.44000
    636       3769.75000
    637     -37015.35000
    638     -34300.27000
    639      -7954.21900
    640      10438.92000
    641      11579.22000
    642       2393.48400
    643      -8269.67200
    644      -8223.60900
    645      14672.94000
    646      52941.56000
    647      76470.11000
    648      65938.97000
    649      39277.55000
    650      28608.64000
    651      40885.23000
    652      56725.27000
    653      57798.83000
    654      42190.53000
    655      22017.31000
    656      14404.61000
    657      25813.22000
    658      40863.44000
    659      36122.80000
    660       8161.14100
    661     -19561.11000
    662     -21322.86000
    663       2681.09400
    664      26316.16000
    665      26400.48000
    666       8035.90600
    667      -4399.59400
    668       1908.82800
    669      16773.61000
    670      25069.28000
    671      21874.95000
    672       7866.39100
    673     -14455.86000
    674     -34780.61000
    675     -38645.94000
    676     -22697.48000
    677       1895.85900
    678      20588.28000
    679      23526.00000
    680      10158.83000
    681      -6116.87500
    682      -8699.21900
    683        -28.59375
    684       2452.14100
    685      -2247.53100
    686       6136.68800
    687      33493.83000
    688      55885.75000
    689      52790.84000
    690      32725.20000
    691      12879.59000
    692      -4541.76600
    693     -22386.94000
    694     -35338.23000
    695     -39871.02000
    696     -41586.86000
    697     -43299.41000
    698     -38891.33000
    699     -25213.16000
    700      -9322.45300
    701        291.01560
    702       3608.10900
    703       8538.06200
    704      21705.00000
    705      38039.72000
    706      42642.52000
    707      29215.03000
    708      12108.64000
    709      10642.02000
    710      23495.64000
    711      28505.52000
    712       9945.10900
    713     -21140.39000
    714     -39497.36000
    715     -34597.27000
    716     -17163.36000
    717        952.03120
    718      17193.28000
    719      26660.66000
    720      20450.64000
    721       2838.01600
    722      -8047.73400
    723      -3174.42200
    724       7472.10900
    725       9607.71900
    726      -1092.37500
    727     -16744.73000
    728     -24063.06000
    729     -18570.94000
    730      -9695.87500
    731      -4877.31200
    732        184.45310
    733       5879.57800
    734        803.18750
    735     -18723.03000
    736     -37818.09000
    737     -40478.39000
    738     -25045.38000
    739      -1579.54700
    740      14638.23000
    741      12915.03000
    742       -101.14060
    743      -6989.96900
    744      -2811.10900
    745       3845.79700
    746      12541.81000
    747      29175.08000
    748      41569.98000
    749      25647.50000
    750     -18447.80000
    751     -60501.56000
    752     -73334.67000
    753     -54017.98000
    754     -19358.52000
    755       3533.42200
    756      -3890.29700
    757     -28858.16000
    758     -40513.72000
    759     -29335.72000
    760     -11034.12000
    761       3111.79700
    762      12271.06000
    763      11985.91000
    764        175.39060
    765     -13238.20000
    766     -19551.73000
    767     -21707.06000
    768     -24527.52000
    769     -29903.39000
    770     -43258.61000
    771     -68253.34000
    772     -92671.89000
    773     -93120.27000
    774     -61863.95000
    775     -22187.72000
    776      -5017.07800
    777     -13614.45000
    778     -26813.00000
    779     -30717.88000
    780     -23923.55000
    781      -2548.59400
    782      27418.34000
    783      35572.95000
    784       3131.31200
    785     -39172.86000
    786     -46770.86000
    787     -20187.12000
    788       6790.78100
    789      18897.36000
    790      23039.58000
    791      19376.81000
    792       4894.68800
    793      -8723.39100
    794     -10265.22000
    795      -8005.14100
    796     -11806.22000
    797     -14057.67000
    798      -7138.01600
    799      -1811.18800
    800     -10572.55000
    801     -26196.05000
    802     -31184.22000
    803     -20757.05000
    804      -6423.39100
    805        580.35940
    806        722.92190
    807      -1773.71900
    808      -9676.71900
    809     -25784.41000
    810     -41524.45000
    811     -45441.81000
    812     -37904.33000
    813     -25508.91000
    814      -9146.26600
    815       8128.26600
    816      12185.95000
    817      -4164.18800
    818     -22131.09000
    819     -16556.14000
    820      10417.05000
    821      34381.64000
    822      40431.77000
    823      30554.72000
    824       9207.78100
    825     -16093.66000
    826     -29918.31000
    827     -26404.11000
    828     -20581.11000
    829     -25010.72000
    830     -30978.52000
    831     -28465.47000
    832     -24284.31000
    833     -24533.47000
    834     -20449.66000
    835      -6608.45300
    836       6030.67200
    837       6732.07800
    838      -1813.50000
    839     -11278.64000
    840     -13909.94000
    841      -3490.65600
    842      15962.20000
    843      30413.77000
    844      34067.09000
    845      32744.44000
    846      25443.64000
    847       4700.64100
    848     -22698.41000
    849     -38916.41000
    850     -38102.03000
    851     -28188.28000
    852     -17784.39000
    853     -14134.83000
    854     -20214.30000
    855     -25437.31000
    856     -15987.30000
    857       2236.18800
    858       8431.31200
    859      -3930.75000
    860     -17123.12000
    861     -11023.50000
    862      11972.61000
    863      26299.69000
    864       8939.98400
    865     -33972.89000
    866     -71166.11000
    867     -77856.67000
    868     -57799.42000
    869     -32945.89000
    870     -18542.11000
    871     -13204.59000
    872      -9745.92200
    873      -6411.73400
    874      -3459.07800
    875       2600.60900
    876      11518.80000
    877      12816.17000
    878       -781.82810
    879     -19880.34000
    880     -32174.95000
    881     -41833.33000
    882     -57326.55000
    883     -67956.55000
    884     -55824.36000
    885     -27148.64000
    886      -7126.87500
    887      -4637.67200
    888      -7096.09400
    889      -9561.31200
    890     -20030.56000
    891     -32423.53000
    892     -25409.98000
    893       1390.20300
    894      18532.23000
    895       7649.73400
    896     -13439.97000
    897     -20537.84000
    898     -14267.50000
    899      -6467.96900
    900       2404.18800
    901      14220.95000
    902      18485.23000
    903       5247.98400
    904     -17906.25000
    905     -35833.62000
    906     -43790.89000
    907     -43630.91000
    908     -32673.34000
    909     -11418.42000
    910       5300.46900
    911       1197.04700
    912     -19264.00000
    913     -34091.84000
    914     -29240.80000
    915     -12602.45000
    916      -2322.34400
    917      -6893.03100
    918     -19168.75000
    919     -26967.78000
    920     -25286.92000
    921     -17539.06000
    922      -9252.62500
    923      -3612.50000
    924      -1196.21900
    925      -1264.64100
    926      -1355.35900
    927       2426.75000
    928       9124.12500
    929       9082.81200
    930      -3314.12500
    931     -17164.02000
    932     -19335.52000
    933     -14822.41000
    934     -17583.48000
    935     -29953.56000
    936     -44528.30000
    937     -55946.41000
    938     -62486.86000
    939     -63943.16000
    940     -57657.44000
    941     -35101.30000
    942       4364.00000
    943      38666.06000
    944      44868.56000
    945      30120.88000
    946      16220.25000
    947       5574.75000
    948     -11238.62000
    949     -27683.88000
    950     -26230.73000
    951      -4022.21900
    952      20541.69000
    953      24391.28000
    954        709.01560
    955     -33912.16000
    956     -54551.03000
    957     -50873.56000
    958     -32338.23000
    959     -13011.80000
    960       2718.42200
    961      16094.28000
    962      20841.92000
    963       6581.54700
    964     -21627.73000
    965     -42355.52000
    966     -42371.27000
    967     -26949.28000
    968      -5241.64100
    969      14983.33000
    970      21371.17000
    971       8750.28100
    972      -8890.67200
    973     -18840.38000
    974     -29521.95000
    975     -49982.95000
    976     -67520.52000
    977     -67436.11000
    978     -56794.89000
    979     -49623.88000
    980     -47160.62000
    981     -46557.52000
    982     -48480.97000
    983     -46467.88000
    984     -31832.97000
    985     -14098.20000
    986     -11380.44000
    987     -19039.70000
    988     -15067.72000
    989       4273.59400
    990      21084.98000
    991      25175.28000
    992      21222.23000
    993      10189.95000
    994     -11762.83000
    995     -37274.02000
    996     -50812.66000
    997     -48074.53000
    998     -38325.08000
    999     -28195.98000
   1000     -14902.72000
   1001       3584.90600
   1002      18269.41000
   1003      11942.39000
   1004     -24130.28000
   1005     -72776.41000
   1006     -98362.56000
   1007     -82762.41000
   1008     -46435.50000
   1009     -21985.33000
   1010     -17057.89000
   1011     -17349.67000
   1012     -13378.23000
   1013      -5829.85900
   1014       4814.93800
   1015      15436.23000
   1016      14721.75000
   1017      -3296.57800
   1018     -26334.83000
   1019     -37389.77000
   1020     -35441.50000
   1021     -31550.48000
   1022     -30280.50000
   1023     -26920.50000
   1024     -20701.75000
   1025     -20215.53000
   1026     -32046.33000
   1027     -48803.06000
   1028     -54496.22000
   1029     -43313.73000
   1030     -27426.67000
   1031     -21307.88000
   1032     -24710.39000
   1033     -28398.59000
   1034     -29517.58000
   1035     -30108.20000
   1036     -26074.03000
   1037     -11532.12000
   1038       7933.07800
   1039      19312.36000
   1040      18605.38000
   1041       9794.92200
   1042      -9896.26600
   1043     -44989.69000
   1044     -81299.36000
   1045     -91896.19000
   1046     -68872.59000
   1047     -34369.58000
   1048     -19046.67000
   1049     -37625.64000
   1050     -76661.78000
   1051    -100463.70000
   1052     -84401.67000
   1053     -42956.50000
   1054      -7490.48400
   1055      11460.64000
   1056      16798.28000
   1057       2891.81200
   1058     -28913.58000
   1059     -56445.73000
   1060     -63991.11000
   1061     -61335.17000
   1062     -62017.03000
   1063     -65718.62000
   1064     -67502.86000
   1065     -66197.98000
   1066     -65175.05000
   1067     -70081.00000
   1068     -75845.19000
   1069     -65366.81000
   1070     -38873.30000
   1071     -23625.44000
   1072     -32887.34000
   1073     -44454.22000
   1074     -39244.42000
   1075     -27240.77000
   1076     -20856.00000
   1077     -17993.22000
   1078     -18752.73000
   1079     -26000.94000
   1080     -29173.95000
   1081     -15664.30000
   1082       5944.53100
   1083      15295.78000
   1084       5483.25000
   1085     -14080.70000
   1086     -29893.80000
   1087     -31620.52000
   1088     -17516.20000
   1089        780.21880
   1090       5135.45300
   1091     -12950.73000
   1092     -42895.44000
   1093     -62328.75000
   1094     -58275.42000
   1095     -42180.75000
   1096     -34619.88000
   1097     -33402.52000
   1098     -16145.23000
   1099      18010.38000
   1100      35813.22000
   1101      15631.05000
   1102     -21700.83000
   1103     -46826.80000
   1104     -57023.12000
   1105     -57850.00000
   1106     -43356.45000
   1107     -18194.20000
   1108      -8315.56200
   1109     -26633.92000
   1110     -52160.91000
   1111     -59302.61000
   1112     -47911.58000
   1113     -34247.36000
   1114     -27792.50000
   1115     -23710.92000
   1116     -12718.36000
   1117       2199.51600
   1118       3132.00000
   1119     -19907.73000
   1120     -50488.44000
   1121     -63304.91000
   1122     -52437.62000
   1123     -31345.55000
   1124     -15515.66000
   1125     -13450.14000
   1126     -22424.12000
   1127     -28628.59000
   1128     -23534.64000
   1129     -16424.19000
   1130     -18373.20000
   1131     -26219.55000
   1132     -35982.91000
   1133     -51005.06000
   1134     -63053.22000
   1135     -54250.22000
   1136     -31490.94000
   1137     -24672.64000
   1138     -38953.69000
   1139     -46554.19000
   1140     -33869.00000
   1141     -18543.62000
   1142     -15779.81000
   1143     -21389.44000
   1144     -25924.39000
   1145     -20310.48000
   1146        223.31250
   1147      21663.28000
   1148      22787.81000
   1149       9625.18800
   1150       7975.31200
   1151      19113.12000
   1152      18829.59000
   1153        430.96880
   1154     -16877.80000
   1155     -21779.20000
   1156     -21644.95000
   1157     -20987.59000
   1158     -14525.44000
   1159      -2053.90600
   1160       7589.84400
   1161       8356.34400
   1162       2570.37500
   1163      -4257.03100
   1164      -8161.04700
   1165      -8184.48400
   1166      -6949.78100
   1167      -6945.34400
   1168      -5214.25000
   1169       2918.06200
   1170      14858.00000
   1171      21563.59000
   1172      16519.00000
   1173       -134.96880
   1174     -20065.45000
   1175     -26336.53000
   1176      -7884.62500
   1177      20790.56000
   1178      30224.41000
   1179      10900.50000
   1180     -18543.38000
   1181     -37911.02000
   1182     -42324.17000
   1183     -35646.11000
   1184     -25141.64000
   1185     -19557.45000
   1186     -20332.44000
   1187     -21625.83000
   1188     -22584.06000
   1189     -25262.86000
   1190     -22681.94000
   1191     -11064.00000
   1192      -7572.56200
   1193     -28268.02000
   1194     -56878.27000
   1195     -64560.39000
   1196     -50811.64000
   1197     -37763.88000
   1198     -36089.84000
   1199     -38392.67000
   1200     -33426.78000
   1201     -14537.05000
   1202      11108.34000
   1203      19817.88000
   1204      -3189.46900
   1205     -39831.28000
   1206     -57257.83000
   1207     -40642.88000
   1208       1371.21900
   1209      45806.66000
   1210      62933.03000
   1211      37319.91000
   1212     -10721.94000
   1213     -40336.64000
   1214     -29818.30000
   1215       7673.28100
   1216      42414.38000
   1217      52101.03000
   1218      32735.91000
   1219       -893.15620
   1220     -20369.91000
   1221      -2455.87500
   1222      41057.38000
   1223      63416.09000
   1224      35101.97000
   1225     -19238.34000
   1226     -60179.00000
   1227     -80817.44000
   1228     -85380.25000
   1229     -63573.05000
   1230     -24671.44000
   1231     -10643.69000
   1232     -36899.94000
   1233     -63694.75000
   1234     -53462.91000
   1235     -14477.28000
