      1       7835.18800
      2      15102.24000
      3      13315.71000
      4      -8600.68800
      5     -38922.16000
      6     -51927.36000
      7     -41008.48000
      8     -21173.94000
      9      -3434.72700
     10      11321.10000
     11      18292.09000
     12       8452.36700
     13     -17205.60000
     14     -43512.79000
     15     -53659.05000
     16     -44991.41000
     17     -32527.66000
     18     -33744.17000
     19     -48839.86000
     20     -59730.98000
     21     -50299.21000
     22     -26038.86000
     23     -11181.40000
     24     -22444.02000
     25     -45826.37000
     26     -49829.34000
     27     -26043.43000
     28      -2941.83600
     29     -10099.48000
     30     -41066.26000
     31     -62537.59000
     32     -50539.79000
     33     -10146.23000
     34      30822.09000
     35      42796.66000
     36      20381.31000
     37      -9941.07800
     38     -18785.73000
     39      -8273.99200
     40      -2601.53100
     41      -9398.85200
     42     -12297.81000
     43       -530.10160
     44      15092.50000
     45      17413.32000
     46        688.43750
     47     -24478.33000
     48     -36432.56000
     49     -21090.02000
     50      10218.98000
     51      30462.17000
     52      23995.35000
     53      -3737.39100
     54     -35655.66000
     55     -52890.19000
     56     -46074.92000
     57     -26530.52000
     58     -18338.78000
     59     -31928.20000
     60     -49159.05000
     61     -40190.93000
     62        302.23440
     63      37748.47000
     64      33328.09000
     65      -4965.95300
     66     -29582.56000
     67     -16852.30000
     68       4310.80500
     69       -946.10940
     70     -23817.27000
     71     -29426.48000
     72      -9283.39100
     73       7729.42200
     74      -4158.68800
     75     -35320.59000
     76     -55677.94000
     77     -48608.26000
     78     -23575.53000
     79      -4828.10200
     80      -9044.92200
     81     -26985.57000
     82     -33587.58000
     83     -21590.00000
     84      -8766.20300
     85      -8047.56200
     86     -15955.07000
     87     -32421.67000
     88     -59428.43000
     89     -78328.31000
     90     -64248.91000
     91     -25518.73000
     92       2585.09400
     93       4043.24200
     94      -5078.54700
     95      -9710.08600
     96     -17046.09000
     97     -37526.51000
     98     -60579.73000
     99     -64977.82000
    100     -49159.78000
    101     -32725.09000
    102     -24859.12000
    103     -13229.50000
    104       7791.32000
    105      21452.61000
    106      12736.40000
    107     -10053.95000
    108     -26930.60000
    109     -27661.55000
    110     -19334.86000
    111     -18563.96000
    112     -31192.29000
    113     -40010.11000
    114     -25730.19000
    115       1881.69900
    116      12421.23000
    117      -5325.25400
    118     -29320.15000
    119     -32903.64000
    120     -15388.70000
    121       1849.02700
    122       3420.85200
    123      -6370.89100
    124     -19102.81000
    125     -35115.59000
    126     -49893.13000
    127     -45432.39000
    128     -14419.72000
    129      20406.04000
    130      30011.89000
    131      12273.93000
    132     -10924.09000
    133     -19531.29000
    134     -10125.83000
    135       5882.33600
    136      13682.75000
    137       8697.35500
    138      -1929.99600
    139     -10020.68000
    140     -12072.24000
    141      -8352.29700
    142      -4808.78900
    143      -8951.52700
    144     -17093.39000
    145     -17987.27000
    146     -12869.05000
    147     -13852.21000
    148     -20294.79000
    149     -19453.04000
    150     -11391.16000
    151      -8775.61700
    152     -11792.36000
    153      -7935.44900
    154       2848.66000
    155       5963.44900
    156      -2479.94900
    157      -5797.69100
    158      12130.29000
    159      43894.27000
    160      61490.36000
    161      44677.88000
    162       8147.13700
    163      -7877.43800
    164      16561.84000
    165      52281.01000
    166      52235.42000
    167       7155.06600
    168     -46625.78000
    169     -72964.15000
    170     -70391.28000
    171     -56768.61000
    172     -39765.46000
    173     -17085.86000
    174       4772.95300
    175      10094.34000
    176      -5703.41400
    177     -27311.62000
    178     -38005.79000
    179     -40146.88000
    180     -47997.94000
    181     -63749.42000
    182     -70636.95000
    183     -50960.93000
    184      -7539.20700
    185      31318.24000
    186      33024.94000
    187      -2741.55500
    188     -37408.47000
    189     -38700.50000
    190     -18428.34000
    191      -5967.14500
    192      -4769.48400
    193        678.30860
    194      14602.04000
    195      26128.48000
    196      19690.58000
    197     -14575.58000
    198     -62047.62000
    199     -86751.45000
    200     -75396.39000
    201     -55511.10000
    202     -49025.00000
    203     -41559.76000
    204     -19789.81000
    205       -964.39840
    206      -2177.29700
    207     -13111.01000
    208     -18776.62000
    209     -22934.69000
    210     -33628.81000
    211     -45949.05000
    212     -53002.85000
    213     -58697.36000
    214     -64227.74000
    215     -55600.50000
    216     -25649.62000
    217       3336.45300
    218       5674.93400
    219      -9618.27700
    220     -16060.36000
    221     -11350.07000
    222     -11027.29000
    223     -17204.93000
    224     -24068.67000
    225     -35568.09000
    226     -50178.81000
    227     -49366.11000
    228     -25179.20000
    229       -177.25000
    230      -1869.39800
    231     -31942.86000
    232     -68140.98000
    233     -82700.67000
    234     -60659.24000
    235     -15013.92000
    236      19774.50000
    237      20638.88000
    238      -3403.52000
    239     -26993.54000
    240     -33547.79000
    241     -23337.49000
    242      -9568.04700
    243      -6812.28900
    244     -15420.88000
    245     -23883.83000
    246     -28590.67000
    247     -34195.32000
    248     -34486.96000
    249     -20053.77000
    250      -5100.38300
    251     -12539.68000
    252     -32069.34000
    253     -30892.89000
    254      -7613.81600
    255       3448.12900
    256     -14625.77000
    257     -38750.79000
    258     -41860.91000
    259     -25116.65000
    260      -7016.20700
    261       2369.74200
    262       5971.56200
    263       3944.04300
    264     -11227.23000
    265     -35447.16000
    266     -46335.21000
    267     -34159.30000
    268     -19788.60000
    269     -19970.47000
    270     -21151.12000
    271     -11701.67000
    272      -7946.94500
    273     -22647.25000
    274     -40259.36000
    275     -44665.23000
    276     -40211.57000
    277     -32623.06000
    278     -19131.18000
    279      -4257.41000
    280        743.91020
    281      -4034.23400
    282      -8544.60500
    283      -8909.00000
    284     -10657.50000
    285     -21371.86000
    286     -42676.54000
    287     -60490.34000
    288     -50463.71000
    289     -10796.20000
    290      20761.09000
    291       8562.22300
    292     -29597.08000
    293     -44603.11000
    294     -27145.81000
    295     -20097.52000
    296     -51549.98000
    297     -91852.80000
    298     -96749.22000
    299     -64615.24000
    300     -26791.11000
    301      -3035.62900
    302       6890.12900
    303       3986.35500
    304     -10648.07000
    305     -26797.22000
    306     -35556.34000
    307     -38737.67000
    308     -35460.98000
    309     -18237.90000
    310       5577.19700
    311      11832.77000
    312      -7935.94100
    313     -34236.34000
    314     -47181.64000
    315     -43580.16000
    316     -26854.22000
    317      -5688.33400
    318       -111.29690
    319     -23167.76000
    320     -58787.95000
    321     -77098.77000
    322     -68382.56000
    323     -49045.72000
    324     -38330.14000
    325     -38134.08000
    326     -36411.09000
    327     -28770.81000
    328     -28994.64000
    329     -48919.95000
    330     -75960.66000
    331     -85609.65000
    332     -69910.77000
    333     -41276.20000
    334     -18698.62000
    335     -18856.84000
    336     -44403.54000
    337     -73395.75000
    338     -79986.02000
    339     -69266.92000
    340     -67216.16000
    341     -76940.44000
    342     -76816.46000
    343     -62820.02000
    344     -55821.60000
    345     -61697.12000
    346     -60191.93000
    347     -41145.36000
    348     -20858.82000
    349     -15297.74000
    350     -22569.93000
    351     -35431.01000
    352     -50326.12000
    353     -62150.49000
    354     -64348.48000
    355     -54065.07000
    356     -33282.96000
    357     -11757.55000
    358      -6070.04100
    359     -21685.69000
    360     -38857.65000
    361     -33949.77000
    362     -13335.54000
    363      -7381.15800
    364     -27760.39000
    365     -48525.01000
    366     -40541.28000
    367     -11723.30000
    368       3993.29700
    369      -8095.09800
    370     -28917.72000
    371     -35885.02000
    372     -27534.26000
    373     -15184.35000
    374      -7961.87100
    375     -10793.98000
    376     -23626.26000
    377     -39990.53000
    378     -54197.93000
    379     -64604.05000
    380     -63801.50000
    381     -40208.96000
    382       -865.20510
    383      25005.18000
    384      19603.25000
    385      -2699.21300
    386     -21034.36000
    387     -34435.91000
    388     -47001.56000
    389     -47039.90000
    390     -23640.04000
    391       6745.58800
    392      15300.63000
    393       2003.29100
    394      -2090.97900
    395      18824.44000
    396      42586.79000
    397      49235.83000
    398      55460.62000
    399      82764.56000
    400     116902.50000
    401     130279.30000
    402     124253.80000
    403     120912.80000
    404     130694.80000
    405     149376.00000
    406     169424.90000
    407     178808.00000
    408     167202.70000
    409     144017.10000
    410     132277.00000
    411     138657.50000
    412     148317.20000
    413     150337.40000
    414     146059.30000
    415     133847.00000
    416     111258.50000
    417      91330.12000
    418      90386.45000
    419     101984.80000
    420     107620.60000
    421     106736.80000
    422     110726.50000
    423     115090.90000
    424     104099.40000
    425      78023.83000
    426      53779.39000
    427      42088.25000
    428      41314.10000
    429      50166.92000
    430      69049.24000
    431      89312.84000
    432      97001.01000
    433      90310.70000
    434      80810.71000
    435      76012.09000
    436      73929.45000
    437      73623.67000
    438      75536.25000
    439      72324.23000
    440      55656.92000
    441      31216.96000
    442      13211.41000
    443       6084.91300
    444       4104.58000
    445       5745.71100
    446      15134.82000
    447      29443.95000
    448      36403.61000
    449      28990.90000
    450      15589.51000
    451      10235.27000
    452      17016.81000
    453      29587.63000
    454      42608.61000
    455      55660.21000
    456      66507.47000
    457      67686.16000
    458      52471.61000
    459      22423.87000
    460     -10252.75000
    461     -28713.46000
    462     -26673.01000
    463     -16592.66000
    464     -12649.18000
    465      -9690.76800
    466       3162.30100
    467      14473.28000
    468       2925.44700
    469     -24921.79000
    470     -39833.82000
    471     -33280.59000
    472     -25007.37000
    473     -24926.04000
    474     -16355.25000
    475      14350.54000
    476      52276.17000
    477      69171.62000
    478      55319.44000
    479      29357.79000
    480      17763.79000
    481      26918.90000
    482      37046.32000
    483      26435.51000
    484        135.08670
    485     -12949.78000
    486       5419.13000
    487      39196.07000
    488      57623.62000
    489      52564.66000
    490      44960.51000
    491      56699.95000
    492      88327.28000
    493     124926.20000
    494     150617.50000
    495     153066.00000
    496     125136.20000
    497      72549.70000
    498      17468.33000
    499     -13600.72000
    500     -11854.40000
    501       4487.76800
    502      11142.37000
    503       9622.59300
    504      23908.38000
    505      57890.27000
    506      77145.90000
    507      52249.69000
    508       4201.31900
    509     -19125.35000
    510      -5733.34700
    511       8403.00300
    512      -3978.70000
    513     -17062.63000
    514      11232.62000
    515      69100.13000
    516      93922.62000
    517      55115.62000
    518       1141.59600
    519        -92.39819
    520      53463.37000
    521      99542.16000
    522      90238.70000
    523      42530.01000
    524       4859.08800
    525      -5661.78100
    526     -12146.34000
    527     -31632.38000
    528     -47121.25000
    529     -35439.50000
    530      -4055.17800
    531      18578.21000
    532      22415.91000
    533      26321.85000
    534      45956.73000
    535      70447.62000
    536      84668.25000
    537      95622.32000
    538     115470.50000
    539     136558.50000
    540     149421.30000
    541     164704.70000
    542     187491.60000
    543     194782.80000
    544     170951.80000
    545     141214.00000
    546     138490.30000
    547     159788.30000
    548     179654.40000
    549     185998.20000
    550     187267.60000
    551     198772.80000
    552     226667.00000
    553     257465.40000
    554     271939.20000
    555     273073.80000
    556     286428.70000
    557     329659.10000
    558     392440.40000
    559     449642.50000
    560     494773.20000
    561     555503.40000
    562     661170.20000
    563     811067.40000
    564    1006682.00000
    565    1303759.00000
    566    1836564.00000
    567    2846868.00000
    568    4598124.00000
    569    6982505.00000
    570    9175128.00000
    571    10043130.00000
    572    9139094.00000
    573    7110983.00000
    574    5019690.00000
    575    3472401.00000
    576    2485737.00000
    577    1860874.00000
    578    1445384.00000
    579    1158742.00000
    580     960453.10000
    581     822725.90000
    582     715950.20000
    583     624648.10000
    584     553608.60000
    585     500324.80000
    586     446453.10000
    587     386086.30000
    588     335236.20000
    589     307609.30000
    590     300652.80000
    591     304758.50000
    592     308887.00000
    593     299255.10000
    594     270312.90000
    595     237403.30000
    596     221210.80000
    597     217531.50000
    598     203443.30000
    599     177432.90000
    600     164334.80000
    601     170835.60000
    602     172248.70000
    603     160841.10000
    604     165307.10000
    605     195536.50000
    606     211199.40000
    607     180341.80000
    608     131389.20000
    609     110100.50000
    610     117260.30000
    611     123700.10000
    612     119363.00000
    613     113879.80000
    614     107529.50000
    615      91392.06000
    616      68492.89000
    617      52974.88000
    618      47721.44000
    619      37532.30000
    620      11964.36000
    621     -13463.71000
    622     -11724.04000
    623      21410.97000
    624      60157.61000
    625      77706.15000
    626      72496.95000
    627      64197.64000
    628      70326.20000
    629      86200.67000
    630      86574.52000
    631      55186.26000
    632      12736.62000
    633       -265.59180
    634      28310.01000
    635      68104.70000
    636      83807.50000
    637      71124.73000
    638      52668.99000
    639      49460.54000
    640      59160.80000
    641      62303.44000
    642      52316.93000
    643      47614.83000
    644      63211.82000
    645      87755.89000
    646     101863.00000
    647      99375.13000
    648      82321.03000
    649      57554.66000
    650      39400.30000
    651      33974.21000
    652      30415.88000
    653      24877.22000
    654      30137.88000
    655      46526.50000
    656      55338.63000
    657      53135.28000
    658      57129.20000
    659      68665.99000
    660      65817.88000
    661      37949.78000
    662       1183.51800
    663     -21687.47000
    664     -20370.40000
    665      -2424.74600
    666      10010.10000
    667      -1003.76400
    668     -26330.21000
    669     -37034.38000
    670     -20163.83000
    671       4645.30100
    672      12108.31000
    673       4175.81400
    674       3102.95300
    675      17108.58000
    676      29155.32000
    677      22607.13000
    678       4523.29900
    679      -3699.95900
    680       8243.70300
    681      29611.86000
    682      41556.41000
    683      35309.39000
    684      16522.31000
    685      -3812.63900
    686     -17033.13000
    687     -18872.08000
    688     -11353.30000
    689       -704.26170
    690       9065.86900
    691      14974.14000
    692      11560.16000
    693       1270.13100
    694       -970.08200
    695       9016.23800
    696      12964.32000
    697       2183.55500
    698      -1985.76600
    699      16661.32000
    700      40600.52000
    701      48331.71000
    702      44949.47000
    703      43374.62000
    704      43075.98000
    705      42475.59000
    706      44759.43000
    707      40778.09000
    708      15150.59000
    709     -20770.28000
    710     -32096.88000
    711      -8217.43000
    712      21330.76000
    713      30357.85000
    714      25660.63000
    715      20679.85000
    716      11004.05000
    717      -7636.40200
    718     -22928.53000
    719     -22555.63000
    720      -9913.73400
    721       3918.83600
    722      11425.01000
    723      10865.32000
    724       4899.50400
    725      -3642.57000
    726     -13550.79000
    727     -19603.05000
    728     -15284.69000
    729      -7190.07800
    730     -10200.65000
    731     -20497.18000
    732     -14871.79000
    733      12393.50000
    734      35429.20000
    735      32373.41000
    736      12832.55000
    737      -2885.41800
    738      -9865.41000
    739     -11088.80000
    740      -5751.58600
    741       2002.39800
    742       1335.60500
    743      -8975.46500
    744     -18146.20000
    745     -19358.90000
    746     -13478.53000
    747      -2495.21500
    748       6787.55100
    749       3895.59000
    750      -8492.12500
    751     -14027.10000
    752      -6561.33600
    753       2786.02700
    754       3973.87900
    755      -3489.55100
    756     -15487.47000
    757     -22180.47000
    758     -13664.68000
    759       3710.60200
    760      14310.76000
    761      19217.96000
    762      30554.18000
    763      41410.71000
    764      30891.67000
    765      -2033.37100
    766     -34545.50000
    767     -47127.97000
    768     -38458.95000
    769     -20026.95000
    770      -5442.28500
    771       1312.24600
    772       7879.95700
    773      20644.51000
    774      37966.13000
    775      55643.72000
    776      64220.45000
    777      47713.26000
    778       6680.07400
    779     -28286.98000
    780     -30204.32000
    781      -9864.59400
    782       5890.92200
    783      12763.24000
    784      22708.39000
    785      34450.25000
    786      33486.56000
    787      14654.84000
    788     -10269.50000
    789     -24752.97000
    790     -21873.48000
    791     -10465.15000
    792      -7909.89100
    793     -20855.94000
    794     -33760.95000
    795     -24775.08000
    796       6204.31600
    797      33832.77000
    798      35688.84000
    799      17032.27000
    800       -159.99610
    801      -7377.62100
    802     -15311.41000
    803     -28959.02000
    804     -35077.44000
    805     -23440.55000
    806      -4627.95700
    807       5558.02000
    808       5324.55100
    809       -758.05470
    810     -13186.39000
    811     -29365.75000
    812     -38592.80000
    813     -36878.25000
    814     -33310.29000
    815     -32883.41000
    816     -28405.55000
    817     -17311.63000
    818      -8162.67200
    819      -3947.34800
    820       -603.30860
    821      -4216.22300
    822     -21410.98000
    823     -34739.47000
    824     -23510.23000
    825      -2737.17600
    826       -903.05860
    827     -11596.45000
    828     -10377.85000
    829      -1364.82800
    830      -4026.25000
    831     -15547.06000
    832     -22716.94000
    833     -25871.88000
    834     -24794.30000
    835     -10562.41000
    836      11175.17000
    837      20589.54000
    838      15387.61000
    839       9963.69500
    840       3249.54700
    841     -18035.07000
    842     -47747.52000
    843     -64892.07000
    844     -64507.09000
    845     -56563.62000
    846     -43907.07000
    847     -25371.78000
    848      -8565.99600
    849       -989.52730
    850       -987.81640
    851      -6634.00000
    852     -17732.07000
    853     -25909.98000
    854     -18742.74000
    855       6119.39500
    856      37338.09000
    857      52941.10000
    858      31873.66000
    859     -18894.12000
    860     -59437.34000
    861     -62422.97000
    862     -45568.48000
    863     -34928.66000
    864     -24861.55000
    865      -3743.67200
    866      13312.38000
    867       9972.90200
    868      -2964.44100
    869     -11113.09000
    870     -18015.76000
    871     -22909.99000
    872     -10375.35000
    873      19870.58000
    874      42865.87000
    875      40630.82000
    876      19897.14000
    877      -4719.02700
    878     -22437.77000
    879     -25920.82000
    880     -17824.73000
    881      -9414.85200
    882      -3535.67200
    883       5189.81200
    884      11185.83000
    885       2016.69900
    886     -17998.38000
    887     -30978.03000
    888     -30823.38000
    889     -26453.25000
    890     -25332.44000
    891     -29717.08000
    892     -39654.12000
    893     -45895.69000
    894     -33753.47000
    895      -8202.64800
    896       3366.28900
    897     -10884.19000
    898     -28252.43000
    899     -26643.17000
    900     -13305.82000
    901      -3833.53100
    902       -534.68750
    903      -2010.60900
    904      -6119.89800
    905      -1425.11700
    906      16901.61000
    907      31268.32000
    908      26377.41000
    909      11813.36000
    910       2460.59400
    911       2156.75800
    912      13845.31000
    913      33039.30000
    914      36357.79000
    915      14164.95000
    916      -3070.20300
    917       8558.82800
    918      21755.85000
    919       3480.23400
    920     -27945.31000
    921     -33320.52000
    922      -8396.28900
    923      24583.23000
    924      49054.84000
    925      52296.13000
    926      24576.20000
    927     -18388.88000
    928     -39795.28000
    929     -24430.23000
    930       4158.81200
    931      17029.49000
    932      11279.13000
    933       1680.74200
    934      -3840.23400
    935     -11140.52000
    936     -27430.57000
    937     -47119.80000
    938     -52928.80000
    939     -35271.64000
    940      -9093.63300
    941      -1958.62500
    942     -22822.99000
    943     -52477.06000
    944     -66712.39000
    945     -57788.35000
    946     -32971.22000
    947      -5463.38300
    948      13041.92000
    949      21969.85000
    950      30886.40000
    951      42594.94000
    952      47343.52000
    953      40048.83000
    954      29770.13000
    955      24964.44000
    956      21523.81000
    957      12792.96000
    958       3586.03100
    959       4745.63300
    960      14454.67000
    961      16343.38000
    962       3434.25800
    963     -10101.91000
    964     -13662.15000
    965     -17858.06000
    966     -30689.45000
    967     -40204.25000
    968     -40092.82000
    969     -42737.73000
    970     -48005.30000
    971     -35511.66000
    972      -7004.42200
    973       4763.00000
    974     -12006.48000
    975     -30442.42000
    976     -32996.80000
    977     -31323.75000
    978     -29067.76000
    979     -13940.26000
    980       5170.54700
    981        723.72660
    982     -27022.61000
    983     -45930.45000
    984     -37637.75000
    985     -14892.59000
    986       6928.31200
    987      28018.77000
    988      48093.32000
    989      51831.91000
    990      26002.84000
    991     -15329.53000
    992     -42867.88000
    993     -50271.12000
    994     -55550.02000
    995     -62695.35000
    996     -55127.98000
    997     -33935.26000
    998     -27453.15000
    999     -50396.19000
   1000     -80379.63000
   1001     -86431.31000
   1002     -64193.03000
   1003     -34771.78000
   1004     -17703.62000
   1005     -12911.87000
   1006      -8537.29700
   1007        687.57030
   1008       8568.17200
   1009       5784.19500
   1010     -12123.79000
   1011     -39219.11000
   1012     -58316.88000
   1013     -54123.30000
   1014     -31530.13000
   1015     -12634.70000
   1016     -11386.72000
   1017     -18956.52000
   1018     -20310.81000
   1019     -17092.12000
   1020     -22787.67000
   1021     -39204.23000
   1022     -51352.09000
   1023     -46754.94000
   1024     -29444.68000
   1025     -12797.50000
   1026      -4425.66400
   1027       -813.22660
   1028       4323.57000
   1029      10339.48000
   1030      12247.39000
   1031       7837.03900
   1032      -3373.89100
   1033     -18546.95000
   1034     -25459.73000
   1035     -16097.53000
   1036      -7484.94500
   1037     -22011.14000
   1038     -47563.04000
   1039     -51245.34000
   1040     -31479.20000
   1041     -19916.05000
   1042     -31163.22000
   1043     -44777.54000
   1044     -40589.38000
   1045     -25331.56000
   1046     -17268.27000
   1047     -21103.25000
   1048     -27024.79000
   1049     -26315.72000
   1050     -18888.59000
   1051      -8634.60200
   1052        411.54690
   1053       6256.53900
   1054      13261.23000
   1055      27040.76000
   1056      40636.69000
   1057      38310.30000
   1058      18047.05000
   1059      -4279.07800
   1060     -15793.48000
   1061     -17163.27000
   1062     -13469.27000
   1063      -8837.21100
   1064      -8057.71100
   1065     -13165.26000
   1066     -22055.94000
   1067     -33875.25000
   1068     -46984.23000
   1069     -50859.39000
   1070     -33472.43000
   1071       -833.14060
   1072      23717.63000
   1073      26109.02000
   1074      16653.10000
   1075      10849.77000
   1076       7258.34400
   1077      -3641.82000
   1078     -19512.91000
   1079     -28915.60000
   1080     -24754.86000
   1081      -5268.07800
   1082      25185.48000
   1083      50536.50000
   1084      55085.29000
   1085      43091.52000
   1086      28870.62000
   1087      14487.34000
   1088      -1566.10900
   1089      -7264.93000
   1090       7158.37500
   1091      29252.43000
   1092      39037.20000
   1093      30323.27000
   1094       7214.75800
   1095     -23663.56000
   1096     -49678.55000
   1097     -54491.68000
   1098     -32264.16000
   1099       1691.16400
   1100      17617.61000
   1101      -1684.36700
   1102     -38924.88000
   1103     -62553.58000
   1104     -67535.39000
   1105     -70585.53000
   1106     -68186.74000
   1107     -38182.92000
   1108      12423.32000
   1109      42753.71000
   1110      34477.13000
   1111      17201.91000
   1112      19734.81000
   1113      26465.45000
   1114       6439.12500
   1115     -34643.37000
   1116     -59339.15000
   1117     -46836.67000
   1118     -13611.51000
   1119      10934.16000
   1120      13030.18000
   1121       1205.50000
   1122      -4459.59400
   1123       7114.14100
   1124      24039.53000
   1125      25714.12000
   1126      12298.86000
   1127       6238.69500
   1128      17804.70000
   1129      24932.51000
   1130       4257.86700
   1131     -28474.02000
   1132     -35901.05000
   1133     -13978.30000
   1134       3073.67200
   1135      -5408.32800
   1136     -26159.33000
   1137     -45279.20000
   1138     -61269.33000
   1139     -64386.05000
   1140     -44318.33000
   1141     -16777.56000
   1142      -5574.00800
   1143      -6230.53100
   1144        848.08590
   1145      15016.30000
   1146      19569.89000
   1147       6295.74200
   1148     -21678.00000
   1149     -55183.66000
   1150     -77014.69000
   1151     -71389.02000
   1152     -44051.87000
   1153     -22508.64000
   1154     -28901.18000
   1155     -56206.77000
   1156     -77298.29000
   1157     -76807.98000
   1158     -62863.89000
   1159     -46539.16000
   1160     -30321.84000
   1161     -21505.66000
   1162     -29357.09000
   1163     -42788.79000
   1164     -40911.37000
   1165     -25908.37000
   1166     -13841.84000
   1167      -3148.95300
   1168      12178.03000
   1169      16682.91000
   1170      -1381.31200
   1171     -20939.52000
   1172     -18184.06000
   1173      -3867.22700
   1174      -4510.30500
   1175     -25991.96000
   1176     -50767.24000
   1177     -55391.53000
   1178     -29223.30000
   1179       9958.98400
   1180      26545.23000
   1181       7093.12500
   1182     -22398.86000
   1183     -32020.55000
   1184     -25853.53000
   1185     -27979.41000
   1186     -40686.77000
   1187     -38553.47000
   1188      -8124.68000
   1189      24748.44000
   1190      23722.29000
   1191     -10209.06000
   1192     -39175.80000
   1193     -35808.23000
   1194     -11331.47000
   1195       7379.33600
   1196      10978.17000
   1197       9574.49200
   1198      14246.45000
   1199      25861.53000
   1200      35003.11000
   1201      28860.30000
   1202       5855.05500
   1203     -17187.59000
   1204     -23117.73000
   1205     -17416.33000
   1206     -19901.29000
   1207     -36705.73000
   1208     -55446.02000
   1209     -65588.66000
   1210     -68680.11000
   1211     -68533.49000
   1212     -63629.29000
   1213     -51032.14000
   1214     -31661.82000
   1215     -11624.75000
   1216       -365.61720
   1217      -3073.05500
   1218     -13065.67000
   1219     -17976.55000
   1220     -14750.11000
   1221     -11561.05000
   1222     -15002.47000
   1223     -23914.23000
   1224     -34252.88000
   1225     -41212.72000
   1226     -39476.01000
   1227     -28370.44000
   1228     -12801.45000
   1229       2975.39800
   1230      15169.88000
   1231      18413.43000
   1232      14995.70000
   1233      16270.51000
   1234      22459.44000
   1235      17254.19000
