      1     -26214.90000
      2     -22002.19000
      3      -8759.64100
      4       2631.47300
      5      -4184.10500
      6     -19867.71000
      7     -17400.41000
      8        411.01560
      9        135.12890
     10     -28545.38000
     11     -56330.55000
     12     -57720.28000
     13     -38304.04000
     14     -15054.11000
     15       2791.84000
     16       8621.23400
     17      -3788.18400
     18     -28009.73000
     19     -43574.14000
     20     -36608.78000
     21     -15293.89000
     22       1119.82000
     23       1709.99600
     24     -10268.02000
     25     -20545.19000
     26     -14765.35000
     27       1435.73400
     28       3362.25000
     29     -16594.92000
     30     -33509.77000
     31     -29421.95000
     32     -20719.86000
     33     -25814.53000
     34     -35207.20000
     35     -31950.62000
     36     -15409.12000
     37       4764.48400
     38      17577.28000
     39      14811.12000
     40        399.57030
     41     -12289.66000
     42     -15485.51000
     43      -5401.52300
     44      22415.72000
     45      55176.45000
     46      62238.66000
     47      37065.30000
     48      13592.04000
     49      17859.62000
     50      31652.98000
     51      23439.54000
     52      -8195.10200
     53     -35105.33000
     54     -31333.62000
     55      -3243.69500
     56      11877.20000
     57      -8408.25000
     58     -37144.52000
     59     -36702.15000
     60     -15446.70000
     61      -7774.92200
     62     -16923.25000
     63     -18791.35000
     64      -5225.27300
     65       9788.00000
     66       9912.38300
     67     -14457.94000
     68     -52524.08000
     69     -66385.05000
     70     -30324.69000
     71      28305.33000
     72      59003.07000
     73      46257.02000
     74      11340.61000
     75     -21993.75000
     76     -39281.70000
     77     -34476.99000
     78     -16469.19000
     79      -2540.64100
     80        948.16410
     81        819.96880
     82       3783.70300
     83       9375.31200
     84      11371.24000
     85       4424.20300
     86      -5958.13300
     87      -5839.61700
     88       7325.53100
     89      15451.52000
     90       -344.30470
     91     -33665.01000
     92     -54688.77000
     93     -42437.65000
     94     -11246.51000
     95       5016.35900
     96      -7562.25000
     97     -33897.35000
     98     -55548.65000
     99     -65312.50000
    100     -60145.16000
    101     -41288.37000
    102     -20085.98000
    103      -9268.35900
    104     -11802.52000
    105     -23062.42000
    106     -35005.46000
    107     -38009.35000
    108     -29512.36000
    109     -17117.97000
    110      -5812.32000
    111       7037.10200
    112      18744.94000
    113      19175.77000
    114       7138.13300
    115      -6007.46900
    116     -11490.05000
    117     -10285.00000
    118      -7248.69500
    119      -5999.32800
    120      -5731.81200
    121      -1870.39100
    122       3633.41400
    123        -56.00000
    124     -15419.02000
    125     -29779.44000
    126     -35328.14000
    127     -37991.74000
    128     -39418.85000
    129     -33119.86000
    130     -22716.59000
    131     -18922.54000
    132     -17104.80000
    133      -3469.84400
    134      18005.77000
    135      27886.60000
    136      17058.24000
    137      -6548.79700
    138     -30200.71000
    139     -43782.98000
    140     -44891.23000
    141     -42252.75000
    142     -42331.63000
    143     -35662.88000
    144     -15676.95000
    145      -2412.77300
    146     -16247.12000
    147     -35972.48000
    148     -23100.80000
    149      15859.25000
    150      35561.45000
    151      17569.75000
    152     -14775.07000
    153     -42588.83000
    154     -66432.88000
    155     -78949.39000
    156     -65989.62000
    157     -34796.53000
    158     -11150.33000
    159     -10695.59000
    160     -28179.48000
    161     -46436.67000
    162     -49726.88000
    163     -38859.58000
    164     -31067.74000
    165     -35930.29000
    166     -41197.90000
    167     -31126.28000
    168      -6537.75800
    169      18813.85000
    170      28519.71000
    171      10494.08000
    172     -29997.37000
    173     -65421.16000
    174     -71437.46000
    175     -56037.12000
    176     -45226.07000
    177     -43609.43000
    178     -34769.32000
    179     -20663.67000
    180     -25520.65000
    181     -51117.01000
    182     -65061.22000
    183     -48832.12000
    184     -22045.89000
    185      -6695.09400
    186      -3266.47700
    187      -7107.92200
    188     -12129.31000
    189      -4112.10900
    190      14353.70000
    191      14481.50000
    192      -8529.42200
    193     -15257.94000
    194      13235.84000
    195      41310.27000
    196      40316.09000
    197      25471.24000
    198       8971.23400
    199     -20033.06000
    200     -54339.67000
    201     -68371.65000
    202     -63398.26000
    203     -59736.21000
    204     -52352.85000
    205     -23987.52000
    206       9793.78900
    207      15356.77000
    208      -5851.23400
    209     -17636.74000
    210      -3989.94500
    211       9340.57000
    212       -389.90620
    213     -17758.48000
    214     -20609.15000
    215     -16587.95000
    216     -18469.70000
    217     -13325.52000
    218       9934.96100
    219      31464.04000
    220      30071.88000
    221      15191.27000
    222       4521.71900
    223      -5339.01600
    224     -25861.96000
    225     -51344.44000
    226     -61164.08000
    227     -42686.65000
    228      -6977.84400
    229      20226.30000
    230      24079.28000
    231      11504.80000
    232      -4161.32800
    233     -16941.91000
    234     -23126.48000
    235     -17923.05000
    236      -6775.56200
    237      -6290.01600
    238     -20945.41000
    239     -31309.38000
    240     -23265.89000
    241     -15086.45000
    242     -29054.37000
    243     -49373.97000
    244     -43630.48000
    245     -17459.62000
    246      -7191.72700
    247     -21874.91000
    248     -33493.37000
    249     -25447.79000
    250     -12248.89000
    251      -6852.02300
    252      -3639.47700
    253        300.38280
    254      -1261.09400
    255      -2354.00800
    256      12632.63000
    257      38129.87000
    258      47769.05000
    259      30972.32000
    260       3972.76600
    261     -16586.25000
    262     -26900.13000
    263     -26178.86000
    264     -15491.47000
    265      -3093.42200
    266       3768.88300
    267       7033.03100
    268      10694.64000
    269      13203.04000
    270      10296.47000
    271       1453.60900
    272      -6882.56200
    273      -6921.53900
    274      -2033.79700
    275      -5508.62500
    276     -19383.23000
    277     -25843.96000
    278      -9661.06200
    279      19803.60000
    280      38780.25000
    281      36028.71000
    282      21020.66000
    283       7539.39800
    284       -599.85940
    285      -4432.27300
    286      -3316.85200
    287       -751.96090
    288      -3841.34400
    289     -11227.51000
    290     -15186.80000
    291     -15903.72000
    292     -17310.60000
    293     -15058.84000
    294      -5541.22700
    295       3463.76600
    296       4785.91400
    297        967.64840
    298      -4831.31200
    299     -11957.45000
    300     -17257.61000
    301     -19656.56000
    302     -22537.55000
    303     -24051.90000
    304     -18547.28000
    305     -10446.45000
    306     -11853.75000
    307     -26588.88000
    308     -45901.05000
    309     -56018.88000
    310     -48039.73000
    311     -28361.93000
    312     -14683.38000
    313     -13868.73000
    314     -14581.47000
    315      -7285.10200
    316       3289.54700
    317       9515.86700
    318      10122.57000
    319       7503.87500
    320       5565.68000
    321       6867.20300
    322       7745.91400
    323       4530.83600
    324       3691.14100
    325      13795.50000
    326      29910.97000
    327      36328.09000
    328      22602.11000
    329      -6351.79700
    330     -30387.34000
    331     -29175.64000
    332      -8268.34400
    333        264.28120
    334     -20942.83000
    335     -45148.62000
    336     -34744.69000
    337       4851.04700
    338      28477.00000
    339       9276.17200
    340     -27908.52000
    341     -43097.06000
    342     -32641.95000
    343     -20241.12000
    344     -10896.50000
    345       9135.56200
    346      32764.34000
    347      34653.45000
    348      12374.66000
    349     -11972.55000
    350     -26356.70000
    351     -32311.12000
    352     -26066.55000
    353      -6368.65600
    354      12378.28000
    355      19402.42000
    356      26699.31000
    357      50031.92000
    358      80856.11000
    359      91488.53000
    360      67426.36000
    361      26516.47000
    362       -592.37500
    363      -6059.75000
    364      -7885.04700
    365     -17216.92000
    366     -22868.52000
    367     -14889.84000
    368      -3297.17200
    369       -568.71880
    370       -568.06250
    371       9002.60900
    372      21537.12000
    373      16694.39000
    374      -9196.29700
    375     -34878.28000
    376     -41002.33000
    377     -29374.34000
    378     -10124.47000
    379      11784.42000
    380      29129.66000
    381      31797.92000
    382      23484.33000
    383      21667.70000
    384      33698.45000
    385      48743.19000
    386      54546.83000
    387      46875.34000
    388      26841.53000
    389       3862.32800
    390      -6385.82800
    391       1297.37500
    392      17917.42000
    393      36913.22000
    394      55995.73000
    395      61744.52000
    396      38306.22000
    397      -2089.34400
    398     -21658.55000
    399      -2271.96900
    400      27426.58000
    401      25228.95000
    402     -11800.69000
    403     -44885.97000
    404     -42316.20000
    405     -11946.42000
    406      17724.03000
    407      28555.33000
    408      20084.22000
    409       4061.48400
    410      -3492.29700
    411       2769.40600
    412      12796.88000
    413      19399.17000
    414      28712.09000
    415      42759.83000
    416      48471.78000
    417      36597.03000
    418      15613.64000
    419      -1692.48400
    420      -8668.84400
    421        765.42190
    422      26432.69000
    423      49909.58000
    424      52369.12000
    425      41005.47000
    426      34523.42000
    427      34154.52000
    428      33760.78000
    429      40128.45000
    430      57632.25000
    431      73687.67000
    432      77164.28000
    433      68442.12000
    434      46605.39000
    435      15201.17000
    436      -4501.56200
    437       2237.35900
    438      19280.41000
    439      28740.88000
    440      43008.83000
    441      76725.17000
    442     110117.60000
    443     112315.50000
    444      84982.39000
    445      54787.34000
    446      34545.70000
    447      20449.47000
    448      20557.83000
    449      51000.02000
    450      97123.45000
    451     114718.90000
    452      88768.11000
    453      59009.47000
    454      64395.70000
    455      91958.73000
    456     107078.20000
    457     106159.40000
    458     108628.80000
    459     116837.20000
    460     115679.70000
    461     104416.70000
    462     101366.50000
    463     113704.40000
    464     121052.00000
    465     100724.80000
    466      60654.33000
    467      33822.75000
    468      40250.11000
    469      66750.16000
    470      87993.83000
    471      96109.27000
    472     101248.90000
    473     110730.00000
    474     122176.70000
    475     136501.90000
    476     161221.00000
    477     193615.70000
    478     215402.10000
    479     216366.00000
    480     211037.20000
    481     220757.10000
    482     249071.40000
    483     282957.20000
    484     308117.70000
    485     318500.20000
    486     322319.40000
    487     340048.20000
    488     386218.40000
    489     452824.90000
    490     518250.20000
    491     569112.80000
    492     608106.60000
    493     649806.40000
    494     715242.30000
    495     823414.20000
    496     984662.80000
    497    1211126.00000
    498    1529969.00000
    499    1981736.00000
    500    2630652.00000
    501    3587716.00000
    502    4938905.00000
    503    6535008.00000
    504    7878062.00000
    505    8371790.00000
    506    7781246.00000
    507    6417716.00000
    508    4857640.00000
    509    3527640.00000
    510    2552049.00000
    511    1875499.00000
    512    1416121.00000
    513    1108677.00000
    514     892577.40000
    515     721320.60000
    516     582424.90000
    517     487206.10000
    518     436311.80000
    519     403830.40000
    520     360656.00000
    521     308987.00000
    522     278734.60000
    523     283130.40000
    524     294078.10000
    525     277608.40000
    526     238944.00000
    527     209339.80000
    528     197564.90000
    529     181550.10000
    530     149166.10000
    531     121389.00000
    532     121908.50000
    533     139382.20000
    534     138884.10000
    535     107004.80000
    536      67556.38000
    537      48957.72000
    538      52399.55000
    539      62516.69000
    540      73813.53000
    541      86264.41000
    542      85083.64000
    543      54580.30000
    544      12851.95000
    545        837.46880
    546      26486.50000
    547      48137.89000
    548      29272.72000
    549     -13801.02000
    550     -38598.34000
    551     -32579.00000
    552     -17776.14000
    553      -8846.39100
    554       3414.87500
    555      22604.50000
    556      30146.03000
    557      14666.69000
    558      -4337.75000
    559      -4130.59400
    560       5500.32800
    561      -1988.54700
    562     -28001.02000
    563     -47402.77000
    564     -45996.61000
    565     -35800.12000
    566     -30122.09000
    567     -24307.83000
    568      -9260.40600
    569       9865.10900
    570      17425.78000
    571       5454.09400
    572     -14701.34000
    573     -21317.02000
    574      -7188.06200
    575      11348.39000
    576      19027.16000
    577      23142.03000
    578      36382.88000
    579      52045.42000
    580      53330.88000
    581      37076.39000
    582      14358.83000
    583      -3738.25000
    584     -10227.98000
    585      -1384.07800
    586      14817.08000
    587      16169.48000
    588      -8801.09400
    589     -36523.17000
    590     -34269.81000
    591      -8989.00000
    592       2290.48400
    593     -10552.61000
    594     -22854.94000
    595     -21812.25000
    596     -17938.05000
    597     -12933.91000
    598       2896.39100
    599      24049.88000
    600      31540.53000
    601      16452.55000
    602     -12618.56000
    603     -34920.69000
    604     -30303.95000
    605      -3070.68800
    606      16624.17000
    607      11112.27000
    608      -4684.82800
    609     -13787.20000
    610     -18286.11000
    611     -18372.97000
    612      -4628.45300
    613      16427.06000
    614      19913.70000
    615      -2826.26600
    616     -28966.94000
    617     -30589.64000
    618      -4385.84400
    619      26458.94000
    620      35965.67000
    621      21692.67000
    622       4175.53100
    623       -639.84380
    624       3704.32800
    625      10147.28000
    626      20829.92000
    627      35787.75000
    628      46128.45000
    629      48470.08000
    630      51015.94000
    631      55432.98000
    632      48436.33000
    633      24140.34000
    634       1167.46900
    635       2168.79700
    636      25970.53000
    637      52732.95000
    638      67410.11000
    639      67023.62000
    640      54682.03000
    641      37279.59000
    642      22439.72000
    643      11024.55000
    644      -2421.75000
    645     -18718.20000
    646     -28804.42000
    647     -23299.42000
    648      -6704.09400
    649       1145.26600
    650     -15523.03000
    651     -45304.72000
    652     -55964.95000
    653     -32634.19000
    654       1113.42200
    655      12974.36000
    656        341.35940
    657     -16379.44000
    658     -24076.39000
    659     -22101.06000
    660     -12116.92000
    661        736.53120
    662       9101.57800
    663      11037.20000
    664       2254.06200
    665     -28751.81000
    666     -74262.17000
    667     -95002.52000
    668     -64220.02000
    669      -5435.60900
    670      40579.75000
    671      65596.53000
    672      85429.73000
    673      99301.53000
    674      85305.61000
    675      35873.75000
    676     -21521.30000
    677     -50837.80000
    678     -45991.30000
    679     -28405.89000
    680     -13792.28000
    681       -485.06250
    682      14288.50000
    683      25686.27000
    684      28948.67000
    685      24417.12000
    686      14472.86000
    687       1003.48400
    688     -11994.03000
    689     -15575.81000
    690      -2594.17200
    691      21884.47000
    692      44731.47000
    693      57657.38000
    694      57328.08000
    695      41152.66000
    696      15655.55000
    697      -1491.67200
    698        730.85940
    699      16116.19000
    700      32012.47000
    701      38254.66000
    702      28019.17000
    703       5765.23400
    704      -8740.09400
    705       -626.56250
    706      17397.81000
    707      18104.28000
    708      -3381.40600
    709     -20745.58000
    710     -10077.59000
    711      21524.92000
    712      47607.59000
    713      48019.23000
    714      18286.45000
    715     -27541.08000
    716     -58062.58000
    717     -48921.47000
    718      -9594.32800
    719      31033.55000
    720      59820.03000
    721      80790.20000
    722      93185.84000
    723      92285.70000
    724      83660.44000
    725      76827.67000
    726      70670.25000
    727      58244.58000
    728      40386.88000
    729      26563.12000
    730      24651.20000
    731      31257.12000
    732      32923.16000
    733      22960.94000
    734      15325.75000
    735      28058.81000
    736      53212.94000
    737      62874.39000
    738      48922.50000
    739      34126.94000
    740      35199.53000
    741      39741.61000
    742      32908.28000
    743      20641.33000
    744       8769.00000
    745     -13316.48000
    746     -45773.80000
    747     -62791.27000
    748     -48781.23000
    749     -25014.58000
    750     -17442.62000
    751     -21723.42000
    752     -18069.73000
    753       1781.79700
    754      32433.69000
    755      58197.66000
    756      58067.55000
    757      30240.98000
    758       4926.09400
    759       9098.07800
    760      28931.23000
    761      30784.61000
    762       8259.43800
    763     -13994.53000
    764     -14911.16000
    765       2298.15600
    766      18597.89000
    767      15972.52000
    768      -8552.39100
    769     -36100.61000
    770     -39360.09000
    771     -11846.83000
    772      22336.70000
    773      35598.84000
    774      23842.95000
    775       -234.78120
    776     -23667.69000
    777     -32712.98000
    778     -17587.17000
    779       7147.35900
    780       8587.03100
    781     -23235.78000
    782     -60345.66000
    783     -74500.31000
    784     -67975.70000
    785     -56590.34000
    786     -44553.80000
    787     -30261.88000
    788     -19572.89000
    789     -15839.83000
    790      -8048.68800
    791      11790.78000
    792      27506.38000
    793      20138.64000
    794       4986.14100
    795      14880.12000
    796      48141.88000
    797      68879.30000
    798      58896.38000
    799      33145.14000
    800       7162.85900
    801     -13572.27000
    802     -17712.27000
    803        910.35940
    804      20049.86000
    805       9963.89100
    806     -24393.84000
    807     -47959.41000
    808     -40694.97000
    809     -17052.66000
    810       -662.23440
    811       1151.84400
    812      -6414.10900
    813     -18987.77000
    814     -32570.33000
    815     -38512.64000
    816     -30262.88000
    817     -14336.31000
    818      -6207.12500
    819     -13207.42000
    820     -28689.81000
    821     -44566.05000
    822     -57714.45000
    823     -60714.19000
    824     -45433.23000
    825     -22264.78000
    826     -12281.22000
    827     -14674.56000
    828      -9791.85900
    829       3315.89100
    830       5389.07800
    831      -6939.45300
    832     -16033.28000
    833     -12911.62000
    834      -6099.10900
    835      -5114.00000
    836     -12302.95000
    837     -23656.09000
    838     -29557.53000
    839     -23282.28000
    840     -10312.38000
    841      -1813.65600
    842      -2758.14100
    843     -11153.38000
    844     -21182.23000
    845     -23297.02000
    846     -10134.28000
    847      12542.19000
    848      28158.08000
    849      27655.53000
    850      18780.48000
    851      11207.14000
    852       1815.07800
    853     -14616.64000
    854     -30098.44000
    855     -32777.06000
    856     -24263.42000
    857     -15176.67000
    858      -9598.31200
    859      -3963.18800
    860       2029.06200
    861        104.29690
    862     -17530.17000
    863     -43698.56000
    864     -58414.36000
    865     -51455.62000
    866     -33861.03000
    867     -20411.34000
    868     -13057.75000
    869      -8877.40600
    870     -10788.66000
    871     -19979.92000
    872     -27136.08000
    873     -22623.42000
    874     -13131.38000
    875     -16399.44000
    876     -35288.80000
    877     -49659.53000
    878     -42757.55000
    879     -22479.30000
    880      -5954.70300
    881       1811.23400
    882       3725.40600
    883        330.32810
    884      -7518.45300
    885     -17197.66000
    886     -29997.59000
    887     -49681.89000
    888     -72863.52000
    889     -83828.70000
    890     -63743.16000
    891     -13777.05000
    892      33693.50000
    893      44754.86000
    894      26845.88000
    895      20406.20000
    896      42351.78000
    897      61214.95000
    898      42781.94000
    899       1851.34400
    900     -15159.19000
    901       7330.17200
    902      35894.78000
    903      35567.47000
    904       9235.14100
    905     -17322.56000
    906     -26299.73000
    907     -16014.31000
    908       5294.67200
    909      28716.44000
    910      50625.27000
    911      63781.91000
    912      52298.64000
    913      14657.91000
    914     -20903.80000
    915     -26492.56000
    916      -6998.31200
    917      11662.28000
    918       9595.57800
    919     -15504.02000
    920     -46118.81000
    921     -59548.75000
    922     -54753.34000
    923     -47001.38000
    924     -36485.11000
    925     -13338.95000
    926      12916.47000
    927      23787.94000
    928      21593.03000
    929      21075.56000
    930      26243.72000
    931      31648.16000
    932      30622.53000
    933      18936.25000
    934       1437.21900
    935     -14817.48000
    936     -34784.00000
    937     -58777.55000
    938     -62671.53000
    939     -30567.61000
    940       9785.68800
    941      21678.06000
    942       7706.09400
    943      -7882.07800
    944     -16801.81000
    945     -21671.72000
    946     -21381.22000
    947     -18246.70000
    948     -17193.12000
    949     -13783.17000
    950      -3658.25000
    951       1844.93800
    952      -9642.96900
    953     -29033.80000
    954     -37502.09000
    955     -33593.69000
    956     -30148.44000
    957     -29735.73000
    958     -22254.52000
    959      -6260.06200
    960       5503.56200
    961       4448.93800
    962      -4266.78100
    963     -12534.09000
    964     -17599.31000
    965     -19266.53000
    966     -18364.09000
    967     -16936.05000
    968     -15354.25000
    969     -13084.08000
    970     -13016.05000
    971     -16804.03000
    972     -16342.83000
    973      -1437.62500
    974      21893.97000
    975      31578.62000
    976      14075.41000
    977     -17669.06000
    978     -36870.20000
    979     -30779.97000
    980     -12646.53000
    981      -7380.62500
    982     -25166.34000
    983     -47700.20000
    984     -46803.73000
    985     -19996.02000
    986       4737.96900
    987       6940.18800
    988      -1139.28100
    989       -165.75000
    990       3589.46900
    991      -9556.46900
    992     -38360.08000
    993     -58750.64000
    994     -54906.81000
    995     -36227.64000
    996     -18855.56000
    997      -4302.06200
    998      14013.50000
    999      34066.84000
   1000      44484.25000
   1001      33714.94000
   1002        944.40620
   1003     -31463.83000
   1004     -30545.47000
   1005       2172.28100
   1006      20701.19000
   1007      -3771.84400
   1008     -38656.00000
   1009     -37106.97000
   1010      -1531.78100
   1011      28523.34000
   1012      29831.19000
   1013      14477.06000
   1014       6050.71900
   1015       9255.12500
   1016       6896.31200
   1017     -10841.66000
   1018     -29022.27000
   1019     -33707.16000
   1020     -35301.75000
   1021     -46846.78000
   1022     -59562.78000
   1023     -58233.88000
   1024     -43683.39000
   1025     -28450.45000
   1026     -20923.84000
   1027     -16792.28000
   1028      -4018.21900
   1029      16983.22000
   1030      24830.19000
   1031       5293.75000
   1032     -23674.81000
   1033     -34996.61000
   1034     -25722.06000
   1035      -8471.31200
   1036       9833.06200
   1037      20935.38000
   1038      10182.00000
   1039     -19315.84000
   1040     -37284.48000
   1041     -23444.75000
   1042       2385.81200
   1043       8340.93800
   1044      -6074.15600
   1045     -17105.03000
   1046     -14786.50000
   1047      -9946.12500
   1048     -11365.75000
   1049     -17666.56000
   1050     -27552.88000
   1051     -41332.77000
   1052     -55077.27000
   1053     -62518.31000
   1054     -59713.27000
   1055     -46744.12000
   1056     -29928.88000
   1057     -17710.53000
   1058      -7832.87500
   1059      11016.59000
   1060      37305.22000
   1061      51047.53000
   1062      40840.28000
   1063      23263.09000
   1064      22371.78000
   1065      38052.62000
   1066      47387.09000
   1067      36448.50000
   1068      17826.62000
   1069       8328.31200
   1070       2811.25000
   1071     -11109.06000
   1072     -24733.16000
   1073     -21948.22000
   1074      -9723.06200
   1075      -4585.50000
   1076      -1265.87500
   1077      13450.06000
   1078      29494.09000
   1079      27138.16000
   1080      10372.06000
   1081        495.68750
   1082       3581.25000
   1083       5595.59400
   1084      -1981.87500
   1085     -10260.31000
   1086     -12234.44000
   1087     -14822.84000
   1088     -18176.09000
   1089      -6725.06200
   1090      19123.59000
   1091      31537.72000
   1092      18411.66000
   1093       3308.62500
   1094       2224.06200
   1095        514.53120
   1096     -12168.78000
   1097     -24503.97000
   1098     -29235.31000
   1099     -29566.53000
   1100     -19763.44000
   1101       8427.56200
   1102      40964.06000
   1103      48656.38000
   1104      24157.31000
   1105      -2794.96900
   1106        367.53120
   1107      24602.88000
   1108      31122.84000
   1109       9000.28100
   1110     -10910.25000
   1111      -7790.93800
   1112        494.62500
   1113      -4845.68800
   1114     -13132.88000
   1115     -10810.34000
   1116      -9350.12500
   1117     -23208.94000
   1118     -38921.31000
   1119     -32344.56000
   1120      -8162.68800
   1121       4630.03100
   1122      -4160.34400
   1123     -14645.16000
   1124     -11655.88000
   1125      -3955.46900
   1126      -3756.78100
   1127     -10578.84000
   1128     -19619.69000
   1129     -27720.62000
   1130     -30942.94000
   1131     -29099.66000
   1132     -28666.59000
   1133     -33358.59000
   1134     -39741.25000
   1135     -44243.31000
   1136     -43014.53000
   1137     -27694.47000
   1138       3148.34400
   1139      31878.31000
   1140      37550.34000
   1141      21278.00000
   1142       3714.12500
   1143       -299.93750
   1144       2522.65600
   1145      -7598.65600
   1146     -39730.38000
   1147     -76842.34000
   1148     -91206.91000
   1149     -75611.52000
   1150     -49342.66000
   1151     -33559.09000
   1152     -30725.28000
   1153     -28763.34000
   1154     -19552.69000
   1155     -10264.31000
   1156     -10325.50000
   1157     -10943.06000
   1158       2907.31200
   1159      22701.12000
   1160      29379.78000
   1161      31625.12000
   1162      49240.03000
   1163      64691.16000
   1164      42948.31000
   1165      -3879.03100
   1166     -26601.94000
   1167     -11934.59000
   1168       6931.34400
   1169      10781.03000
   1170      15949.16000
   1171      34437.03000
   1172      54883.09000
   1173      66471.56000
   1174      70566.50000
   1175      67135.06000
   1176      52763.88000
   1177      32743.66000
   1178      17423.59000
   1179       5553.15600
   1180     -14633.19000
   1181     -44017.88000
   1182     -65399.83000
   1183     -65279.62000
   1184     -49677.78000
   1185     -29942.84000
   1186     -10014.56000
   1187       3690.78100
   1188       3094.40600
   1189      -3678.43800
   1190       -973.18750
   1191       6852.71900
   1192       3610.25000
   1193     -10873.09000
   1194     -26722.34000
   1195     -41355.69000
   1196     -50531.03000
   1197     -44642.50000
   1198     -27622.94000
   1199     -15864.38000
   1200     -14498.09000
   1201     -16644.75000
   1202     -20438.03000
   1203     -27163.16000
   1204     -31310.72000
   1205     -27248.78000
   1206     -17663.09000
   1207      -7918.87500
   1208        976.18750
   1209      11287.88000
   1210      24656.72000
   1211      38744.31000
   1212      45843.22000
   1213      39681.53000
   1214      26078.34000
   1215      18644.81000
   1216      18199.03000
   1217       8109.84400
   1218     -20263.91000
   1219     -50452.53000
   1220     -60373.25000
   1221     -48294.56000
   1222     -31455.84000
   1223     -25821.00000
   1224     -28631.50000
   1225     -21905.78000
   1226         31.50000
   1227      18659.25000
   1228      20668.75000
   1229      15544.31000
   1230       7364.90600
   1231     -14586.91000
   1232     -41494.12000
   1233     -44712.12000
   1234     -20169.88000
   1235       7153.46900
