      1     -12809.21000
      2       3122.75800
      3       6681.00000
      4      -8181.46900
      5     -32958.63000
      6     -52935.19000
      7     -58215.64000
      8     -52636.38000
      9     -50665.97000
     10     -57516.72000
     11     -57472.84000
     12     -37093.90000
     13     -14220.77000
     14     -20601.68000
     15     -55515.76000
     16     -81698.53000
     17     -73828.07000
     18     -48868.91000
     19     -38386.62000
     20     -47484.29000
     21     -53937.51000
     22     -40446.59000
     23     -15951.84000
     24      -3028.16400
     25     -10325.44000
     26     -26394.44000
     27     -40146.11000
     28     -53164.52000
     29     -65224.75000
     30     -63898.16000
     31     -42953.66000
     32     -17977.36000
     33      -7867.23400
     34     -11607.59000
     35     -17756.27000
     36     -23020.86000
     37     -26022.91000
     38     -19281.19000
     39      -5566.17200
     40      -4532.89100
     41     -23834.00000
     42     -43210.86000
     43     -45991.52000
     44     -44085.03000
     45     -52546.03000
     46     -63882.48000
     47     -66991.28000
     48     -66606.94000
     49     -66798.91000
     50     -60096.31000
     51     -47071.36000
     52     -41092.45000
     53     -43957.28000
     54     -43938.36000
     55     -42158.34000
     56     -49940.53000
     57     -59321.69000
     58     -52413.64000
     59     -38631.45000
     60     -42843.66000
     61     -58977.31000
     62     -57452.67000
     63     -34610.89000
     64     -13208.52000
     65       -971.84380
     66      10798.88000
     67      15978.67000
     68       -608.60940
     69     -32803.55000
     70     -57689.28000
     71     -64507.73000
     72     -60939.22000
     73     -57937.28000
     74     -58437.62000
     75     -55132.77000
     76     -39073.30000
     77     -16768.22000
     78     -11999.91000
     79     -39943.67000
     80     -84405.19000
     81    -112190.00000
     82    -107979.20000
     83     -84759.45000
     84     -61506.19000
     85     -45112.58000
     86     -35755.56000
     87     -31279.66000
     88     -21894.61000
     89        105.17190
     90      22204.56000
     91      23023.73000
     92        167.59380
     93     -31727.45000
     94     -62382.75000
     95     -85985.47000
     96     -91392.38000
     97     -71938.25000
     98     -39552.56000
     99     -17766.08000
    100     -19259.50000
    101     -31567.66000
    102     -31934.25000
    103     -21382.16000
    104     -27173.67000
    105     -58406.88000
    106     -83248.89000
    107     -70869.08000
    108     -34825.88000
    109     -14627.45000
    110     -29019.75000
    111     -60871.58000
    112     -79186.94000
    113     -69743.08000
    114     -45552.73000
    115     -28433.58000
    116     -28332.92000
    117     -45780.58000
    118     -77533.55000
    119    -106246.70000
    120    -105205.00000
    121     -71652.42000
    122     -35732.19000
    123     -19901.30000
    124     -13951.61000
    125      -5196.98400
    126      -1874.07800
    127      -8602.01600
    128     -12611.47000
    129     -11571.16000
    130     -20859.83000
    131     -41917.83000
    132     -56959.64000
    133     -59055.70000
    134     -57095.34000
    135     -56634.92000
    136     -60572.94000
    137     -73220.25000
    138     -85774.09000
    139     -79898.42000
    140     -57095.27000
    141     -39652.11000
    142     -37112.66000
    143     -36220.80000
    144     -27243.33000
    145     -20013.27000
    146     -27174.16000
    147     -43651.31000
    148     -53193.80000
    149     -50979.83000
    150     -44791.08000
    151     -35929.81000
    152     -21364.52000
    153     -13391.61000
    154     -26454.67000
    155     -44218.84000
    156     -34779.81000
    157       1762.68800
    158      35014.47000
    159      48088.41000
    160      44722.69000
    161      23161.75000
    162     -17297.67000
    163     -51248.91000
    164     -46910.36000
    165      -9969.34400
    166      20525.94000
    167      18492.08000
    168      -6965.60900
    169     -30941.53000
    170     -38022.64000
    171     -30554.23000
    172     -22787.41000
    173     -26822.89000
    174     -39581.36000
    175     -44135.05000
    176     -27450.83000
    177       1409.18800
    178      15529.39000
    179      -1741.75000
    180     -37005.28000
    181     -62900.11000
    182     -67894.84000
    183     -59721.78000
    184     -46491.36000
    185     -30555.84000
    186     -18945.42000
    187     -21707.06000
    188     -34862.36000
    189     -39159.22000
    190     -24771.14000
    191      -7539.60900
    192     -10744.31000
    193     -35437.53000
    194     -57623.00000
    195     -56668.25000
    196     -39680.53000
    197     -28061.34000
    198     -23747.88000
    199      -8805.03100
    200      19722.11000
    201      40631.50000
    202      38829.61000
    203      20338.30000
    204      -1966.71900
    205     -14420.16000
    206      -5231.73400
    207      16219.80000
    208      19080.30000
    209     -10497.39000
    210     -48494.64000
    211     -63851.16000
    212     -53424.95000
    213     -38374.83000
    214     -36354.23000
    215     -42902.45000
    216     -40814.41000
    217     -26547.67000
    218     -16991.75000
    219     -24912.84000
    220     -39515.59000
    221     -39117.62000
    222     -17546.83000
    223       7044.14100
    224      10251.06000
    225     -12862.62000
    226     -44004.61000
    227     -62744.11000
    228     -64319.25000
    229     -59021.88000
    230     -61273.27000
    231     -74621.17000
    232     -82431.44000
    233     -61872.91000
    234     -13901.00000
    235      27298.22000
    236      22835.39000
    237     -30008.69000
    238     -89478.20000
    239    -109989.10000
    240     -88461.42000
    241     -57622.22000
    242     -39666.12000
    243     -28958.42000
    244     -17001.31000
    245      -6838.71900
    246       2060.68800
    247      19042.97000
    248      42536.28000
    249      51629.39000
    250      29507.58000
    251     -12495.38000
    252     -45067.42000
    253     -52386.80000
    254     -44870.30000
    255     -39744.52000
    256     -37572.70000
    257     -26260.12000
    258      -4950.96900
    259       8109.29700
    260      -3580.12500
    261     -33892.59000
    262     -57947.77000
    263     -53020.91000
    264     -17596.72000
    265      24754.28000
    266      43975.30000
    267      28538.95000
    268     -11011.72000
    269     -54028.14000
    270     -75419.14000
    271     -56849.48000
    272     -11753.42000
    273      16945.02000
    274       2522.78100
    275     -37103.50000
    276     -66661.31000
    277     -69606.38000
    278     -49783.53000
    279     -18997.33000
    280       8485.68800
    281      22227.25000
    282      19255.62000
    283      -1409.73400
    284     -36677.72000
    285     -68155.55000
    286     -73200.81000
    287     -54197.67000
    288     -35201.62000
    289     -24981.41000
    290     -10433.62000
    291       8143.20300
    292       9390.70300
    293      -9387.60900
    294     -18215.27000
    295        317.34380
    296      20595.33000
    297      13292.45000
    298      -7725.75000
    299      -8297.93800
    300      11332.84000
    301      20190.91000
    302       8633.53100
    303        183.53120
    304       8619.71900
    305      16303.52000
    306       4106.79700
    307     -21013.17000
    308     -37768.28000
    309     -36733.53000
    310     -26770.28000
    311     -18452.89000
    312      -9131.40600
    313       5494.54700
    314      12276.81000
    315      -3189.34400
    316     -26025.25000
    317     -29337.38000
    318     -17942.72000
    319     -18663.92000
    320     -34006.97000
    321     -43411.12000
    322     -40504.91000
    323     -32936.02000
    324     -20081.94000
    325      -2259.81200
    326       8052.10900
    327       7510.76600
    328       9771.60900
    329      17574.56000
    330      15751.91000
    331       -705.06250
    332     -19570.75000
    333     -32335.50000
    334     -38674.97000
    335     -35025.83000
    336     -17912.20000
    337       5114.73400
    338      18227.14000
    339      11500.75000
    340      -7859.42200
    341     -23199.33000
    342     -30322.72000
    343     -38857.25000
    344     -47804.91000
    345     -42765.64000
    346     -23337.33000
    347      -7501.25000
    348      -6504.10900
    349     -17510.42000
    350     -34165.77000
    351     -45093.66000
    352     -38212.62000
    353     -21779.16000
    354     -18625.78000
    355     -28628.20000
    356     -25569.28000
    357      -2012.04700
    358      14238.52000
    359       2797.67200
    360     -18564.83000
    361     -24095.44000
    362     -16489.03000
    363     -12318.80000
    364     -12163.53000
    365      -8040.68800
    366      -3787.40600
    367      -5219.73400
    368      -3135.96900
    369      13844.55000
    370      37644.92000
    371      47178.33000
    372      34252.30000
    373      13158.09000
    374       1384.65600
    375      -2510.10900
    376      -9644.40600
    377     -13665.62000
    378       3150.17200
    379      33613.95000
    380      44919.64000
    381      24296.27000
    382      -3649.85900
    383     -16055.31000
    384     -20193.33000
    385     -29627.41000
    386     -36388.47000
    387     -23676.91000
    388       4982.50000
    389      22199.80000
    390       5690.92200
    391     -30462.31000
    392     -43205.66000
    393      -9545.01600
    394      41624.62000
    395      62172.16000
    396      41043.78000
    397      11837.38000
    398       8810.56200
    399      29883.61000
    400      44717.84000
    401      32750.98000
    402       6678.04700
    403      -5768.54700
    404       3875.20300
    405      19795.03000
    406      26503.59000
    407      24647.78000
    408      24159.75000
    409      31554.38000
    410      43313.41000
    411      48164.89000
    412      40347.81000
    413      30202.02000
    414      32438.42000
    415      44972.72000
    416      51679.80000
    417      46819.31000
    418      41073.81000
    419      40735.34000
    420      39621.66000
    421      37473.66000
    422      46059.11000
    423      67064.02000
    424      82692.77000
    425      78774.17000
    426      63390.39000
    427      54369.84000
    428      57484.14000
    429      63642.31000
    430      64278.12000
    431      64110.58000
    432      72787.97000
    433      86398.64000
    434      89840.20000
    435      79593.17000
    436      70304.94000
    437      72750.42000
    438      77994.97000
    439      73593.56000
    440      67889.66000
    441      80893.62000
    442     109606.20000
    443     123983.40000
    444     108661.20000
    445      85796.14000
    446      80932.70000
    447      90922.34000
    448     101243.80000
    449     109242.60000
    450     114406.30000
    451     110230.50000
    452     100603.20000
    453     105218.70000
    454     136084.70000
    455     178322.80000
    456     202581.50000
    457     193085.60000
    458     161429.80000
    459     136564.10000
    460     142627.20000
    461     179358.60000
    462     217104.20000
    463     219984.90000
    464     184612.30000
    465     147600.70000
    466     143968.00000
    467     169442.90000
    468     194819.70000
    469     205993.00000
    470     216056.90000
    471     241326.20000
    472     276471.30000
    473     299441.90000
    474     299471.40000
    475     289563.70000
    476     287864.20000
    477     298488.20000
    478     314919.60000
    479     331030.00000
    480     346193.80000
    481     369244.90000
    482     412476.10000
    483     472287.80000
    484     526439.60000
    485     560892.90000
    486     586609.30000
    487     619070.80000
    488     657590.20000
    489     697736.40000
    490     750546.80000
    491     833553.40000
    492     948000.60000
    493    1077876.00000
    494    1212528.00000
    495    1366888.00000
    496    1575881.00000
    497    1866196.00000
    498    2236065.00000
    499    2672452.00000
    500    3182344.00000
    501    3786924.00000
    502    4479328.00000
    503    5195136.00000
    504    5815310.00000
    505    6190432.00000
    506    6201130.00000
    507    5839014.00000
    508    5217960.00000
    509    4482058.00000
    510    3725445.00000
    511    3012222.00000
    512    2415063.00000
    513    1981012.00000
    514    1685456.00000
    515    1460702.00000
    516    1262020.00000
    517    1088959.00000
    518     955313.20000
    519     858870.40000
    520     784022.60000
    521     725161.60000
    522     690382.30000
    523     675797.70000
    524     655090.90000
    525     610776.10000
    526     559549.20000
    527     528258.20000
    528     516692.20000
    529     499791.00000
    530     459411.20000
    531     402742.20000
    532     352832.10000
    533     326716.20000
    534     322407.40000
    535     324050.90000
    536     315580.60000
    537     290791.90000
    538     257731.20000
    539     233688.10000
    540     228718.50000
    541     236311.50000
    542     244981.70000
    543     249636.70000
    544     247664.70000
    545     239702.80000
    546     237593.10000
    547     251279.10000
    548     266929.20000
    549     261644.80000
    550     238190.20000
    551     219811.30000
    552     213799.50000
    553     206185.00000
    554     190564.40000
    555     178516.50000
    556     179843.60000
    557     190408.10000
    558     203639.00000
    559     220756.50000
    560     240390.50000
    561     246350.90000
    562     222732.20000
    563     182303.90000
    564     160210.20000
    565     171538.80000
    566     194254.40000
    567     202675.00000
    568     196551.00000
    569     188565.60000
    570     186003.10000
    571     192874.10000
    572     208876.20000
    573     221686.30000
    574     218217.60000
    575     201680.00000
    576     183141.30000
    577     165497.40000
    578     147954.40000
    579     133305.30000
    580     122406.90000
    581     113345.70000
    582     105669.00000
    583      95141.59000
    584      74746.58000
    585      49811.69000
    586      34752.61000
    587      29766.11000
    588      22620.59000
    589      13006.92000
    590      10777.50000
    591      15615.67000
    592      22306.92000
    593      36299.16000
    594      60987.06000
    595      79493.92000
    596      70395.83000
    597      37772.14000
    598       9948.82800
    599       4896.81200
    600       7577.26600
    601      -5486.01600
    602     -25750.58000
    603     -21860.11000
    604       9013.92200
    605      30111.50000
    606      15145.55000
    607     -17982.11000
    608     -34171.34000
    609     -21428.55000
    610       2863.70300
    611      13994.31000
    612       4833.54700
    613     -11034.95000
    614     -22242.55000
    615     -31853.61000
    616     -38590.17000
    617     -30982.08000
    618     -15175.58000
    619     -17435.14000
    620     -39916.88000
    621     -47073.62000
    622     -17105.45000
    623      23224.84000
    624      36079.80000
    625      21623.02000
    626       9890.06200
    627      17286.06000
    628      29802.88000
    629      28847.12000
    630      18436.17000
    631      15142.16000
    632      20507.97000
    633      21777.09000
    634      14978.19000
    635       6614.92200
    636      -3287.14100
    637     -18238.83000
    638     -29992.84000
    639     -28276.39000
    640     -21498.70000
    641     -26517.66000
    642     -41314.25000
    643     -47565.58000
    644     -38504.50000
    645     -26628.61000
    646     -23716.58000
    647     -27859.67000
    648     -32419.70000
    649     -36071.16000
    650     -38909.02000
    651     -36692.11000
    652     -26003.81000
    653     -10279.55000
    654       7590.32800
    655      32946.97000
    656      66019.38000
    657      86141.23000
    658      68837.28000
    659      17895.52000
    660     -36627.20000
    661     -68116.66000
    662     -67543.30000
    663     -41551.12000
    664     -11660.47000
    665        927.43750
    666       -760.48440
    667       -778.06250
    668      -2280.15600
    669     -16889.91000
    670     -30672.33000
    671     -20430.25000
    672       3524.39100
    673       8031.54700
    674     -16870.95000
    675     -50234.25000
    676     -68288.45000
    677     -62106.42000
    678     -39625.12000
    679     -19856.53000
    680     -14814.50000
    681     -17486.16000
    682     -15902.00000
    683      -9624.75000
    684      -3044.70300
    685       4756.78100
    686      14497.73000
    687      22024.33000
    688      23680.41000
    689      17687.58000
    690       2695.12500
    691     -15021.84000
    692     -21205.23000
    693     -13096.91000
    694      -7482.14100
    695     -14570.92000
    696     -19290.84000
    697      -7309.56200
    698       6270.28100
    699      -4281.07800
    700     -38609.41000
    701     -69680.22000
    702     -72687.42000
    703     -45001.98000
    704      -4403.75000
    705      25461.09000
    706      30113.05000
    707      10424.77000
    708     -19118.20000
    709     -38504.59000
    710     -40041.08000
    711     -37175.97000
    712     -40416.14000
    713     -34003.20000
    714      -3712.75000
    715      24207.19000
    716      10815.23000
    717     -35727.20000
    718     -68622.38000
    719     -66589.03000
    720     -50102.06000
    721     -37380.02000
    722     -25957.75000
    723     -18680.41000
    724     -26917.59000
    725     -42130.22000
    726     -40398.84000
    727     -20268.23000
    728      -4824.09400
    729      -5257.28100
    730      -9940.45300
    731      -6376.85900
    732       7636.12500
    733      26448.16000
    734      36838.70000
    735      28138.66000
    736       6818.01600
    737     -12133.64000
    738     -23128.89000
    739     -26795.11000
    740     -22452.98000
    741     -14848.59000
    742     -13252.92000
    743     -17914.94000
    744     -20837.84000
    745     -19312.69000
    746     -18084.78000
    747     -22158.70000
    748     -31894.08000
    749     -40881.47000
    750     -41462.19000
    751     -35485.64000
    752     -31723.78000
    753     -33326.33000
    754     -38629.27000
    755     -48428.89000
    756     -60878.80000
    757     -67690.80000
    758     -63929.39000
    759     -52368.89000
    760     -37497.12000
    761     -25684.53000
    762     -24056.64000
    763     -27390.12000
    764     -19529.16000
    765       -736.10940
    766       4797.51600
    767     -15794.89000
    768     -40134.16000
    769     -39785.83000
    770     -17000.42000
    771       5986.87500
    772      18464.52000
    773      21157.72000
    774       9255.45300
    775     -18119.20000
    776     -40895.00000
    777     -38342.39000
    778     -20951.17000
    779     -15491.61000
    780     -23002.30000
    781     -20206.58000
    782      -1422.59400
    783       9941.17200
    784      -2120.78100
    785     -21737.19000
    786     -24676.33000
    787     -12429.81000
    788      -9463.68800
    789     -29187.61000
    790     -53849.16000
    791     -55748.30000
    792     -33734.20000
    793     -14785.92000
    794     -17356.58000
    795     -29860.42000
    796     -33256.94000
    797     -29479.83000
    798     -35530.14000
    799     -57628.19000
    800     -79426.05000
    801     -76566.58000
    802     -46319.31000
    803     -18011.67000
    804     -19460.88000
    805     -39278.88000
    806     -45422.72000
    807     -33269.33000
    808     -27239.84000
    809     -42047.64000
    810     -68285.14000
    811     -88013.09000
    812     -84636.64000
    813     -50289.58000
    814       -511.73440
    815      30609.03000
    816      24604.61000
    817       1090.28100
    818      -4085.98400
    819      18818.14000
    820      42970.34000
    821      40950.89000
    822      16505.86000
    823     -12415.14000
    824     -42384.53000
    825     -72901.69000
    826     -86894.14000
    827     -71934.67000
    828     -43660.34000
    829     -24005.88000
    830     -15216.05000
    831     -14536.16000
    832     -30911.00000
    833     -66016.80000
    834     -97003.45000
    835     -97339.39000
    836     -67267.53000
    837     -33610.42000
    838     -22426.48000
    839     -34660.86000
    840     -48629.77000
    841     -46058.72000
    842     -30055.50000
    843     -14436.83000
    844      -7252.20300
    845     -12108.80000
    846     -29781.70000
    847     -49123.50000
    848     -53829.23000
    849     -45627.48000
    850     -41045.69000
    851     -42489.72000
    852     -35668.75000
    853     -15812.84000
    854       5437.04700
    855      16719.69000
    856      14070.89000
    857       -759.67190
    858     -17839.55000
    859     -25369.42000
    860     -23254.42000
    861     -19552.84000
    862     -15875.55000
    863      -9473.09400
    864      -4546.67200
    865      -7933.43800
    866     -17137.64000
    867     -22945.31000
    868     -22262.81000
    869     -20734.64000
    870     -22720.64000
    871     -25283.03000
    872     -25348.17000
    873     -27210.02000
    874     -36424.56000
    875     -47911.42000
    876     -47401.17000
    877     -29159.44000
    878      -8336.29700
    879      -6103.03100
    880     -21661.16000
    881     -33340.19000
    882     -31413.38000
    883     -29808.83000
    884     -37818.91000
    885     -44980.88000
    886     -45919.14000
    887     -54052.48000
    888     -75754.27000
    889     -94038.16000
    890     -92975.03000
    891     -79276.97000
    892     -66196.75000
    893     -52825.28000
    894     -33322.77000
    895     -14477.91000
    896      -9871.53100
    897     -22688.70000
    898     -42215.98000
    899     -51337.72000
    900     -35965.58000
    901         23.25000
    902      27750.78000
    903      18829.95000
    904     -18079.09000
    905     -42383.91000
    906     -27785.88000
    907       9108.85900
    908      29364.72000
    909      11683.80000
    910     -31379.84000
    911     -70904.17000
    912     -85646.06000
    913     -68298.70000
    914     -26202.89000
    915      11884.30000
    916      11101.72000
    917     -27871.31000
    918     -63186.88000
    919     -63788.48000
    920     -42758.23000
    921     -27969.69000
    922     -26944.06000
    923     -28252.92000
    924     -16616.06000
    925      10577.78000
    926      30959.78000
    927      19446.69000
    928     -12591.84000
    929     -29293.31000
    930     -20255.38000
    931      -6551.51600
    932      -4163.57800
    933     -11880.20000
    934     -24621.02000
    935     -34410.72000
    936     -29644.84000
    937      -8908.37500
    938      12229.88000
    939      14856.75000
    940      -4550.03100
    941     -29802.08000
    942     -44215.12000
    943     -51960.09000
    944     -64926.58000
    945     -74561.66000
    946     -62479.44000
    947     -33028.80000
    948      -9899.29700
    949      -7686.96900
    950     -22867.83000
    951     -40877.42000
    952     -47649.72000
    953     -46080.20000
    954     -50491.38000
    955     -56616.27000
    956     -44904.86000
    957     -19561.31000
    958      -5439.46900
    959      -4645.46900
    960       1860.15600
    961      13770.66000
    962      11829.84000
    963     -10394.72000
    964     -43113.02000
    965     -72172.58000
    966     -78131.64000
    967     -48619.19000
    968      -2926.68800
    969      22261.62000
    970      17775.91000
    971       7699.78100
    972       8987.59400
    973      12071.84000
    974       6288.15600
    975       -544.09380
    976        696.18750
    977        728.43750
    978     -15544.36000
    979     -43889.59000
    980     -61509.62000
    981     -53396.80000
    982     -29792.50000
    983     -12757.12000
    984     -10049.70000
    985     -10982.36000
    986      -7590.71900
    987      -6556.46900
    988     -14207.28000
    989     -22168.42000
    990     -18443.08000
    991      -5552.87500
    992       2612.18800
    993        301.87500
    994      -1458.65600
    995       9128.28100
    996      24043.72000
    997      23013.94000
    998       3341.96900
    999     -13972.25000
   1000     -14643.14000
   1001     -10361.09000
   1002     -18846.02000
   1003     -40093.77000
   1004     -60432.97000
   1005     -67363.36000
   1006     -55362.45000
   1007     -28671.50000
   1008      -1895.50000
   1009      10234.47000
   1010       5640.75000
   1011      -6594.96900
   1012     -18247.47000
   1013     -26445.03000
   1014     -27261.22000
   1015     -13343.59000
   1016      14371.41000
   1017      36354.78000
   1018      29594.41000
   1019      -1137.75000
   1020     -20276.39000
   1021      -2387.25000
   1022      33329.44000
   1023      45893.66000
   1024      23727.91000
   1025      -6477.00000
   1026     -17658.75000
   1027      -6635.21900
   1028      16770.38000
   1029      39160.19000
   1030      42342.53000
   1031      17419.28000
   1032     -20111.81000
   1033     -47185.45000
   1034     -57117.56000
   1035     -52971.08000
   1036     -35621.70000
   1037     -14218.50000
   1038      -7756.59400
   1039     -21726.64000
   1040     -39060.16000
   1041     -41097.88000
   1042     -25847.25000
   1043      -6991.90600
   1044      -2527.46900
   1045     -19767.45000
   1046     -49661.11000
   1047     -77660.17000
   1048     -90791.86000
   1049     -75924.77000
   1050     -34262.00000
   1051       3694.21900
   1052       6064.37500
   1053     -19599.66000
   1054     -40061.42000
   1055     -42378.84000
   1056     -38682.84000
   1057     -35868.25000
   1058     -27624.39000
   1059     -11382.03000
   1060       6456.62500
   1061      19673.22000
   1062      24851.38000
   1063      19015.06000
   1064       5039.00000
   1065      -4143.34400
   1066       1067.62500
   1067      11591.38000
   1068      11161.44000
   1069        201.65620
   1070      -7500.18800
   1071      -8325.62500
   1072     -10828.19000
   1073     -17160.00000
   1074     -19688.38000
   1075     -14968.75000
   1076      -8363.25000
   1077      -7048.03100
   1078     -16592.59000
   1079     -38647.11000
   1080     -62890.72000
   1081     -68095.38000
   1082     -45292.66000
   1083     -15975.12000
   1084      -8810.96900
   1085     -17992.75000
   1086      -8892.75000
   1087      27416.03000
   1088      53350.41000
   1089      36631.09000
   1090       -618.93750
   1091     -11330.59000
   1092      11855.34000
   1093      31513.19000
   1094      22091.97000
   1095       1628.81200
   1096      -1078.59400
   1097      16083.22000
   1098      38983.94000
   1099      61577.75000
   1100      79056.06000
   1101      76052.22000
   1102      45560.31000
   1103       7318.96900
   1104     -13473.34000
   1105     -15782.31000
   1106     -13404.03000
   1107      -7960.53100
   1108       7674.03100
   1109      25964.31000
   1110      27599.50000
   1111       9090.62500
   1112     -10635.34000
   1113     -15377.66000
   1114      -9135.81200
   1115      -4460.93800
   1116      -7743.93800
   1117     -20175.16000
   1118     -38456.80000
   1119     -50754.17000
   1120     -46212.08000
   1121     -29668.62000
   1122     -13535.97000
   1123      -1151.21900
   1124       6654.18800
   1125        947.40620
   1126     -20834.09000
   1127     -42908.69000
   1128     -49631.28000
   1129     -43122.11000
   1130     -34404.53000
   1131     -30626.16000
   1132     -32480.83000
   1133     -32990.12000
   1134     -25233.44000
   1135     -17318.97000
   1136     -24552.75000
   1137     -44089.17000
   1138     -57364.47000
   1139     -58264.06000
   1140     -58388.66000
   1141     -65563.30000
   1142     -73722.28000
   1143     -71981.52000
   1144     -54023.91000
   1145     -23468.12000
   1146       4179.62500
   1147      11786.28000
   1148      -2191.34400
   1149     -21457.50000
   1150     -29848.25000
   1151     -26288.31000
   1152     -18237.56000
   1153      -8375.18800
   1154       3204.06200
   1155       9579.96900
   1156       2676.18800
   1157     -13106.12000
   1158     -23422.56000
   1159     -20946.59000
   1160     -12691.62000
   1161      -9931.03100
   1162     -16654.34000
   1163     -28888.59000
   1164     -38981.75000
   1165     -37235.52000
   1166     -18262.53000
   1167       6720.65600
   1168      13842.03000
   1169      -6275.21900
   1170     -33986.22000
   1171     -43099.02000
   1172     -27933.19000
   1173      -1188.12500
   1174      21834.91000
   1175      29758.38000
   1176      19967.62000
   1177       5421.96900
   1178       4562.56200
   1179      17160.78000
   1180      22658.75000
   1181      10539.94000
   1182      -4154.31200
   1183      -8198.75000
   1184     -11489.84000
   1185     -21709.03000
   1186     -23039.12000
   1187      -5412.56200
   1188      13059.47000
   1189      18171.78000
   1190      21902.38000
   1191      30365.56000
   1192      27359.25000
   1193       9105.56200
   1194      -2693.03100
   1195       4597.50000
   1196      19904.28000
   1197      30791.50000
   1198      33081.56000
   1199      25709.66000
   1200      15864.97000
   1201      14785.91000
   1202      18706.12000
   1203      14133.66000
   1204       3355.00000
   1205        384.87500
   1206       4672.31200
   1207       2646.75000
   1208      -8535.90600
   1209     -17863.75000
   1210     -17807.25000
   1211     -11829.72000
   1212      -7308.50000
   1213      -8470.31200
   1214     -14834.84000
   1215     -22234.75000
   1216     -24888.84000
   1217     -17056.09000
   1218       5159.46900
   1219      37818.56000
   1220      63802.06000
   1221      63422.56000
   1222      37058.81000
   1223       6035.15600
   1224     -15368.03000
   1225     -30813.94000
   1226     -37334.12000
   1227     -18124.12000
   1228      23578.59000
   1229      52417.28000
   1230      43220.47000
   1231      11822.53000
   1232     -12077.28000
   1233     -20068.38000
   1234     -19867.88000
   1235     -15419.19000
