      1     -56449.41000
      2     -52556.16000
      3     -33689.31000
      4     -11050.84000
      5       2332.31200
      6      -1379.03100
      7     -14912.97000
      8     -21342.16000
      9     -14511.41000
     10      -3493.90600
     11       1477.90600
     12      -5719.84400
     13     -26868.25000
     14     -50281.81000
     15     -55916.00000
     16     -41313.94000
     17     -25057.47000
     18     -17381.25000
     19     -10463.19000
     20      -2261.50000
     21      -2833.25000
     22     -10806.69000
     23      -9757.56200
     24       3084.68800
     25       7590.87500
     26      -9345.75000
     27     -33481.25000
     28     -45283.19000
     29     -47044.44000
     30     -51309.62000
     31     -52419.22000
     32     -32109.97000
     33       4834.21900
     34      25467.75000
     35      12492.75000
     36     -10890.03000
     37     -20928.78000
     38     -29143.59000
     39     -48167.03000
     40     -55556.00000
     41     -30949.97000
     42       2884.96900
     43      15172.66000
     44      10614.72000
     45       6887.56200
     46       5051.53100
     47       5007.59400
     48      12111.91000
     49      14654.19000
     50      -5450.53100
     51     -34727.53000
     52     -41588.81000
     53     -26702.12000
     54     -18642.97000
     55     -23589.69000
     56     -22778.72000
     57     -15104.41000
     58     -17721.91000
     59     -27488.50000
     60     -25512.00000
     61     -15594.88000
     62     -16668.69000
     63     -24351.41000
     64     -19926.81000
     65      -7654.25000
     66      -6209.43800
     67     -14289.19000
     68     -15123.94000
     69      -3740.18800
     70      13006.62000
     71      30884.56000
     72      45769.94000
     73      48935.16000
     74      37622.41000
     75      21330.25000
     76       8840.84400
     77      -2176.87500
     78     -14872.06000
     79     -21386.91000
     80     -11890.84000
     81       8170.81200
     82      19912.38000
     83      11060.53000
     84     -10690.00000
     85     -26029.97000
     86     -23687.72000
     87      -9106.03100
     88       4650.59400
     89       8537.09400
     90       -651.96880
     91     -20534.28000
     92     -41491.09000
     93     -53369.41000
     94     -57286.97000
     95     -61437.34000
     96     -63533.88000
     97     -51206.25000
     98     -25225.00000
     99      -7478.71900
    100     -13996.62000
    101     -32187.09000
    102     -38481.19000
    103     -27382.59000
    104      -9034.96900
    105       9105.75000
    106      21985.75000
    107      21794.31000
    108       9337.56200
    109        169.56250
    110       5963.50000
    111      15977.06000
    112       6354.56200
    113     -31380.19000
    114     -72277.12000
    115     -76641.16000
    116     -35754.59000
    117      11485.97000
    118      22514.47000
    119        582.93750
    120     -16931.50000
    121      -7454.81200
    122      17528.97000
    123      32950.28000
    124      24241.72000
    125      -3755.25000
    126     -32400.41000
    127     -44246.09000
    128     -34515.44000
    129     -12289.97000
    130       1637.43800
    131     -14954.62000
    132     -58860.28000
    133     -92026.19000
    134     -83919.91000
    135     -54445.88000
    136     -44303.22000
    137     -54862.09000
    138     -55152.06000
    139     -35453.66000
    140     -13046.72000
    141       2773.84400
    142      12282.50000
    143       7224.93800
    144     -12955.72000
    145     -25678.41000
    146     -15602.38000
    147       2200.93800
    148      11129.50000
    149      15864.81000
    150      20575.94000
    151      15810.78000
    152      -1411.18800
    153     -21489.44000
    154     -38271.94000
    155     -48388.94000
    156     -42425.25000
    157     -17557.12000
    158       9822.18800
    159      19064.88000
    160       6704.06200
    161     -12722.62000
    162     -22987.72000
    163     -23109.09000
    164     -26389.41000
    165     -40470.97000
    166     -56266.22000
    167     -59642.41000
    168     -43261.72000
    169      -8875.71900
    170      27628.84000
    171      41941.91000
    172      28387.94000
    173       9351.59400
    174       3783.53100
    175       4202.34400
    176       -329.43750
    177       -425.18750
    178      14179.66000
    179      28619.25000
    180      21568.75000
    181        826.87500
    182      -5834.15600
    183       7391.62500
    184      18907.94000
    185      16997.00000
    186      13279.12000
    187      14088.78000
    188       6345.87500
    189     -17993.41000
    190     -44963.22000
    191     -56886.88000
    192     -53742.28000
    193     -46889.66000
    194     -41273.94000
    195     -35813.44000
    196     -34905.66000
    197     -42861.00000
    198     -48184.41000
    199     -34327.69000
    200      -9277.59400
    201        111.96880
    202     -10372.06000
    203     -14471.81000
    204       -766.78120
    205       5239.21900
    206     -17517.91000
    207     -52241.41000
    208     -75190.06000
    209     -89997.97000
    210    -104210.10000
    211    -101232.20000
    212     -67429.94000
    213     -24030.50000
    214      -1978.46900
    215      -3496.59400
    216     -12082.72000
    217     -22119.75000
    218     -36026.84000
    219     -45783.88000
    220     -38481.03000
    221     -14556.28000
    222      11223.41000
    223      22733.69000
    224      13282.97000
    225      -7537.87500
    226     -18104.69000
    227      -8711.00000
    228       3712.75000
    229       -561.78120
    230     -17034.06000
    231     -30533.50000
    232     -38187.41000
    233     -42795.06000
    234     -45283.12000
    235     -51991.75000
    236     -62972.94000
    237     -56548.22000
    238     -20628.28000
    239      12631.16000
    240       4014.37500
    241     -35189.19000
    242     -61765.16000
    243     -59961.72000
    244     -45509.94000
    245     -27745.81000
    246      -4675.53100
    247      14070.38000
    248      13844.34000
    249       2506.03100
    250       1718.90600
    251      10199.97000
    252       4849.28100
    253     -17709.53000
    254     -32074.91000
    255     -24905.91000
    256     -15730.22000
    257     -25383.72000
    258     -46482.34000
    259     -56976.50000
    260     -46774.31000
    261     -22659.59000
    262       1093.93800
    263      10194.75000
    264      -1198.56200
    265     -23637.53000
    266     -42468.12000
    267     -56801.09000
    268     -74359.47000
    269     -85632.88000
    270     -67433.44000
    271     -21642.09000
    272      15262.12000
    273      16718.38000
    274      -2849.12500
    275     -17747.75000
    276     -28707.44000
    277     -49040.81000
    278     -68893.72000
    279     -60677.97000
    280     -19587.25000
    281      21941.06000
    282      28606.50000
    283       1316.09400
    284     -27371.59000
    285     -32569.91000
    286     -21028.56000
    287     -12323.84000
    288      -9152.28100
    289      -2139.40600
    290       5208.15600
    291        443.78120
    292     -12219.66000
    293     -16107.72000
    294      -9259.96900
    295      -3751.21900
    296      -4119.40600
    297      -9202.40600
    298     -23606.59000
    299     -44194.59000
    300     -49042.41000
    301     -22736.84000
    302      17464.25000
    303      39375.25000
    304      32861.44000
    305      15954.69000
    306       7381.43800
    307       4023.06200
    308      -8998.31200
    309     -32538.00000
    310     -50975.88000
    311     -56204.25000
    312     -56398.56000
    313     -55246.00000
    314     -42817.62000
    315     -16494.66000
    316       8594.87500
    317      19756.44000
    318      18405.38000
    319       7251.68800
    320     -11971.28000
    321     -26138.25000
    322     -21542.62000
    323      -6953.12500
    324      -1803.56200
    325      -7153.43800
    326     -11600.06000
    327     -14152.81000
    328     -17198.69000
    329     -13681.19000
    330      -3880.93800
    331      -3575.37500
    332     -14761.06000
    333     -14395.56000
    334       6845.87500
    335      24530.81000
    336      19344.62000
    337       3778.56200
    338      -9055.87500
    339     -26706.69000
    340     -46640.62000
    341     -43705.94000
    342     -11904.00000
    343      17683.06000
    344      22579.44000
    345      16854.56000
    346      13443.12000
    347      -3209.25000
    348     -41003.88000
    349     -69240.66000
    350     -56816.88000
    351     -20311.00000
    352       -838.25000
    353      -6134.43800
    354     -10219.56000
    355      -2362.87500
    356       -301.00000
    357     -16693.75000
    358     -42270.00000
    359     -60990.78000
    360     -61763.41000
    361     -43635.09000
    362     -21951.47000
    363     -15107.94000
    364     -19944.12000
    365     -17740.19000
    366      -4262.00000
    367       4585.43800
    368      -5380.37500
    369     -31276.75000
    370     -56662.47000
    371     -66494.19000
    372     -59553.91000
    373     -42322.06000
    374     -15589.56000
    375      17262.81000
    376      36500.25000
    377      24250.06000
    378      -8833.56200
    379     -36666.91000
    380     -50964.12000
    381     -61877.81000
    382     -73997.47000
    383     -79947.06000
    384     -72497.75000
    385     -50313.50000
    386     -19256.31000
    387       3823.37500
    388       1149.75000
    389     -23939.00000
    390     -48994.69000
    391     -61405.12000
    392     -66533.38000
    393     -66296.88000
    394     -54380.56000
    395     -34406.09000
    396     -18997.38000
    397      -9747.62500
    398       2460.06200
    399      18594.62000
    400      25714.88000
    401      10395.69000
    402     -22940.56000
    403     -47151.19000
    404     -38049.62000
    405      -9492.37500
    406      -1511.00000
    407     -25403.12000
    408     -47668.22000
    409     -42516.88000
    410     -29881.75000
    411     -39290.50000
    412     -62928.78000
    413     -72691.34000
    414     -63802.06000
    415     -52628.47000
    416     -45883.19000
    417     -36721.25000
    418     -22100.56000
    419      -7561.68800
    420       -929.56250
    421      -5762.93800
    422     -15521.75000
    423     -21373.56000
    424     -28495.75000
    425     -47046.72000
    426     -66192.53000
    427     -62803.38000
    428     -35962.69000
    429      -6315.93800
    430      13726.56000
    431      24596.50000
    432      25580.00000
    433      22039.56000
    434      33380.88000
    435      66179.75000
    436      89856.25000
    437      68472.56000
    438      14829.44000
    439     -16965.19000
    440       1310.81200
    441      40399.69000
    442      59607.00000
    443      53822.75000
    444      40890.44000
    445      33568.12000
    446      38612.81000
    447      55446.69000
    448      67791.00000
    449      64732.69000
    450      67347.25000
    451     104576.40000
    452     171188.40000
    453     236983.40000
    454     284561.20000
    455     313451.10000
    456     321479.90000
    457     304984.90000
    458     276278.50000
    459     268878.60000
    460     309664.00000
    461     377532.20000
    462     411118.80000
    463     377572.90000
    464     307462.40000
    465     243060.90000
    466     190252.40000
    467     143519.10000
    468     114484.40000
    469     110404.70000
    470     118346.40000
    471     126717.50000
    472     138602.50000
    473     158389.60000
    474     181267.90000
    475     194689.80000
    476     185493.80000
    477     153218.60000
    478     116220.80000
    479      97614.38000
    480     106962.20000
    481     138366.30000
    482     181410.80000
    483     231461.10000
    484     286818.40000
    485     333703.20000
    486     346673.40000
    487     316011.20000
    488     264250.20000
    489     223097.30000
    490     203039.20000
    491     191907.60000
    492     174866.10000
    493     155988.60000
    494     160376.40000
    495     199352.40000
    496     236429.20000
    497     222962.00000
    498     169326.50000
    499     136363.00000
    500     150834.00000
    501     178540.60000
    502     187264.70000
    503     185069.10000
    504     187483.40000
    505     191359.40000
    506     191613.20000
    507     191207.40000
    508     189007.40000
    509     178956.00000
    510     161994.20000
    511     148018.30000
    512     149340.70000
    513     176813.80000
    514     232614.70000
    515     298909.90000
    516     341147.60000
    517     338052.40000
    518     311793.80000
    519     308833.40000
    520     341322.60000
    521     373601.10000
    522     384334.80000
    523     405895.40000
    524     474523.30000
    525     577840.70000
    526     680739.10000
    527     763668.90000
    528     809569.50000
    529     798064.60000
    530     737270.40000
    531     665582.60000
    532     611020.60000
    533     579829.70000
    534     578394.10000
    535     613176.60000
    536     678224.50000
    537     763869.80000
    538     868925.20000
    539     996123.10000
    540    1147908.00000
    541    1337058.00000
    542    1596734.00000
    543    1955889.00000
    544    2420213.00000
    545    3110990.00000
    546    4459978.00000
    547    6926414.00000
    548    10158240.00000
    549    12682300.00000
    550    12995490.00000
    551    10996190.00000
    552    7984164.00000
    553    5335645.00000
    554    3554032.00000
    555    2467926.00000
    556    1800888.00000
    557    1387228.00000
    558    1128441.00000
    559     955899.90000
    560     825213.70000
    561     712236.20000
    562     611912.60000
    563     527410.60000
    564     458616.30000
    565     403368.80000
    566     357643.10000
    567     315873.90000
    568     282733.00000
    569     273101.80000
    570     285556.90000
    571     292686.80000
    572     276250.10000
    573     256646.10000
    574     263345.10000
    575     284898.40000
    576     278705.60000
    577     232055.40000
    578     183483.20000
    579     173040.30000
    580     195665.20000
    581     217501.20000
    582     220855.10000
    583     214375.90000
    584     205144.00000
    585     184040.10000
    586     147926.90000
    587     114679.10000
    588      98054.50000
    589      87559.31000
    590      71183.00000
    591      55763.25000
    592      50696.44000
    593      56974.50000
    594      79165.38000
    595     117468.60000
    596     146056.80000
    597     132847.20000
    598      82810.62000
    599      34836.81000
    600      18261.56000
    601      32978.88000
    602      63457.75000
    603      91756.25000
    604     103261.10000
    605      95805.31000
    606      80714.19000
    607      69211.44000
    608      64069.62000
    609      65066.75000
    610      70806.25000
    611      73347.88000
    612      63054.12000
    613      41709.31000
    614      22494.06000
    615      17120.06000
    616      28705.69000
    617      50849.44000
    618      66109.31000
    619      56945.12000
    620      29638.69000
    621      12882.69000
    622      19957.44000
    623      32241.19000
    624      33507.31000
    625      32175.56000
    626      33916.12000
    627      28021.44000
    628      17912.38000
    629      24740.81000
    630      45571.44000
    631      51170.44000
    632      36378.19000
    633      28426.56000
    634      38465.31000
    635      47839.38000
    636      47656.69000
    637      53415.62000
    638      72996.75000
    639      87968.75000
    640      76603.25000
    641      42563.62000
    642      12683.19000
    643       7176.81200
    644      16812.81000
    645      17181.00000
    646       3651.50000
    647      -2291.06200
    648      14076.62000
    649      36918.00000
    650      39290.25000
    651      16326.62000
    652     -10629.88000
    653     -17400.81000
    654       1323.68800
    655      29210.06000
    656      43940.62000
    657      37842.25000
    658      22350.38000
    659      11913.81000
    660       9761.00000
    661      12958.38000
    662      22789.88000
    663      39697.94000
    664      52158.75000
    665      45203.06000
    666      22641.75000
    667       5626.31200
    668       4105.12500
    669       6938.68800
    670       6689.62500
    671      12994.38000
    672      30711.00000
    673      44125.06000
    674      36811.25000
    675      16367.75000
    676       6815.93800
    677      17736.44000
    678      29812.00000
    679      18789.12000
    680     -11186.62000
    681     -32582.69000
    682     -30720.62000
    683     -17606.50000
    684     -10072.56000
    685     -11610.19000
    686     -16053.38000
    687     -15784.94000
    688      -7651.56200
    689       1840.31200
    690       3729.25000
    691       3686.37500
    692      18493.44000
    693      47833.19000
    694      65738.44000
    695      52232.06000
    696      18597.44000
    697     -11404.88000
    698     -28550.62000
    699     -33495.19000
    700     -24912.81000
    701      -8099.37500
    702       1996.37500
    703       -418.43750
    704      -4168.62500
    705        813.06250
    706      11169.12000
    707      19672.94000
    708      24318.12000
    709      23654.19000
    710      13027.94000
    711      -5149.62500
    712     -11870.06000
    713      10781.75000
    714      48038.81000
    715      59958.88000
    716      32287.25000
    717      -3108.62500
    718     -12446.44000
    719       -779.75000
    720       5824.75000
    721      -2729.12500
    722     -15254.38000
    723     -17420.88000
    724      -8041.37500
    725      -1890.31200
    726     -12993.38000
    727     -33309.38000
    728     -38034.94000
    729     -14632.94000
    730      21423.38000
    731      41640.69000
    732      34197.12000
    733      18115.31000
    734      19599.50000
    735      34454.56000
    736      34629.44000
    737      13442.56000
    738      -5905.62500
    739      -9046.93800
    740      -4219.31200
    741       1551.18800
    742       6311.31200
    743         40.25000
    744     -20168.75000
    745     -32086.44000
    746     -13600.62000
    747      23162.94000
    748      43930.81000
    749      32988.25000
    750       8951.62500
    751       -470.87500
    752       8441.31200
    753      17331.19000
    754      16483.19000
    755      14684.56000
    756      17692.44000
    757      17637.25000
    758       5291.12500
    759     -20703.62000
    760     -50595.81000
    761     -63518.25000
    762     -48279.94000
    763     -25404.38000
    764     -23687.00000
    765     -39205.56000
    766     -46697.19000
    767     -42390.25000
    768     -42102.12000
    769     -46319.94000
    770     -41392.56000
    771     -28446.06000
    772     -20606.38000
    773     -17138.94000
    774      -6982.50000
    775       8396.87500
    776      18081.12000
    777      18728.31000
    778      11442.25000
    779      -4598.25000
    780     -22445.00000
    781     -29398.00000
    782     -25923.19000
    783     -23452.31000
    784     -24626.69000
    785     -25612.81000
    786     -28730.44000
    787     -34023.94000
    788     -30791.25000
    789     -10769.00000
    790      19758.12000
    791      42920.00000
    792      39315.31000
    793       7650.12500
    794     -23068.50000
    795     -21497.12000
    796       7025.68800
    797      30161.56000
    798      29379.56000
    799      11528.19000
    800      -8676.37500
    801     -21571.38000
    802     -25307.06000
    803     -22192.44000
    804     -13041.81000
    805      -1575.31200
    806       2419.31200
    807       -707.81250
    808       4260.00000
    809      18073.19000
    810      18412.94000
    811       -271.12500
    812     -12104.50000
    813      -3816.12500
    814       4320.00000
    815      -3717.62500
    816     -18368.12000
    817     -29032.25000
    818     -34389.31000
    819     -26826.00000
    820       1003.87500
    821      34640.81000
    822      45926.12000
    823      22621.44000
    824     -17806.44000
    825     -40997.69000
    826     -28486.69000
    827      -2337.25000
    828       -226.18750
    829     -24627.75000
    830     -44228.50000
    831     -44476.69000
    832     -40664.44000
    833     -41825.81000
    834     -38304.81000
    835     -24543.69000
    836      -5432.68800
    837      15096.06000
    838      30474.56000
    839      28243.25000
    840       9184.81200
    841      -3713.06200
    842       5616.87500
    843      20098.06000
    844      12286.12000
    845     -15633.12000
    846     -36411.50000
    847     -36415.00000
    848     -25611.25000
    849     -13660.31000
    850      -2533.31200
    851        219.62500
    852     -12179.06000
    853     -27338.38000
    854     -25020.75000
    855      -4573.00000
    856      17248.88000
    857      30284.75000
    858      35627.12000
    859      33109.75000
    860      22636.00000
    861      12693.19000
    862       9718.87500
    863       5165.43800
    864      -7395.68800
    865     -12887.38000
    866       2344.18800
    867      21684.75000
    868      22100.19000
    869      11756.81000
    870      11947.81000
    871      17663.56000
    872       7495.37500
    873     -19390.44000
    874     -40840.62000
    875     -39050.75000
    876     -17605.62000
    877       4730.56200
    878      14364.25000
    879      15720.81000
    880      18548.62000
    881      19504.00000
    882      10334.06000
    883      -3429.18800
    884      -8910.06200
    885      -5303.18800
    886      -2952.56200
    887      -6333.06200
    888      -7738.31200
    889       1945.37500
    890      19333.75000
    891      26994.44000
    892       9363.18800
    893     -28059.19000
    894     -59271.88000
    895     -62150.69000
    896     -40247.56000
    897     -15802.25000
    898      -4356.81200
    899      -4024.43800
    900      -4929.75000
    901       2039.87500
    902      19890.81000
    903      36512.75000
    904      29713.75000
    905      -4903.12500
    906     -41428.75000
    907     -51765.50000
    908     -35945.00000
    909     -14517.25000
    910       -617.68750
    911      10463.94000
    912      27226.94000
    913      44420.06000
    914      46754.69000
    915      31632.00000
    916      16288.00000
    917      15268.81000
    918      23119.94000
    919      27445.06000
    920      26614.81000
    921      26975.50000
    922      31072.88000
    923      33300.94000
    924      25749.25000
    925      10059.75000
    926        532.87500
    927       8675.06200
    928      30605.38000
    929      55298.31000
    930      72483.06000
    931      67744.38000
    932      32776.62000
    933     -10962.75000
    934     -26780.94000
    935     -12890.69000
    936      -8358.68800
    937     -34134.88000
    938     -59880.75000
    939     -50317.62000
    940     -16478.69000
    941       4346.62500
    942       -638.12500
    943     -13584.81000
    944     -16753.12000
    945      -8484.56200
    946       4229.43800
    947      13802.44000
    948      14181.12000
    949       2321.18800
    950     -20413.44000
    951     -46325.00000
    952     -62402.06000
    953     -59668.56000
    954     -41586.44000
    955     -19504.12000
    956      -4558.00000
    957      -6082.56200
    958     -24844.94000
    959     -43437.56000
    960     -40091.81000
    961     -18582.94000
    962      -7217.37500
    963     -21798.44000
    964     -45103.31000
    965     -49222.31000
    966     -26940.44000
    967       4222.75000
    968      22948.44000
    969      24430.44000
    970      18299.88000
    971      10984.81000
    972       1691.37500
    973      -4752.75000
    974       1158.87500
    975      15071.25000
    976      18973.31000
    977       5910.93800
    978     -10181.12000
    979     -14298.75000
    980      -9284.43800
    981     -10402.88000
    982     -25218.38000
    983     -41683.56000
    984     -40573.62000
    985     -20936.44000
    986      -3963.93800
    987      -6719.12500
    988     -23320.94000
    989     -37350.00000
    990     -39554.56000
    991     -27283.62000
    992       -525.37500
    993      32666.06000
    994      56550.88000
    995      59385.31000
    996      40241.81000
    997       7839.12500
    998     -20171.00000
    999     -26102.62000
   1000     -10783.38000
   1001       8109.00000
   1002      20913.06000
   1003      29778.00000
   1004      28404.88000
   1005       9079.50000
   1006     -11122.12000
   1007      -7633.68800
   1008      10739.50000
   1009      13138.56000
   1010      -7489.50000
   1011     -29525.19000
   1012     -34664.38000
   1013     -24732.12000
   1014     -16123.56000
   1015     -22981.00000
   1016     -37203.62000
   1017     -34968.12000
   1018     -11392.44000
   1019      13013.19000
   1020      25846.31000
   1021      33926.81000
   1022      38785.81000
   1023      32197.25000
   1024      17185.00000
   1025       7140.12500
   1026       5082.43800
   1027       1263.00000
   1028     -11098.62000
   1029     -26195.75000
   1030     -30227.25000
   1031     -16551.25000
   1032       3441.06200
   1033      12500.75000
   1034       7462.18800
   1035      -4235.00000
   1036     -18350.31000
   1037     -28625.81000
   1038     -22217.00000
   1039        351.25000
   1040      16583.00000
   1041      11253.19000
   1042      -2903.68800
   1043      -8642.81200
   1044      -9014.43800
   1045     -15870.94000
   1046     -31066.50000
   1047     -48771.50000
   1048     -63287.88000
   1049     -70441.44000
   1050     -70580.94000
   1051     -67576.75000
   1052     -58794.06000
   1053     -36040.88000
   1054      -4200.81200
   1055      14125.00000
   1056       3883.68800
   1057     -22858.06000
   1058     -42366.75000
   1059     -44681.19000
   1060     -34413.94000
   1061     -17379.88000
   1062        856.12500
   1063      11252.81000
   1064       8118.68800
   1065      -4373.37500
   1066     -17756.19000
   1067     -25055.06000
   1068     -21945.94000
   1069     -12777.00000
   1070     -11555.50000
   1071     -25863.25000
   1072     -46305.25000
   1073     -60188.50000
   1074     -64179.44000
   1075     -58513.94000
   1076     -43136.12000
   1077     -22552.00000
   1078      -3387.62500
   1079       9535.87500
   1080      10167.19000
   1081      -2632.18800
   1082     -16456.38000
   1083     -20463.88000
   1084     -20775.38000
   1085     -21671.62000
   1086     -11503.12000
   1087      10232.50000
   1088      18820.75000
   1089        365.87500
   1090     -24715.56000
   1091     -32376.69000
   1092     -25141.94000
   1093     -19836.31000
   1094     -23085.88000
   1095     -26707.31000
   1096     -21560.62000
   1097     -12377.12000
   1098     -11467.94000
   1099     -16666.62000
   1100     -13272.75000
   1101       -136.43750
   1102       9634.81200
   1103      12899.94000
   1104      13488.75000
   1105       1623.00000
   1106     -30257.50000
   1107     -59640.75000
   1108     -57385.44000
   1109     -32070.06000
   1110     -17452.25000
   1111     -23121.25000
   1112     -30744.81000
   1113     -32468.38000
   1114     -38168.31000
   1115     -45712.44000
   1116     -37380.38000
   1117     -10949.81000
   1118      11851.75000
   1119      14419.69000
   1120       3232.56200
   1121      -9032.56200
   1122     -20856.12000
   1123     -33566.69000
   1124     -39283.06000
   1125     -29841.00000
   1126     -10402.19000
   1127       5815.37500
   1128       9417.06200
   1129      -1978.56200
   1130     -20038.38000
   1131     -26600.44000
   1132     -14712.31000
   1133        858.43750
   1134      10319.06000
   1135      22808.00000
   1136      37123.50000
   1137      33783.38000
   1138      11823.88000
   1139      -5634.25000
   1140      -9087.06200
   1141      -8905.31200
   1142     -10768.44000
   1143     -16507.88000
   1144     -31223.88000
   1145     -47688.75000
   1146     -49588.12000
   1147     -40593.06000
   1148     -42081.56000
   1149     -58552.12000
   1150     -68124.75000
   1151     -50190.12000
   1152     -12915.94000
   1153      12245.56000
   1154       8715.62500
   1155      -5570.37500
   1156     -13193.25000
   1157     -27109.69000
   1158     -58297.06000
   1159     -86185.44000
   1160     -91687.81000
   1161     -85373.25000
   1162     -79482.69000
   1163     -68093.31000
   1164     -50598.81000
   1165     -40027.56000
   1166     -38790.31000
   1167     -33224.81000
   1168     -14566.94000
   1169      12226.38000
   1170      34413.69000
   1171      34427.44000
   1172       2071.12500
   1173     -43507.00000
   1174     -62204.25000
   1175     -38852.25000
   1176      -3859.93800
   1177       6181.12500
   1178      -9557.81200
   1179     -25639.69000
   1180     -22755.50000
   1181       -464.31250
   1182      25225.06000
   1183      31823.31000
   1184      12142.56000
   1185     -15245.38000
   1186     -27663.94000
   1187     -23693.88000
   1188     -18638.31000
   1189     -22079.56000
   1190     -25827.00000
   1191     -14568.38000
   1192       9550.12500
   1193      20878.50000
   1194       1301.25000
   1195     -32362.38000
   1196     -49527.94000
   1197     -42875.69000
   1198     -25904.00000
   1199      -7808.87500
   1200       7588.62500
   1201      10443.69000
   1202      -3000.43800
   1203     -13961.25000
   1204      -1183.31200
   1205      24079.69000
   1206      27644.19000
   1207       -568.68750
   1208     -33578.31000
   1209     -45525.00000
   1210     -38218.69000
   1211     -25338.38000
   1212     -15225.75000
   1213     -13631.06000
   1214     -22243.19000
   1215     -31937.88000
   1216     -32200.75000
   1217     -23906.06000
   1218     -13432.31000
   1219      -3486.56200
   1220       3118.50000
   1221       1673.62500
   1222      -5848.00000
   1223      -9771.12500
   1224      -5906.06200
   1225      -2738.68800
   1226      -7231.62500
   1227      -7145.50000
   1228      16550.25000
   1229      55422.19000
   1230      72717.25000
   1231      49364.56000
   1232       8683.18800
   1233     -19979.69000
   1234     -36340.12000
   1235     -49487.00000
