      1       8474.81200
      2     -15967.94000
      3     -32780.88000
      4     -31989.94000
      5     -22790.31000
      6     -20184.62000
      7     -26281.19000
      8     -31985.62000
      9     -32165.12000
     10     -28908.12000
     11     -25746.62000
     12     -26573.62000
     13     -33086.25000
     14     -42217.44000
     15     -51865.81000
     16     -60441.19000
     17     -58920.25000
     18     -40401.75000
     19     -15035.12000
     20       3604.18800
     21      15312.00000
     22      20141.94000
     23      11012.19000
     24      -8567.62500
     25     -24456.44000
     26     -31491.25000
     27     -30797.38000
     28     -21653.62000
     29     -13977.81000
     30     -20937.56000
     31     -29993.25000
     32     -19033.31000
     33        627.25000
     34       2790.00000
     35      -3889.87500
     36       7297.56200
     37      29857.38000
     38      33549.94000
     39      10207.94000
     40     -22395.62000
     41     -47018.62000
     42     -55962.88000
     43     -46999.06000
     44     -24860.88000
     45      -1242.06200
     46      12086.25000
     47      11036.94000
     48       2193.87500
     49      -4830.50000
     50      -7801.56200
     51      -8463.43800
     52      -5118.43800
     53       -556.87500
     54      -4908.12500
     55     -14713.06000
     56      -9137.43800
     57      14227.25000
     58      25023.12000
     59       3449.50000
     60     -28766.81000
     61     -42599.62000
     62     -41934.25000
     63     -47354.25000
     64     -60155.25000
     65     -65666.06000
     66     -60883.19000
     67     -56913.62000
     68     -55345.31000
     69     -42601.25000
     70     -14687.94000
     71      10093.69000
     72      14483.75000
     73       2363.43800
     74     -16151.25000
     75     -39370.56000
     76     -59479.81000
     77     -56869.06000
     78     -29601.75000
     79      -7803.37500
     80     -15298.00000
     81     -34300.56000
     82     -31900.31000
     83      -8073.25000
     84       7226.25000
     85      -3131.75000
     86     -25450.19000
     87     -37110.56000
     88     -31133.50000
     89     -18190.50000
     90     -11789.56000
     91     -12719.94000
     92     -10084.50000
     93       1089.87500
     94      11075.69000
     95       9100.75000
     96      -4188.12500
     97     -22820.00000
     98     -41739.19000
     99     -53353.38000
    100     -51491.06000
    101     -42005.56000
    102     -36784.12000
    103     -37972.50000
    104     -40334.06000
    105     -42607.44000
    106     -43060.56000
    107     -34081.19000
    108     -16580.06000
    109      -7220.37500
    110     -15989.31000
    111     -29766.88000
    112     -31716.56000
    113     -24630.50000
    114     -23056.69000
    115     -32249.94000
    116     -43657.62000
    117     -45398.75000
    118     -32125.44000
    119      -7048.06200
    120      20693.88000
    121      38450.44000
    122      35607.62000
    123      16325.56000
    124       2261.93800
    125      10444.94000
    126      32335.50000
    127      46821.69000
    128      46319.88000
    129      36459.69000
    130      20827.81000
    131       2767.81200
    132      -7063.87500
    133      -3498.31200
    134       -247.56250
    135     -12548.38000
    136     -31812.75000
    137     -35474.94000
    138     -19370.50000
    139      -2757.75000
    140      -1671.43800
    141     -11831.94000
    142     -18823.12000
    143     -14905.25000
    144      -4524.37500
    145       1217.56200
    146      -4033.68800
    147     -15154.50000
    148     -22202.31000
    149     -22289.94000
    150     -20182.81000
    151     -18534.81000
    152     -13263.31000
    153       -732.87500
    154      14353.38000
    155      22611.81000
    156      18853.31000
    157       3997.31200
    158     -17055.69000
    159     -35437.06000
    160     -43475.56000
    161     -42346.31000
    162     -35143.56000
    163     -17223.44000
    164      10482.69000
    165      27992.81000
    166      18518.19000
    167      -7317.25000
    168     -30688.19000
    169     -49188.19000
    170     -62316.06000
    171     -58445.81000
    172     -38281.81000
    173     -24349.00000
    174     -28428.25000
    175     -35614.19000
    176     -32222.12000
    177     -22591.94000
    178     -11548.69000
    179       1042.12500
    180       4851.25000
    181     -12005.88000
    182     -35663.44000
    183     -39329.81000
    184     -25534.12000
    185     -21123.31000
    186     -28418.00000
    187     -23163.12000
    188      -7123.43800
    189     -13845.56000
    190     -48803.62000
    191     -71761.19000
    192     -56389.50000
    193     -26182.44000
    194     -14644.75000
    195     -22960.06000
    196     -30231.56000
    197     -24137.56000
    198     -11172.69000
    199      -3997.87500
    200      -5565.12500
    201     -11571.75000
    202     -23209.06000
    203     -39348.44000
    204     -42816.12000
    205     -20896.19000
    206       8169.06200
    207      17187.12000
    208       5862.31200
    209      -9872.56200
    210     -24742.75000
    211     -37745.44000
    212     -39501.75000
    213     -25493.81000
    214      -7418.68800
    215      -1819.50000
    216     -14597.44000
    217     -34982.88000
    218     -42065.00000
    219     -26132.44000
    220      -3099.75000
    221       4388.81200
    222      -4235.18800
    223     -10760.75000
    224      -5801.06200
    225       -381.87500
    226      -8141.31200
    227     -22337.81000
    228     -19144.69000
    229       9951.06200
    230      39435.44000
    231      39125.38000
    232      13302.81000
    233      -9349.06200
    234     -17042.81000
    235     -22313.88000
    236     -32762.94000
    237     -38879.38000
    238     -33927.75000
    239     -26015.81000
    240     -23935.94000
    241     -25463.38000
    242     -26195.88000
    243     -26354.88000
    244     -22323.56000
    245      -8312.12500
    246       6728.37500
    247       4127.87500
    248     -14544.06000
    249     -25092.19000
    250     -16090.50000
    251      -4165.12500
    252      -8089.68800
    253     -25441.50000
    254     -37525.88000
    255     -27711.56000
    256        -40.25000
    257      18088.56000
    258       4934.37500
    259     -26871.81000
    260     -46814.00000
    261     -43968.50000
    262     -30408.06000
    263     -18782.12000
    264     -12898.06000
    265     -10057.12000
    266      -3175.75000
    267       8158.00000
    268      10323.38000
    269      -2673.37500
    270     -10228.19000
    271       5888.50000
    272      25960.25000
    273      18488.88000
    274     -10143.12000
    275     -26762.31000
    276     -20420.56000
    277      -8414.62500
    278      -4722.25000
    279      -9219.06200
    280     -16765.62000
    281     -19596.69000
    282     -13672.00000
    283      -8781.18800
    284     -15971.56000
    285     -26739.56000
    286     -25114.25000
    287     -14557.88000
    288     -11184.25000
    289     -16229.88000
    290     -15419.88000
    291      -2540.50000
    292      13179.69000
    293      22087.56000
    294      24143.50000
    295      22426.81000
    296      15237.06000
    297      -1011.31200
    298     -21786.06000
    299     -31781.62000
    300     -20808.06000
    301      -1805.75000
    302       1541.68800
    303     -11965.94000
    304     -20309.62000
    305     -14539.06000
    306     -11401.00000
    307     -24080.94000
    308     -42725.25000
    309     -49296.88000
    310     -36844.69000
    311     -15145.75000
    312      -3351.56200
    313      -9735.68800
    314     -21329.38000
    315     -23839.19000
    316     -19197.00000
    317     -10246.00000
    318       9507.81200
    319      34475.00000
    320      41153.19000
    321      22985.50000
    322       6577.37500
    323      13886.75000
    324      29570.50000
    325      26828.00000
    326       9310.18800
    327       2787.00000
    328      14702.31000
    329      26223.25000
    330      20329.75000
    331      -2394.93800
    332     -30644.00000
    333     -48074.12000
    334     -40677.94000
    335     -11299.75000
    336      20383.06000
    337      34950.00000
    338      23523.94000
    339      -6759.06200
    340     -27725.94000
    341     -14299.62000
    342      17700.12000
    343      29691.31000
    344      19564.62000
    345      20593.88000
    346      39805.50000
    347      46360.50000
    348      26403.19000
    349       5213.93800
    350       5257.93800
    351      14979.56000
    352      10855.94000
    353      -6276.62500
    354      -9989.68800
    355      15745.56000
    356      48401.56000
    357      49352.00000
    358      13431.44000
    359     -23698.12000
    360     -32152.44000
    361     -22181.38000
    362     -20670.56000
    363     -28431.31000
    364     -20839.12000
    365      11051.06000
    366      40813.31000
    367      39090.31000
    368      10067.81000
    369     -18991.31000
    370     -31631.94000
    371     -30008.94000
    372     -20560.12000
    373      -9305.75000
    374      -3859.06200
    375      -6754.37500
    376     -11288.75000
    377     -11356.75000
    378      -8683.43800
    379      -4701.87500
    380       4913.62500
    381      21467.06000
    382      39109.94000
    383      55317.62000
    384      72086.38000
    385      81792.06000
    386      69868.12000
    387      38944.31000
    388      10454.00000
    389      -4565.56200
    390     -14700.06000
    391     -24585.56000
    392     -25769.31000
    393     -15036.19000
    394       -334.75000
    395      12788.69000
    396      22957.38000
    397      24999.19000
    398      15565.62000
    399       2222.50000
    400      -3751.37500
    401       2327.12500
    402      18884.19000
    403      38998.06000
    404      52076.75000
    405      54812.94000
    406      54314.94000
    407      50195.69000
    408      30025.12000
    409      -2395.31200
    410     -16870.94000
    411       2443.68800
    412      30085.38000
    413      38006.25000
    414      34566.19000
    415      38322.62000
    416      42676.69000
    417      37688.31000
    418      37447.94000
    419      54226.25000
    420      72581.94000
    421      76472.75000
    422      75003.50000
    423      77766.19000
    424      72760.00000
    425      50200.31000
    426      25783.50000
    427      22893.00000
    428      43688.06000
    429      65320.81000
    430      61087.12000
    431      29787.56000
    432       1341.75000
    433        870.87500
    434      16984.38000
    435      26200.50000
    436      33328.25000
    437      55869.94000
    438      81750.06000
    439      80133.69000
    440      51278.81000
    441      31288.19000
    442      43154.81000
    443      69411.12000
    444      81569.75000
    445      75897.88000
    446      67999.38000
    447      67480.50000
    448      71902.56000
    449      77209.50000
    450      81051.06000
    451      79793.06000
    452      70228.75000
    453      52221.88000
    454      30239.19000
    455      17101.50000
    456      28740.75000
    457      61395.00000
    458      82866.31000
    459      66525.75000
    460      27864.88000
    461       7242.68800
    462      21424.50000
    463      52399.44000
    464      78174.62000
    465      93421.12000
    466     100465.90000
    467     100744.20000
    468     101704.70000
    469     117239.20000
    470     148783.80000
    471     175930.10000
    472     181555.20000
    473     174795.10000
    474     170948.20000
    475     165964.30000
    476     156459.40000
    477     162759.90000
    478     200358.40000
    479     250654.90000
    480     287920.00000
    481     313273.60000
    482     339388.20000
    483     364398.40000
    484     380330.40000
    485     392980.40000
    486     420682.10000
    487     473980.40000
    488     541903.90000
    489     606726.20000
    490     670419.00000
    491     748818.90000
    492     842935.60000
    493     943806.80000
    494    1062180.00000
    495    1225714.00000
    496    1448453.00000
    497    1725318.00000
    498    2052756.00000
    499    2444661.00000
    500    2941933.00000
    501    3635804.00000
    502    4683358.00000
    503    6219257.00000
    504    8118716.00000
    505    9823759.00000
    506    10573920.00000
    507    9973101.00000
    508    8318639.00000
    509    6323678.00000
    510    4578416.00000
    511    3299443.00000
    512    2439865.00000
    513    1873973.00000
    514    1491520.00000
    515    1222654.00000
    516    1028834.00000
    517     882804.60000
    518     766400.10000
    519     679071.70000
    520     627154.30000
    521     604738.60000
    522     594335.40000
    523     582274.10000
    524     566017.40000
    525     549629.10000
    526     534719.60000
    527     513811.10000
    528     475220.50000
    529     419668.60000
    530     368980.90000
    531     347766.20000
    532     354470.80000
    533     360578.20000
    534     343615.20000
    535     310838.40000
    536     282119.60000
    537     260674.10000
    538     234278.20000
    539     198145.40000
    540     160162.80000
    541     125977.90000
    542      94463.50000
    543      67892.56000
    544      52910.94000
    545      50282.81000
    546      54059.69000
    547      58861.62000
    548      59242.00000
    549      48326.06000
    550      26926.19000
    551       6911.43800
    552      -2213.18800
    553      -1821.62500
    554       4283.68800
    555      15029.75000
    556      25220.62000
    557      25524.69000
    558      14204.25000
    559        639.87500
    560      -6936.37500
    561     -10868.00000
    562     -15378.25000
    563     -13730.19000
    564       3600.06200
    565      27861.69000
    566      35755.50000
    567      19978.00000
    568       -769.50000
    569      -9471.87500
    570     -10929.56000
    571     -16245.31000
    572     -23689.75000
    573     -24018.62000
    574     -14100.75000
    575        862.06250
    576      13978.88000
    577      24613.06000
    578      39345.88000
    579      60465.75000
    580      76532.56000
    581      72956.88000
    582      48454.06000
    583      14112.56000
    584     -15883.75000
    585     -26114.12000
    586      -6853.31200
    587      29095.12000
    588      50495.88000
    589      42607.81000
    590      25554.62000
    591      23185.50000
    592      27908.38000
    593      18083.06000
    594      -1165.00000
    595      -3639.93800
    596      14492.00000
    597      27361.31000
    598      18958.44000
    599       2554.50000
    600      -5596.12500
    601      -8509.75000
    602     -15264.56000
    603     -21286.69000
    604     -12667.81000
    605      13168.38000
    606      38082.50000
    607      40193.75000
    608      18415.06000
    609      -6680.93800
    610     -14064.94000
    611       1349.68800
    612      26515.44000
    613      40558.94000
    614      36499.50000
    615      30173.88000
    616      35421.81000
    617      42158.94000
    618      36060.75000
    619      22823.00000
    620      14964.44000
    621      12484.19000
    622       8818.18800
    623      -1629.81200
    624     -22987.00000
    625     -46151.62000
    626     -47940.12000
    627     -21829.44000
    628       8547.12500
    629      23883.25000
    630      31197.44000
    631      36164.12000
    632      25115.00000
    633      -7726.12500
    634     -40563.50000
    635     -47373.31000
    636     -27631.19000
    637      -5178.12500
    638       -142.87500
    639      -4943.87500
    640       1524.93800
    641      15861.56000
    642      11465.56000
    643     -16999.38000
    644     -42791.88000
    645     -45625.06000
    646     -29281.38000
    647      -4692.68800
    648      13658.00000
    649       8039.81200
    650     -18272.62000
    651     -37591.19000
    652     -36269.19000
    653     -27800.19000
    654     -18529.50000
    655       2577.18800
    656      31127.38000
    657      40788.69000
    658      21063.19000
    659      -4872.87500
    660      -9939.81200
    661       7867.81200
    662      33176.50000
    663      53117.81000
    664      60423.06000
    665      50417.94000
    666      27202.38000
    667       5207.56200
    668      -4008.87500
    669      -2639.62500
    670       -789.62500
    671      -2642.87500
    672       -807.25000
    673      12376.00000
    674      28830.62000
    675      31491.88000
    676      18740.50000
    677       6627.06200
    678       5534.75000
    679      11875.88000
    680      20155.06000
    681      25500.50000
    682      21130.50000
    683       9488.50000
    684       6430.12500
    685      20001.38000
    686      35059.44000
    687      32367.50000
    688      16049.69000
    689       7944.00000
    690      14901.00000
    691      18506.94000
    692       6188.18800
    693      -6289.37500
    694      -2056.87500
    695       5827.31200
    696      -3431.00000
    697     -21374.06000
    698     -23912.00000
    699     -10414.88000
    700      -3212.68800
    701     -14910.62000
    702     -34956.00000
    703     -45569.81000
    704     -40571.69000
    705     -28537.44000
    706     -19027.94000
    707      -9097.75000
    708       8225.31200
    709      27340.38000
    710      36894.06000
    711      37668.38000
    712      38329.31000
    713      42245.00000
    714      50962.25000
    715      66656.50000
    716      83330.62000
    717      91737.56000
    718      93065.56000
    719      91660.31000
    720      85211.00000
    721      78630.25000
    722      87028.12000
    723     108317.80000
    724     116876.10000
    725      99079.06000
    726      72565.56000
    727      61574.75000
    728      73553.38000
    729     103351.00000
    730     139270.80000
    731     160886.60000
    732     151261.20000
    733     119513.90000
    734      95305.62000
    735      91937.75000
    736      90882.06000
    737      72565.56000
    738      43603.19000
    739      20574.81000
    740       5756.75000
    741      -4195.37500
    742       -817.43750
    743      24171.88000
    744      54073.69000
    745      54727.81000
    746      15481.25000
    747     -31054.75000
    748     -43494.12000
    749     -15908.25000
    750      24846.88000
    751      53206.56000
    752      63117.62000
    753      63720.75000
    754      65809.12000
    755      67567.88000
    756      58540.94000
    757      42084.75000
    758      36131.38000
    759      45278.75000
    760      53863.38000
    761      51090.88000
    762      41517.06000
    763      31550.44000
    764      25506.06000
    765      29976.25000
    766      46640.50000
    767      66993.50000
    768      82178.31000
    769      89453.19000
    770      86770.56000
    771      72136.19000
    772      50829.12000
    773      36340.75000
    774      40942.31000
    775      65018.69000
    776      95167.69000
    777     114200.10000
    778     113090.00000
    779      92397.50000
    780      58422.62000
    781      23071.31000
    782         32.06250
    783      -5760.50000
    784        919.62500
    785      15197.25000
    786      31384.88000
    787      36154.69000
    788      21550.06000
    789       3620.68800
    790       5633.06200
    791      23354.50000
    792      32241.25000
    793      28678.88000
    794      33032.44000
    795      48091.81000
    796      50676.06000
    797      36215.50000
    798      36572.38000
    799      74566.38000
    800     128767.60000
    801     161657.70000
    802     160662.40000
    803     137713.00000
    804     107044.00000
    805      76383.38000
    806      50600.88000
    807      36276.94000
    808      39519.81000
    809      53776.56000
    810      57434.00000
    811      39416.12000
    812      20479.94000
    813      27892.81000
    814      53924.94000
    815      63320.06000
    816      42499.38000
    817      18371.94000
    818      20566.25000
    819      41998.62000
    820      51067.19000
    821      35968.44000
    822      20218.94000
    823      30122.12000
    824      59954.38000
    825      81760.50000
    826      82367.44000
    827      74063.69000
    828      70904.19000
    829      72111.88000
    830      70208.00000
    831      60074.25000
    832      40595.75000
    833      20056.31000
    834      13251.94000
    835      20394.31000
    836      19721.12000
    837      -4925.81200
    838     -40278.38000
    839     -59618.69000
    840     -54370.75000
    841     -39970.25000
    842     -32800.88000
    843     -28032.50000
    844      -8109.43800
    845      26366.50000
    846      50265.69000
    847      47119.19000
    848      30811.44000
    849      20950.50000
    850      14704.88000
    851       -976.00000
    852     -23807.06000
    853     -38546.69000
    854     -36241.44000
    855     -20244.25000
    856       -895.06250
    857       7961.75000
    858      -3299.68800
    859     -26437.38000
    860     -38339.94000
    861     -28029.94000
    862     -11050.75000
    863      -6391.00000
    864     -11403.44000
    865     -13166.81000
    866     -11008.38000
    867     -10252.12000
    868      -6671.87500
    869       2841.18800
    870       5056.06200
    871     -11711.25000
    872     -32186.06000
    873     -29877.25000
    874      -5221.12500
    875      14827.62000
    876      16582.62000
    877      16441.00000
    878      29486.19000
    879      40279.94000
    880      23943.25000
    881     -11144.25000
    882     -25020.31000
    883       2544.81200
    884      41753.06000
    885      49486.56000
    886      22383.94000
    887      -6297.00000
    888     -13985.69000
    889     -10920.94000
    890     -16933.81000
    891     -35229.81000
    892     -52125.00000
    893     -50959.06000
    894     -25420.88000
    895      10945.88000
    896      30410.62000
    897      17948.12000
    898      -8170.68800
    899     -14642.12000
    900       8725.75000
    901      40750.50000
    902      56173.12000
    903      47935.62000
    904      25127.62000
    905       3985.25000
    906       -481.50000
    907      12586.62000
    908      25497.62000
    909      19264.25000
    910      -6113.50000
    911     -32495.81000
    912     -40410.56000
    913     -24699.25000
    914        804.37500
    915      15084.75000
    916       9725.25000
    917      -5995.87500
    918     -18248.75000
    919     -18769.31000
    920      -5758.00000
    921      13682.75000
    922      23988.12000
    923      13263.75000
    924     -14870.50000
    925     -43641.56000
    926     -55234.88000
    927     -43718.88000
    928     -20195.56000
    929      -2572.50000
    930        475.75000
    931      -7947.00000
    932     -20961.62000
    933     -30994.19000
    934     -30166.69000
    935     -15672.94000
    936       5764.50000
    937      21036.62000
    938      18679.25000
    939      -2400.12500
    940     -29879.62000
    941     -45910.56000
    942     -39545.19000
    943     -14550.62000
    944      11181.38000
    945      18580.38000
    946       6437.75000
    947      -8486.37500
    948     -15358.62000
    949     -20276.44000
    950     -25389.81000
    951     -14612.25000
    952      22780.62000
    953      66554.75000
    954      83219.38000
    955      63558.75000
    956      26381.38000
    957      -8057.12500
    958     -30262.25000
    959     -36566.94000
    960     -33728.25000
    961     -38846.19000
    962     -53621.88000
    963     -54869.50000
    964     -32563.50000
    965     -12627.62000
    966     -15776.00000
    967     -23072.00000
    968     -11526.38000
    969       7035.87500
    970      10765.62000
    971       1411.12500
    972      -9892.00000
    973     -21344.88000
    974     -29458.19000
    975     -27879.50000
    976     -23186.12000
    977     -24475.50000
    978     -23530.88000
    979     -15376.00000
    980     -20696.00000
    981     -50239.25000
    982     -68779.19000
    983     -37150.88000
    984      27451.62000
    985      71659.25000
    986      69909.75000
    987      37412.38000
    988      -1420.12500
    989     -27542.38000
    990     -26718.00000
    991      -1519.25000
    992      25295.50000
    993      35411.62000
    994      33143.38000
    995      29907.25000
    996      24655.12000
    997       9017.62500
    998     -19406.25000
    999     -53943.06000
   1000     -80549.88000
   1001     -85298.62000
   1002     -70428.62000
   1003     -54230.81000
   1004     -44209.81000
   1005     -26906.62000
   1006       2275.00000
   1007      22077.75000
   1008      16619.50000
   1009        366.87500
   1010      -6355.62500
   1011      -5903.00000
   1012     -12795.00000
   1013     -30537.25000
   1014     -46739.56000
   1015     -43795.69000
   1016     -19250.50000
   1017       3992.62500
   1018       4573.50000
   1019      -5083.37500
   1020       1105.75000
   1021      20162.38000
   1022      26379.75000
   1023       9372.12500
   1024     -18013.88000
   1025     -38565.12000
   1026     -43783.75000
   1027     -37553.75000
   1028     -27600.25000
   1029     -11351.00000
   1030      13459.38000
   1031      28376.88000
   1032      13654.75000
   1033     -19741.00000
   1034     -47986.88000
   1035     -65688.12000
   1036     -70972.88000
   1037     -50147.75000
   1038      -6253.50000
   1039      29148.00000
   1040      35222.50000
   1041      22692.88000
   1042       5795.75000
   1043     -13573.62000
   1044     -28088.38000
   1045     -23109.12000
   1046        350.37500
   1047      21260.62000
   1048      19929.88000
   1049      -6235.50000
   1050     -42191.88000
   1051     -62991.94000
   1052     -53299.62000
   1053     -25427.75000
   1054      -6212.50000
   1055      -4959.37500
   1056      -9087.12500
   1057      -9183.12500
   1058      -9693.87500
   1059     -14970.50000
   1060     -19838.75000
   1061     -16436.88000
   1062      -4554.37500
   1063       5932.50000
   1064       4392.87500
   1065      -8237.12500
   1066     -22211.12000
   1067     -32951.50000
   1068     -42911.00000
   1069     -50819.88000
   1070     -49720.00000
   1071     -38236.50000
   1072     -27746.38000
   1073     -32875.62000
   1074     -53271.38000
   1075     -71176.38000
   1076     -72117.38000
   1077     -59733.00000
   1078     -44907.62000
   1079     -33067.12000
   1080     -27271.62000
   1081     -28554.12000
   1082     -30109.12000
   1083     -24571.25000
   1084     -14575.75000
   1085      -4615.75000
   1086       8243.37500
   1087      24613.50000
   1088      35672.12000
   1089      33149.00000
   1090      15877.00000
   1091     -12356.12000
   1092     -39682.12000
   1093     -51316.62000
   1094     -50731.75000
   1095     -55996.88000
   1096     -63456.12000
   1097     -47967.38000
   1098     -14228.88000
   1099      -3305.37500
   1100     -27244.88000
   1101     -45668.75000
   1102     -31021.00000
   1103      -8788.12500
   1104     -10063.38000
   1105     -28589.50000
   1106     -44046.00000
   1107     -50247.50000
   1108     -46640.25000
   1109     -33583.12000
   1110     -23742.38000
   1111     -30601.25000
   1112     -42378.12000
   1113     -33932.38000
   1114      -6778.87500
   1115      10029.12000
   1116        795.50000
   1117     -21574.88000
   1118     -39491.12000
   1119     -42770.00000
   1120     -25210.75000
   1121       2170.37500
   1122      10548.38000
   1123      -6646.87500
   1124     -18709.25000
   1125      -9194.12500
   1126      -7343.87500
   1127     -37183.50000
   1128     -69580.88000
   1129     -59290.12000
   1130      -8938.50000
   1131      32785.38000
   1132      28853.50000
   1133     -10495.25000
   1134     -49994.12000
   1135     -68964.00000
   1136     -69518.50000
   1137     -60293.88000
   1138     -46853.75000
   1139     -31251.75000
   1140     -13062.50000
   1141       4223.12500
   1142      11747.00000
   1143       8254.62500
   1144       2841.75000
   1145      -3444.50000
   1146     -20655.38000
   1147     -46032.00000
   1148     -58304.88000
   1149     -45408.88000
   1150     -21177.38000
   1151      -7852.00000
   1152     -13390.38000
   1153     -29773.75000
   1154     -45443.75000
   1155     -53848.88000
   1156     -51478.38000
   1157     -35987.62000
   1158     -12749.62000
   1159       3360.50000
   1160       2447.12500
   1161      -9244.50000
   1162     -20255.88000
   1163     -26839.50000
   1164     -26682.12000
   1165     -12545.62000
   1166      14449.75000
   1167      36324.88000
   1168      37873.38000
   1169      26134.88000
   1170      17303.25000
   1171      13658.00000
   1172       7941.25000
   1173       1940.00000
   1174       4101.87500
   1175      11649.25000
   1176       9729.62500
   1177      -8451.37500
   1178     -30773.25000
   1179     -41455.38000
   1180     -39771.88000
   1181     -34382.88000
   1182     -26407.50000
   1183     -12629.88000
   1184       -235.87500
   1185      -1502.25000
   1186     -15808.25000
   1187     -30919.00000
   1188     -38804.50000
   1189     -39219.00000
   1190     -32608.88000
   1191     -19729.25000
   1192      -5421.37500
   1193       3601.25000
   1194       4374.50000
   1195        260.00000
   1196      -2286.75000
   1197      -1302.50000
   1198      -2682.12500
   1199     -11262.50000
   1200     -19442.88000
   1201     -13085.62000
   1202       7763.75000
   1203      22659.88000
   1204      14343.50000
   1205      -7885.50000
   1206     -20000.88000
   1207     -13790.00000
   1208      -2891.62500
   1209      -1547.87500
   1210      -9542.87500
   1211     -16752.25000
   1212     -14147.00000
   1213      -1090.75000
   1214      12769.62000
   1215      13120.25000
   1216      -7114.12500
   1217     -37547.12000
   1218     -55036.88000
   1219     -46203.25000
   1220     -22566.88000
   1221      -5195.00000
   1222      -1264.37500
   1223      -5923.37500
   1224     -15343.62000
   1225     -25464.62000
   1226     -29260.12000
   1227     -23596.00000
   1228     -10452.38000
   1229       6064.87500
   1230      14704.62000
   1231       1690.87500
   1232     -28722.50000
   1233     -53919.62000
   1234     -59433.50000
   1235     -49019.25000
