      1     -47921.06000
      2     -63159.25000
      3     -57502.12000
      4     -38763.81000
      5     -22370.94000
      6     -12367.00000
      7      -9031.18800
      8     -19241.19000
      9     -40707.94000
     10     -51938.56000
     11     -37952.88000
     12     -14078.31000
     13      -6978.81200
     14     -22254.25000
     15     -45720.69000
     16     -65890.56000
     17     -78185.81000
     18     -75830.19000
     19     -58105.44000
     20     -42780.44000
     21     -48636.12000
     22     -69558.25000
     23     -84911.69000
     24     -86985.94000
     25     -79368.19000
     26     -63702.12000
     27     -47475.44000
     28     -44674.31000
     29     -50773.56000
     30     -41536.94000
     31     -13324.38000
     32       2998.12500
     33     -15134.44000
     34     -48732.62000
     35     -61757.38000
     36     -43588.75000
     37     -17109.88000
     38      -9926.06200
     39     -23098.94000
     40     -34054.25000
     41     -29859.81000
     42     -23839.12000
     43     -34507.62000
     44     -62566.94000
     45     -90444.19000
     46     -93539.25000
     47     -61525.12000
     48     -19268.81000
     49      -7150.43800
     50     -29804.19000
     51     -50482.25000
     52     -44383.69000
     53     -28159.19000
     54     -28880.31000
     55     -48513.12000
     56     -66931.94000
     57     -67991.62000
     58     -58904.12000
     59     -59930.38000
     60     -72403.25000
     61     -73788.69000
     62     -54146.50000
     63     -33243.00000
     64     -28004.38000
     65     -29087.81000
     66     -23773.19000
     67     -19143.44000
     68     -28948.75000
     69     -52516.31000
     70     -74934.56000
     71     -81438.12000
     72     -70106.56000
     73     -51942.12000
     74     -37473.69000
     75     -26644.94000
     76     -14845.75000
     77      -1771.81200
     78       8168.62500
     79       5971.68800
     80     -18274.50000
     81     -59565.06000
     82     -91685.25000
     83     -91931.06000
     84     -65383.44000
     85     -32971.44000
     86      -7570.43800
     87       8216.50000
     88      15641.94000
     89      20057.56000
     90      24540.38000
     91      22492.62000
     92       8566.56200
     93      -9836.18800
     94     -23811.56000
     95     -33302.06000
     96     -37958.69000
     97     -35146.62000
     98     -30815.50000
     99     -31625.00000
    100     -27502.06000
    101      -6971.50000
    102      15237.69000
    103      14013.94000
    104      -8131.75000
    105     -26579.00000
    106     -32712.62000
    107     -38992.75000
    108     -50474.06000
    109     -57068.94000
    110     -53260.31000
    111     -46518.12000
    112     -47267.69000
    113     -61504.19000
    114     -85459.88000
    115    -100163.40000
    116     -84309.31000
    117     -40459.94000
    118       2388.93800
    119      15239.94000
    120      -9394.75000
    121     -53105.06000
    122     -79238.19000
    123     -61658.50000
    124     -17291.00000
    125       9955.18800
    126       3256.50000
    127     -14932.88000
    128     -24901.00000
    129     -30809.38000
    130     -39225.12000
    131     -49009.62000
    132     -61302.56000
    133     -74108.88000
    134     -73945.25000
    135     -52631.62000
    136     -21490.88000
    137       3484.37500
    138      15988.25000
    139      14604.06000
    140       1117.43800
    141     -14685.44000
    142     -23244.31000
    143     -26478.56000
    144     -30392.50000
    145     -33254.38000
    146     -31620.12000
    147     -32794.31000
    148     -48505.81000
    149     -74970.69000
    150     -91302.31000
    151     -85274.25000
    152     -67863.69000
    153     -52013.75000
    154     -35386.44000
    155     -18463.06000
    156     -16137.00000
    157     -31132.69000
    158     -39719.25000
    159     -25099.50000
    160      -4620.00000
    161      -5005.93800
    162     -26339.31000
    163     -47170.06000
    164     -54732.56000
    165     -54573.50000
    166     -53123.75000
    167     -46395.88000
    168     -31415.12000
    169     -15366.12000
    170      -5259.87500
    171         51.37500
    172       1483.31200
    173      -3755.43800
    174     -14146.81000
    175     -25400.88000
    176     -39553.88000
    177     -60644.19000
    178     -81908.12000
    179     -86196.56000
    180     -62349.50000
    181     -22608.69000
    182       1311.56200
    183     -10239.62000
    184     -41665.25000
    185     -63047.56000
    186     -64476.69000
    187     -54133.44000
    188     -38691.56000
    189     -25073.25000
    190     -24461.00000
    191     -34822.88000
    192     -37423.81000
    193     -28027.31000
    194     -28941.38000
    195     -50712.19000
    196     -67395.69000
    197     -55848.31000
    198     -34039.25000
    199     -29634.25000
    200     -36581.19000
    201     -36928.50000
    202     -37495.81000
    203     -46459.38000
    204     -43505.69000
    205     -13078.00000
    206      21098.50000
    207      29471.75000
    208      14334.12000
    209     -11000.50000
    210     -43175.19000
    211     -68261.88000
    212     -62554.56000
    213     -34034.38000
    214     -21145.38000
    215     -33765.06000
    216     -37373.94000
    217     -12109.62000
    218      13352.69000
    219       6635.12500
    220     -24042.19000
    221     -50058.81000
    222     -59988.56000
    223     -58588.31000
    224     -49246.62000
    225     -34399.69000
    226     -20072.69000
    227     -10581.00000
    228      -7712.62500
    229     -14496.06000
    230     -28066.25000
    231     -36530.88000
    232     -36567.12000
    233     -40206.00000
    234     -51116.81000
    235     -54382.50000
    236     -42782.75000
    237     -28830.69000
    238     -21310.88000
    239     -15448.00000
    240     -10995.06000
    241     -15379.88000
    242     -28792.94000
    243     -43327.44000
    244     -49931.44000
    245     -40544.06000
    246     -19874.69000
    247     -12771.81000
    248     -35039.94000
    249     -62831.06000
    250     -58159.38000
    251     -18395.44000
    252      22716.00000
    253      37383.00000
    254      28355.25000
    255      15178.12000
    256      10738.81000
    257      14011.94000
    258      17891.69000
    259      16439.38000
    260       6374.50000
    261     -11104.88000
    262     -28298.44000
    263     -34857.75000
    264     -24012.00000
    265       3000.12500
    266      32540.88000
    267      41172.75000
    268      15000.25000
    269     -30167.38000
    270     -59475.88000
    271     -56330.06000
    272     -39873.94000
    273     -35875.00000
    274     -40528.81000
    275     -31169.25000
    276      -6467.18800
    277       7721.50000
    278      -5952.50000
    279     -35846.69000
    280     -58538.62000
    281     -59868.69000
    282     -40248.44000
    283     -13542.75000
    284       1200.37500
    285      -3623.43800
    286     -19702.06000
    287     -35270.94000
    288     -41269.50000
    289     -29477.69000
    290      -1956.37500
    291      20876.69000
    292      19436.12000
    293      -1754.93800
    294     -22519.19000
    295     -30761.75000
    296     -28877.31000
    297     -27035.00000
    298     -32818.00000
    299     -38801.69000
    300     -29868.06000
    301     -11293.12000
    302      -6922.62500
    303     -18008.25000
    304     -16383.19000
    305       7484.12500
    306      25258.88000
    307      14780.25000
    308      -7978.00000
    309     -15145.38000
    310      -2296.18800
    311      12322.12000
    312      11280.00000
    313      -5378.62500
    314     -23758.00000
    315     -32477.69000
    316     -30906.88000
    317     -22280.88000
    318      -8415.62500
    319       6891.00000
    320      17107.38000
    321      18880.88000
    322      14714.62000
    323       7674.93800
    324      -4984.56200
    325     -27936.06000
    326     -54682.12000
    327     -67495.69000
    328     -57800.88000
    329     -36543.88000
    330     -17085.19000
    331      -2500.00000
    332       3894.75000
    333      -3526.68800
    334     -17331.31000
    335     -21508.38000
    336     -15318.50000
    337      -9336.12500
    338       -323.12500
    339      20743.31000
    340      39402.19000
    341      28532.69000
    342     -10243.81000
    343     -42229.31000
    344     -39356.88000
    345      -8232.68800
    346      21075.50000
    347      25170.69000
    348       6560.37500
    349     -14158.25000
    350     -23070.12000
    351     -22869.88000
    352     -19968.50000
    353     -15291.25000
    354     -10300.69000
    355      -8819.43800
    356      -9897.31200
    357      -8962.50000
    358      -6015.37500
    359      -4957.81200
    360      -6823.50000
    361     -10102.75000
    362     -13232.88000
    363     -11945.69000
    364      -1970.18800
    365      10296.81000
    366       8912.62500
    367     -12079.62000
    368     -37769.38000
    369     -47836.81000
    370     -38060.56000
    371     -21537.38000
    372     -10699.81000
    373      -4050.43800
    374       5017.93800
    375      11648.00000
    376       6301.62500
    377      -3649.43800
    378       -373.00000
    379      15779.88000
    380      27716.62000
    381      31721.00000
    382      39908.00000
    383      53080.88000
    384      55453.00000
    385      37807.12000
    386       9609.68800
    387     -10131.19000
    388      -6620.25000
    389      18101.81000
    390      42178.81000
    391      43458.56000
    392      24617.25000
    393       8235.62500
    394       7599.68800
    395      16275.94000
    396      25003.69000
    397      29668.50000
    398      21871.00000
    399      -3663.31200
    400     -29431.88000
    401     -29345.06000
    402      -5148.31200
    403      16927.88000
    404      23670.25000
    405      22718.31000
    406      19969.25000
    407      14452.25000
    408       9747.43800
    409      11582.19000
    410      18335.12000
    411      21098.88000
    412      10265.81000
    413     -14605.31000
    414     -38628.50000
    415     -43076.31000
    416     -24765.62000
    417       2587.75000
    418      22806.50000
    419      30093.00000
    420      33248.12000
    421      43722.06000
    422      56333.12000
    423      56016.00000
    424      45611.44000
    425      42293.81000
    426      46561.56000
    427      44400.38000
    428      36610.12000
    429      34986.19000
    430      34994.81000
    431      22649.06000
    432       4165.81200
    433       2901.68800
    434      24597.06000
    435      44261.94000
    436      38759.75000
    437      20107.12000
    438      16318.31000
    439      27596.81000
    440      32080.69000
    441      27062.69000
    442      26713.88000
    443      27771.75000
    444      19098.62000
    445      13129.50000
    446      26734.75000
    447      46218.69000
    448      47377.06000
    449      34257.44000
    450      28225.69000
    451      33343.06000
    452      35483.38000
    453      27122.88000
    454      18428.44000
    455      23598.12000
    456      41995.94000
    457      57547.56000
    458      58293.75000
    459      50897.25000
    460      51844.12000
    461      68173.12000
    462      88973.56000
    463      96764.75000
    464      87753.56000
    465      75067.25000
    466      68116.62000
    467      63259.38000
    468      62533.69000
    469      79225.62000
    470     110039.70000
    471     126469.80000
    472     112999.40000
    473      91302.06000
    474      91407.06000
    475     118476.40000
    476     156355.90000
    477     185134.90000
    478     193510.40000
    479     189766.90000
    480     194546.60000
    481     213902.10000
    482     234205.50000
    483     249779.40000
    484     275044.20000
    485     322692.20000
    486     386335.90000
    487     446866.60000
    488     489106.40000
    489     517062.20000
    490     555215.20000
    491     626472.10000
    492     730505.10000
    493     852338.70000
    494     985536.70000
    495    1139114.00000
    496    1326464.00000
    497    1557098.00000
    498    1841844.00000
    499    2199526.00000
    500    2639898.00000
    501    3133032.00000
    502    3611746.00000
    503    4011110.00000
    504    4290459.00000
    505    4416468.00000
    506    4358128.00000
    507    4119486.00000
    508    3760091.00000
    509    3359763.00000
    510    2968376.00000
    511    2603028.00000
    512    2276778.00000
    513    2001737.00000
    514    1774851.00000
    515    1588987.00000
    516    1446678.00000
    517    1340424.00000
    518    1241949.00000
    519    1136942.00000
    520    1047410.00000
    521     998298.60000
    522     982327.50000
    523     971819.80000
    524     949959.20000
    525     922593.30000
    526     904694.10000
    527     898032.40000
    528     889339.80000
    529     873527.10000
    530     863533.00000
    531     870975.20000
    532     892869.20000
    533     919579.30000
    534     939721.80000
    535     939561.90000
    536     914889.20000
    537     883341.40000
    538     872300.20000
    539     891728.20000
    540     926012.20000
    541     955879.80000
    542     979744.60000
    543    1005690.00000
    544    1034151.00000
    545    1061011.00000
    546    1083051.00000
    547    1087641.00000
    548    1057756.00000
    549    1001028.00000
    550     951614.50000
    551     930809.90000
    552     923878.00000
    553     901089.20000
    554     846535.10000
    555     766442.10000
    556     680169.30000
    557     602600.70000
    558     534852.40000
    559     475330.60000
    560     428704.80000
    561     392865.90000
    562     351832.20000
    563     297347.80000
    564     244436.40000
    565     210268.20000
    566     190674.40000
    567     173342.80000
    568     161676.10000
    569     166303.60000
    570     179512.10000
    571     177921.10000
    572     151576.10000
    573     115388.10000
    574      88339.44000
    575      73881.38000
    576      66325.00000
    577      65727.69000
    578      77295.94000
    579     100694.60000
    580     126352.20000
    581     140481.00000
    582     132315.60000
    583     101768.60000
    584      62851.75000
    585      35040.88000
    586      27902.31000
    587      35276.12000
    588      43626.88000
    589      43467.50000
    590      34991.12000
    591      26247.19000
    592      24107.56000
    593      26648.44000
    594      29322.44000
    595      35313.75000
    596      47488.81000
    597      54558.38000
    598      44870.38000
    599      29803.56000
    600      28738.25000
    601      35658.69000
    602      29833.75000
    603      14521.31000
    604      13723.06000
    605      32829.69000
    606      49951.38000
    607      46839.94000
    608      29473.31000
    609      16149.56000
    610      14383.81000
    611      13523.25000
    612       1433.81200
    613     -15420.50000
    614     -17955.31000
    615        190.87500
    616      23412.81000
    617      31853.12000
    618      22139.38000
    619       8409.12500
    620       6104.37500
    621      18159.06000
    622      34821.06000
    623      40305.31000
    624      24037.62000
    625      -2506.37500
    626      -8710.56200
    627      18050.62000
    628      50622.56000
    629      57732.00000
    630      45150.75000
    631      39364.50000
    632      45732.88000
    633      43621.25000
    634      17850.94000
    635     -15313.81000
    636     -19015.31000
    637      21033.56000
    638      74872.75000
    639     106615.50000
    640     117728.80000
    641     125961.50000
    642     121752.90000
    643      83361.12000
    644      24815.12000
    645      -7249.06200
    646      14101.81000
    647      70353.44000
    648     123946.20000
    649     149665.40000
    650     141127.40000
    651     110717.90000
    652      86201.88000
    653      84621.88000
    654      91214.12000
    655      86130.69000
    656      77276.25000
    657      78246.94000
    658      78131.38000
    659      67554.12000
    660      65096.06000
    661      83191.38000
    662      99141.94000
    663      90707.56000
    664      70466.25000
    665      60009.69000
    666      56676.12000
    667      46260.12000
    668      30227.06000
    669      23207.19000
    670      31657.94000
    671      47518.12000
    672      61963.81000
    673      73963.31000
    674      80764.75000
    675      72354.19000
    676      45934.25000
    677      18355.06000
    678      12930.38000
    679      34851.00000
    680      65127.06000
    681      80495.00000
    682      77418.38000
    683      71960.19000
    684      76989.75000
    685      87769.25000
    686      91368.31000
    687      81517.56000
    688      62404.19000
    689      45450.19000
    690      43323.38000
    691      60149.06000
    692      83174.50000
    693      88297.44000
    694      63601.69000
    695      28563.94000
    696      16774.56000
    697      35266.94000
    698      57790.19000
    699      62997.25000
    700      58446.50000
    701      60525.88000
    702      71930.19000
    703      85270.38000
    704      92074.75000
    705      86250.56000
    706      72064.19000
    707      65096.31000
    708      72484.62000
    709      79740.06000
    710      70069.62000
    711      47429.56000
    712      26790.50000
    713      12218.06000
    714        490.75000
    715      -3340.93800
    716       9151.43800
    717      35066.00000
    718      62338.81000
    719      80414.81000
    720      82374.44000
    721      68280.62000
    722      53815.31000
    723      61954.81000
    724      93768.38000
    725     117364.30000
    726     101247.50000
    727      55184.25000
    728      21007.19000
    729      21468.69000
    730      36629.50000
    731      36903.00000
    732      20464.31000
    733       6997.93800
    734       9610.93800
    735      24057.50000
    736      37019.50000
    737      38854.00000
    738      31790.31000
    739      24404.00000
    740      17551.50000
    741       6334.93800
    742      -3173.00000
    743       2648.37500
    744      20291.12000
    745      29106.44000
    746      22269.12000
    747      14080.25000
    748      10894.38000
    749       2621.06200
    750     -10153.00000
    751     -10945.69000
    752       2582.37500
    753      11892.50000
    754       7254.00000
    755       -427.62500
    756      -1048.68800
    757       1628.75000
    758       -151.68750
    759      -7915.31200
    760     -15467.25000
    761     -11821.50000
    762       9262.37500
    763      39002.00000
    764      58422.88000
    765      56670.88000
    766      41068.31000
    767      25138.06000
    768       9794.75000
    769     -14633.62000
    770     -46110.25000
    771     -63011.44000
    772     -48593.50000
    773     -15759.12000
    774       5542.93800
    775       5887.81200
    776       8803.43800
    777      35988.25000
    778      69653.19000
    779      69946.44000
    780      29858.19000
    781     -12508.31000
    782     -24784.25000
    783     -18340.56000
    784     -20599.81000
    785     -32529.38000
    786     -34999.81000
    787     -22446.81000
    788      -8676.62500
    789      -5594.93800
    790     -10932.50000
    791     -12825.94000
    792       -518.93750
    793      21966.50000
    794      32437.69000
    795      12988.19000
    796     -25508.69000
    797     -54024.06000
    798     -55342.12000
    799     -32727.50000
    800        -23.62500
    801      24391.69000
    802      26241.56000
    803      10136.75000
    804      -4498.43800
    805      -7816.81200
    806      -7019.87500
    807      -7050.87500
    808      -1836.25000
    809       9253.18800
    810      14671.25000
    811       9053.68800
    812       1493.93800
    813      -2893.18800
    814     -10955.56000
    815     -22974.12000
    816     -26918.31000
    817     -19492.75000
    818     -11563.38000
    819      -7658.87500
    820      -3530.81200
    821      -5595.50000
    822     -26423.75000
    823     -58885.00000
    824     -79345.56000
    825     -76262.19000
    826     -55273.69000
    827     -24480.81000
    828       2399.81200
    829       1827.25000
    830     -31410.31000
    831     -63562.62000
    832     -58337.00000
    833     -23613.88000
    834       3197.68800
    835       3996.31200
    836      -9160.37500
    837     -19196.81000
    838     -18861.56000
    839      -9416.50000
    840        -45.87500
    841      -1820.12500
    842     -13700.75000
    843     -22730.25000
    844     -23957.31000
    845     -27883.75000
    846     -38909.12000
    847     -42030.31000
    848     -25923.88000
    849      -3555.06200
    850       6483.87500
    851        937.50000
    852     -17278.38000
    853     -41523.94000
    854     -47840.75000
    855     -16749.06000
    856      26439.12000
    857      34890.31000
    858       3480.12500
    859     -31889.38000
    860     -48655.75000
    861     -51321.88000
    862     -44415.38000
    863     -29229.19000
    864     -17310.88000
    865     -19827.06000
    866     -30143.00000
    867     -33139.19000
    868     -27608.88000
    869     -27760.88000
    870     -40455.38000
    871     -50450.94000
    872     -39979.44000
    873     -16385.56000
    874      -2673.75000
    875      -5593.93800
    876     -13158.44000
    877     -17588.25000
    878     -19437.44000
    879     -16415.19000
    880      -7225.00000
    881       1949.75000
    882       7877.31200
    883      12313.06000
    884       5001.31200
    885     -29244.12000
    886     -74052.88000
    887     -84880.06000
    888     -50019.19000
    889     -16395.25000
    890     -27866.25000
    891     -65684.12000
    892     -79101.19000
    893     -52046.00000
    894      -9711.87500
    895      22220.44000
    896      34541.38000
    897      23270.56000
    898      -7957.56200
    899     -37903.62000
    900     -44635.81000
    901     -32695.44000
    902     -24930.12000
    903     -29668.69000
    904     -36298.81000
    905     -40695.88000
    906     -51284.38000
    907     -68650.00000
    908     -81595.44000
    909     -84662.62000
    910     -79569.94000
    911     -63683.06000
    912     -38590.12000
    913     -21745.06000
    914     -25127.81000
    915     -31474.44000
    916     -15528.50000
    917      19636.56000
    918      45735.25000
    919      40569.25000
    920       6435.50000
    921     -32618.94000
    922     -49474.94000
    923     -39499.94000
    924     -22332.81000
    925     -11688.75000
    926       1425.25000
    927      26048.19000
    928      50676.62000
    929      57955.31000
    930      47156.25000
    931      31523.38000
    932      19825.81000
    933       7843.81200
    934     -11857.69000
    935     -35897.06000
    936     -51238.62000
    937     -49022.88000
    938     -32100.94000
    939     -11590.06000
    940        113.12500
    941      -1537.75000
    942      -9040.31200
    943     -14126.75000
    944     -18331.88000
    945     -23300.88000
    946     -20954.75000
    947      -5995.00000
    948      11755.31000
    949      18122.00000
    950       9354.93800
    951      -7453.31200
    952     -19870.19000
    953     -16716.69000
    954       1503.87500
    955      19049.94000
    956      18334.69000
    957      -1245.37500
    958     -19988.94000
    959     -19122.44000
    960      -5160.56200
    961       -395.87500
    962      -7224.31200
    963      -4370.18800
    964      14862.88000
    965      28000.38000
    966      18274.62000
    967       -147.43750
    968      -2541.00000
    969      18025.19000
    970      46356.94000
    971      57341.44000
    972      35942.69000
    973      -6027.68800
    974     -38675.19000
    975     -44087.62000
    976     -31080.06000
    977     -20034.19000
    978     -20416.75000
    979     -23924.50000
    980     -17007.69000
    981        614.75000
    982      13007.31000
    983       6156.68800
    984     -15050.12000
    985     -30901.56000
    986     -26983.25000
    987     -10596.50000
    988      -4605.31200
    989     -19358.00000
    990     -37295.94000
    991     -36820.69000
    992     -21430.25000
    993      -9454.87500
    994      -6946.75000
    995      -8448.81200
    996     -10303.62000
    997      -7162.87500
    998       6387.18800
    999      17210.25000
   1000        -97.37500
   1001     -44536.31000
   1002     -80823.25000
   1003     -82366.94000
   1004     -59757.75000
   1005     -38999.88000
   1006     -32266.88000
   1007     -34021.12000
   1008     -29020.94000
   1009      -6180.00000
   1010      24189.88000
   1011      37815.88000
   1012      29084.12000
   1013      16580.69000
   1014       9057.25000
   1015      -6083.43800
   1016     -30766.31000
   1017     -43467.62000
   1018     -32390.19000
   1019     -15274.44000
   1020     -12382.31000
   1021     -18796.44000
   1022     -16384.38000
   1023      -3088.50000
   1024       2663.12500
   1025     -11147.19000
   1026     -29863.25000
   1027     -33415.06000
   1028     -28226.62000
   1029     -32633.44000
   1030     -39801.25000
   1031     -29857.06000
   1032     -11646.31000
   1033     -12158.69000
   1034     -28536.56000
   1035     -30190.50000
   1036      -8572.68800
   1037       9314.81200
   1038       1841.68800
   1039     -18082.69000
   1040     -24008.62000
   1041     -11461.38000
   1042       1343.93800
   1043       2310.12500
   1044      -2680.93800
   1045      -6817.62500
   1046      -9450.68800
   1047      -3593.50000
   1048      17894.12000
   1049      40813.00000
   1050      41923.12000
   1051      23240.00000
   1052       5580.56200
   1053      -6529.68800
   1054     -22076.50000
   1055     -35443.12000
   1056     -35079.81000
   1057     -30504.50000
   1058     -38800.81000
   1059     -55424.25000
   1060     -64929.69000
   1061     -65849.56000
   1062     -62985.44000
   1063     -53199.31000
   1064     -37552.56000
   1065     -28837.38000
   1066     -33537.50000
   1067     -42433.62000
   1068     -44452.06000
   1069     -35586.62000
   1070     -17224.81000
   1071        595.87500
   1072       3733.37500
   1073      -6885.06200
   1074     -14262.88000
   1075     -11402.88000
   1076     -10134.75000
   1077     -18128.75000
   1078     -26470.19000
   1079     -25149.19000
   1080     -15614.94000
   1081      -6489.68800
   1082      -6290.25000
   1083     -15890.19000
   1084     -24949.06000
   1085     -25174.25000
   1086     -23456.19000
   1087     -28800.25000
   1088     -36696.38000
   1089     -40824.38000
   1090     -43795.19000
   1091     -45571.94000
   1092     -42107.12000
   1093     -37814.88000
   1094     -35140.56000
   1095     -21861.44000
   1096       3181.31200
   1097      14222.25000
   1098      -2072.18800
   1099     -22450.12000
   1100     -29103.94000
   1101     -37210.31000
   1102     -56888.69000
   1103     -68650.12000
   1104     -58518.88000
   1105     -42578.50000
   1106     -40568.00000
   1107     -52275.62000
   1108     -67660.69000
   1109     -77791.06000
   1110     -72341.31000
   1111     -46171.38000
   1112     -12653.62000
   1113       4862.25000
   1114        -49.12500
   1115      -8918.68800
   1116      -3105.50000
   1117      10781.00000
   1118       9008.50000
   1119     -15314.38000
   1120     -35942.62000
   1121     -23718.81000
   1122      10691.25000
   1123      25197.00000
   1124       1957.00000
   1125     -29853.06000
   1126     -37839.31000
   1127     -28218.06000
   1128     -28019.94000
   1129     -44098.62000
   1130     -56605.56000
   1131     -44874.06000
   1132     -11175.56000
   1133      19105.88000
   1134      22079.62000
   1135       2153.62500
   1136     -13548.44000
   1137     -10521.81000
   1138      -2807.37500
   1139      -7200.12500
   1140     -19252.31000
   1141     -27647.94000
   1142     -34168.12000
   1143     -41997.81000
   1144     -41018.81000
   1145     -24418.50000
   1146      -6203.62500
   1147      -3030.25000
   1148      -9627.87500
   1149      -8715.25000
   1150       2468.25000
   1151       9159.12500
   1152       -492.75000
   1153     -21954.56000
   1154     -42238.94000
   1155     -54413.38000
   1156     -59152.56000
   1157     -57303.12000
   1158     -49478.88000
   1159     -39596.00000
   1160     -29115.44000
   1161     -12578.12000
   1162       9268.00000
   1163      19688.38000
   1164       7690.25000
   1165      -6851.37500
   1166       3330.62500
   1167      25630.50000
   1168      18139.88000
   1169     -26337.31000
   1170     -65470.38000
   1171     -68580.38000
   1172     -51529.56000
   1173     -36565.12000
   1174     -19757.62000
   1175       5170.37500
   1176      26370.12000
   1177      29605.75000
   1178      10575.25000
   1179     -25542.94000
   1180     -58071.38000
   1181     -59430.06000
   1182     -27384.62000
   1183       8938.62500
   1184      25462.00000
   1185      24364.12000
   1186      14398.62000
   1187      -5245.00000
   1188     -32040.25000
   1189     -49846.88000
   1190     -46940.81000
   1191     -38601.50000
   1192     -53156.94000
   1193     -89662.69000
   1194    -110242.70000
   1195     -89191.81000
   1196     -48494.81000
   1197     -24329.38000
   1198     -18196.50000
   1199      -4726.87500
   1200      23664.12000
   1201      41881.38000
   1202      25879.25000
   1203     -10102.38000
   1204     -28312.75000
   1205     -21504.12000
   1206     -21496.75000
   1207     -40987.75000
   1208     -49307.62000
   1209     -29578.88000
   1210     -12319.38000
   1211     -22654.25000
   1212     -40474.62000
   1213     -39794.31000
   1214     -25569.50000
   1215     -13195.50000
   1216     -10018.50000
   1217     -24359.25000
   1218     -56300.75000
   1219     -80803.25000
   1220     -74463.00000
   1221     -52823.50000
   1222     -48809.94000
   1223     -63242.75000
   1224     -67858.06000
   1225     -50886.50000
   1226     -32279.88000
   1227     -34707.50000
   1228     -57175.75000
   1229     -77344.62000
   1230     -73610.19000
   1231     -48266.06000
   1232     -27079.50000
   1233     -29275.88000
   1234     -46003.19000
   1235     -57035.94000
