      1      26575.38000
      2       1423.56200
      3     -43848.06000
      4     -74072.33000
      5     -71795.20000
      6     -46553.84000
      7     -14205.11000
      8       5878.04700
      9      -2516.09400
     10     -28881.25000
     11     -43651.55000
     12     -33499.17000
     13      -6525.03100
     14      22803.25000
     15      33968.02000
     16      15186.64000
     17      -8730.12500
     18       -428.34380
     19      34496.62000
     20      54790.84000
     21      39366.38000
     22       3052.37500
     23     -26998.73000
     24     -29910.70000
     25      -7640.60900
     26      12430.78000
     27      12811.84000
     28       7067.89100
     29       5624.15600
     30      -2211.31200
     31     -12382.44000
     32      -1389.85900
     33      25820.55000
     34      36174.03000
     35      24961.42000
     36      19354.31000
     37      25551.14000
     38      22493.72000
     39       3726.90600
     40     -14733.12000
     41     -19624.53000
     42      -9309.18800
     43       6883.39100
     44       9026.75000
     45     -10221.81000
     46     -26496.31000
     47     -16912.50000
     48       2046.25000
     49       2712.78100
     50      -8720.07800
     51     -10641.70000
     52      -7179.67200
     53     -16689.09000
     54     -35942.66000
     55     -43042.16000
     56     -28277.96000
     57      -6422.61700
     58       1488.87500
     59      -5367.71900
     60      -6904.14100
     61       6673.77300
     62      17393.66000
     63       7408.65600
     64     -12961.86000
     65     -23186.55000
     66     -21828.30000
     67     -21931.37000
     68     -31056.48000
     69     -45471.45000
     70     -52787.28000
     71     -40802.54000
     72     -15149.60000
     73       1309.78100
     74      -1391.87500
     75      -7081.00800
     76      -3205.03900
     77       -759.74220
     78      -8159.31200
     79     -10966.47000
     80       2516.87500
     81      19033.80000
     82      23143.85000
     83      19995.91000
     84      19348.72000
     85      19242.27000
     86      18253.71000
     87      21375.01000
     88      24485.55000
     89      15796.83000
     90      -3214.68800
     91     -20616.60000
     92     -35509.29000
     93     -52833.88000
     94     -63613.83000
     95     -54534.92000
     96     -29072.01000
     97        -97.30469
     98      25859.39000
     99      42386.58000
    100      40205.65000
    101      24298.68000
    102      14811.59000
    103      19029.05000
    104      20254.80000
    105       3895.78100
    106     -22128.40000
    107     -41304.93000
    108     -48512.85000
    109     -46354.56000
    110     -32936.30000
    111      -7107.28900
    112      19380.65000
    113      29913.70000
    114      23565.00000
    115      14026.61000
    116       7792.28900
    117      -1466.00800
    118     -15705.16000
    119     -26414.22000
    120     -29915.69000
    121     -33628.90000
    122     -41674.34000
    123     -46243.98000
    124     -39202.61000
    125     -23125.02000
    126      -6314.52300
    127       5687.49200
    128       9900.30500
    129       4068.78100
    130      -9938.89100
    131     -23907.18000
    132     -27525.29000
    133     -17768.96000
    134      -6758.37500
    135     -12921.22000
    136     -33677.40000
    137     -38120.21000
    138      -8614.75000
    139      22976.20000
    140      13824.05000
    141     -24000.99000
    142     -38423.62000
    143     -16478.22000
    144      -1237.53100
    145     -21022.81000
    146     -47500.23000
    147     -45338.95000
    148     -26483.59000
    149     -24946.06000
    150     -40267.48000
    151     -40604.23000
    152     -15314.48000
    153       8187.41400
    154       5968.50000
    155     -11925.86000
    156     -25873.41000
    157     -35188.84000
    158     -42641.07000
    159     -35598.33000
    160      -9374.25000
    161      10455.09000
    162      -1862.85200
    163     -33431.70000
    164     -49241.33000
    165     -37932.45000
    166     -19165.05000
    167     -10845.13000
    168      -8587.29700
    169        -53.48438
    170      13714.94000
    171      19993.82000
    172      11101.01000
    173      -9020.78100
    174     -30743.47000
    175     -44339.70000
    176     -44862.79000
    177     -36992.74000
    178     -29275.02000
    179     -23577.53000
    180     -17431.50000
    181     -11623.60000
    182      -6881.18000
    183      -1022.10200
    184       5471.70300
    185       9677.76600
    186       9602.72700
    187       -336.49220
    188     -24595.47000
    189     -49553.75000
    190     -52205.69000
    191     -31909.70000
    192      -9983.08600
    193       2020.66400
    194       8452.53100
    195       9895.03100
    196       2491.43000
    197     -10085.49000
    198     -20935.57000
    199     -27318.47000
    200     -27272.89000
    201     -20707.52000
    202     -13270.02000
    203      -7570.52300
    204        902.14060
    205       8241.01600
    206      -2042.60200
    207     -32651.90000
    208     -58241.20000
    209     -55431.81000
    210     -33822.31000
    211     -18142.84000
    212     -11671.88000
    213      -1585.81200
    214       7783.04700
    215      -3043.11700
    216     -32001.34000
    217     -48686.03000
    218     -33019.78000
    219      -1230.08600
    220      14519.55000
    221       -134.00000
    222     -32195.38000
    223     -55770.10000
    224     -55071.61000
    225     -39297.08000
    226     -31235.09000
    227     -37149.48000
    228     -38390.54000
    229     -21712.66000
    230      -3522.20300
    231      -7721.18000
    232     -31608.71000
    233     -52503.38000
    234     -57685.97000
    235     -48710.73000
    236     -27976.85000
    237      -1347.28100
    238      15145.45000
    239       8668.58600
    240     -16380.46000
    241     -44378.03000
    242     -59583.54000
    243     -53774.87000
    244     -36168.61000
    245     -27507.50000
    246     -30438.67000
    247     -23734.60000
    248       -327.74220
    249      17564.83000
    250      18000.84000
    251      17465.98000
    252      21612.09000
    253      10898.41000
    254     -16964.58000
    255     -35415.20000
    256     -34548.95000
    257     -34188.09000
    258     -43046.73000
    259     -47228.23000
    260     -42325.79000
    261     -39917.84000
    262     -42414.73000
    263     -40246.38000
    264     -32361.18000
    265     -31304.23000
    266     -45667.84000
    267     -61843.59000
    268     -51911.88000
    269     -12272.31000
    270      17792.64000
    271       3507.62500
    272     -32894.55000
    273     -42622.51000
    274     -19600.50000
    275       1003.39100
    276       3097.21100
    277       6676.50000
    278      25401.98000
    279      41157.44000
    280      30985.27000
    281        671.49220
    282     -22772.96000
    283     -26897.38000
    284     -27142.79000
    285     -38836.27000
    286     -51122.76000
    287     -44397.84000
    288     -23677.48000
    289     -14058.63000
    290     -25312.59000
    291     -40121.45000
    292     -39554.38000
    293     -25265.96000
    294     -11396.95000
    295      -5198.93800
    296      -3344.32800
    297      -4195.32000
    298     -14352.27000
    299     -36840.08000
    300     -59710.38000
    301     -68434.67000
    302     -64716.16000
    303     -58106.03000
    304     -47064.33000
    305     -27001.91000
    306      -5996.08600
    307       8758.32800
    308      25777.84000
    309      47650.88000
    310      53055.40000
    311      25870.41000
    312     -14224.71000
    313     -33844.13000
    314     -25136.80000
    315      -5812.32800
    316       5527.37500
    317       1687.97700
    318     -11288.48000
    319     -16107.41000
    320      -1451.82800
    321      21224.91000
    322      32694.04000
    323      31830.12000
    324      26770.91000
    325      12595.05000
    326     -13932.12000
    327     -32003.05000
    328     -23061.54000
    329      -5228.62500
    330      -6513.30500
    331     -20298.73000
    332     -22714.62000
    333     -15509.98000
    334     -17489.20000
    335     -30521.02000
    336     -42863.01000
    337     -50023.81000
    338     -51834.09000
    339     -44354.10000
    340     -27490.12000
    341      -9476.04700
    342        118.55470
    343      -4070.33600
    344     -18012.98000
    345     -26037.31000
    346     -15492.02000
    347       8304.99200
    348      31937.31000
    349      48165.23000
    350      51557.55000
    351      37987.79000
    352      13958.70000
    353     -11966.41000
    354     -41316.83000
    355     -68670.95000
    356     -71289.80000
    357     -41405.52000
    358      -6159.78900
    359       6054.38300
    360      -5376.67200
    361     -28990.84000
    362     -54286.80000
    363     -62142.82000
    364     -36378.55000
    365       6664.57800
    366      27036.41000
    367       7589.07000
    368     -27232.85000
    369     -43375.84000
    370     -32545.52000
    371     -10428.38000
    372       6647.53900
    373      12248.80000
    374       4989.56200
    375     -13907.52000
    376     -36756.45000
    377     -49698.47000
    378     -41924.14000
    379     -15830.81000
    380      13367.95000
    381      28581.68000
    382      19834.78000
    383      -9902.27300
    384     -38991.29000
    385     -40078.94000
    386     -14143.77000
    387       6468.49200
    388       4118.38300
    389      -4041.00800
    390      -6452.43800
    391     -16335.36000
    392     -32858.38000
    393     -30766.59000
    394      -8264.48800
    395        930.30860
    396     -18623.80000
    397     -39366.39000
    398     -36071.81000
    399     -21895.99000
    400     -24687.32000
    401     -51192.49000
    402     -85312.45000
    403    -105045.50000
    404     -94619.80000
    405     -54567.70000
    406      -5944.56200
    407      24458.96000
    408      26694.00000
    409      11663.36000
    410      -3481.91800
    411      -9929.90600
    412     -11293.24000
    413     -13926.10000
    414     -12688.68000
    415       3202.51600
    416      27344.69000
    417      39485.29000
    418      37495.15000
    419      40821.03000
    420      54140.26000
    421      55377.18000
    422      32142.10000
    423       6099.67200
    424       6676.74600
    425      34887.48000
    426      65390.37000
    427      76416.59000
    428      67095.16000
    429      49745.77000
    430      37032.04000
    431      37033.67000
    432      47610.43000
    433      52576.51000
    434      36870.08000
    435       8542.78500
    436      -8134.35900
    437      -2998.22300
    438      12264.81000
    439      25184.73000
    440      33046.06000
    441      34093.13000
    442      26962.18000
    443      16385.22000
    444       5977.10500
    445      -6203.44100
    446     -15021.05000
    447      -6944.92600
    448      17937.50000
    449      39463.76000
    450      40826.49000
    451      25499.66000
    452       9300.14500
    453       5194.81200
    454      13655.57000
    455      23323.08000
    456      24204.62000
    457      16252.86000
    458       3379.43000
    459      -9528.84000
    460     -14840.89000
    461     -11527.50000
    462      -9446.67600
    463     -11431.07000
    464      -7714.46900
    465       1853.10500
    466       4592.05500
    467       1359.06600
    468       6561.92200
    469      18018.50000
    470      17882.04000
    471       6598.02300
    472       7676.72300
    473      33273.04000
    474      66352.96000
    475      83135.25000
    476      79782.70000
    477      70032.62000
    478      64042.29000
    479      58559.99000
    480      46678.35000
    481      30127.45000
    482      17719.99000
    483      14475.04000
    484      17259.58000
    485      22252.46000
    486      33386.01000
    487      58283.58000
    488      94010.09000
    489     121133.40000
    490     122616.80000
    491     110375.30000
    492     115815.20000
    493     147039.40000
    494     179006.20000
    495     196873.90000
    496     216515.50000
    497     249181.20000
    498     282524.70000
    499     307929.50000
    500     329978.90000
    501     348917.70000
    502     369534.00000
    503     413221.80000
    504     486656.10000
    505     562064.80000
    506     616804.10000
    507     660264.10000
    508     704465.60000
    509     746742.80000
    510     789025.90000
    511     834380.70000
    512     865058.10000
    513     862610.80000
    514     841851.20000
    515     829223.10000
    516     818908.90000
    517     786721.00000
    518     740591.10000
    519     718632.80000
    520     731351.60000
    521     739616.60000
    522     707872.20000
    523     652118.10000
    524     612141.80000
    525     598499.40000
    526     592851.20000
    527     583090.00000
    528     573391.40000
    529     569708.80000
    530     570069.80000
    531     565423.40000
    532     549733.00000
    533     533087.80000
    534     534203.60000
    535     555673.90000
    536     582817.90000
    537     608296.60000
    538     639073.20000
    539     677978.80000
    540     715683.10000
    541     742792.20000
    542     760913.10000
    543     783590.70000
    544     829341.10000
    545     909647.80000
    546    1017849.00000
    547    1128671.00000
    548    1216414.00000
    549    1282302.00000
    550    1355903.00000
    551    1459067.00000
    552    1587527.00000
    553    1742882.00000
    554    1954475.00000
    555    2248448.00000
    556    2627745.00000
    557    3099457.00000
    558    3675662.00000
    559    4309504.00000
    560    4853970.00000
    561    5122085.00000
    562    5002204.00000
    563    4526026.00000
    564    3838866.00000
    565    3108819.00000
    566    2454081.00000
    567    1928069.00000
    568    1534319.00000
    569    1244432.00000
    570    1024214.00000
    571     858115.80000
    572     742754.90000
    573     662747.30000
    574     593064.90000
    575     525079.60000
    576     470205.40000
    577     432888.20000
    578     400672.80000
    579     369646.60000
    580     354899.00000
    581     356617.00000
    582     342228.30000
    583     290923.20000
    584     231029.70000
    585     199642.70000
    586     190646.40000
    587     178986.70000
    588     167388.80000
    589     169103.40000
    590     172712.80000
    591     163350.40000
    592     152356.00000
    593     152996.50000
    594     154302.70000
    595     144422.70000
    596     131060.20000
    597     120256.50000
    598     104205.70000
    599      82144.30000
    600      64934.41000
    601      52569.50000
    602      33392.24000
    603       8351.90800
    604      -6197.55700
    605        349.21880
    606      24169.36000
    607      52615.15000
    608      67372.72000
    609      56702.37000
    610      35983.11000
    611      37004.19000
    612      66076.02000
    613      95323.89000
    614     102881.80000
    615      93574.55000
    616      75086.92000
    617      47249.55000
    618      20511.55000
    619      13079.36000
    620      24781.78000
    621      37020.82000
    622      37737.70000
    623      31686.81000
    624      31668.22000
    625      45232.70000
    626      62369.29000
    627      61520.16000
    628      37159.56000
    629       8526.60700
    630      -7498.42200
    631     -13731.67000
    632     -16200.96000
    633     -11622.98000
    634       2320.65800
    635      21767.73000
    636      42667.57000
    637      56104.66000
    638      44696.30000
    639       5862.83000
    640     -28844.32000
    641     -26301.82000
    642        615.47660
    643      10767.84000
    644      -2236.50000
    645      -3005.66600
    646      25925.03000
    647      55711.62000
    648      52376.04000
    649      16624.05000
    650     -25777.06000
    651     -52102.74000
    652     -55926.27000
    653     -45948.85000
    654     -35816.19000
    655     -32798.96000
    656     -37393.39000
    657     -48690.43000
    658     -62682.43000
    659     -69603.34000
    660     -61061.85000
    661     -39012.06000
    662     -14892.72000
    663       -546.06640
    664       1501.83700
    665        282.33400
    666       6293.42400
    667      17981.72000
    668      22364.46000
    669      10686.35000
    670     -10636.27000
    671     -27190.06000
    672     -30972.17000
    673     -24704.00000
    674     -15888.51000
    675     -10880.88000
    676     -11290.67000
    677     -11928.41000
    678      -7031.17400
    679      -1286.94200
    680      -5448.10300
    681     -17701.92000
    682     -23789.38000
    683     -20633.08000
    684     -19751.91000
    685     -20446.52000
    686      -6060.68500
    687      22453.05000
    688      39302.17000
    689      32616.34000
    690      18287.90000
    691       5171.64300
    692     -16700.00000
    693     -43042.77000
    694     -48723.38000
    695     -25718.21000
    696       3290.74000
    697      15098.42000
    698       7446.93600
    699      -7354.36400
    700     -15358.24000
    701     -14873.28000
    702     -19825.20000
    703     -35754.42000
    704     -42645.44000
    705     -23218.52000
    706       7463.12900
    707      23084.75000
    708      17528.17000
    709       -378.30270
    710     -19060.70000
    711     -22904.43000
    712      -7187.66800
    713       5580.26600
    714      -5219.23700
    715     -22687.62000
    716     -21106.99000
    717     -14597.17000
    718     -34007.72000
    719     -66857.61000
    720     -66735.57000
    721     -22057.01000
    722      23740.55000
    723      27944.37000
    724      -2987.64500
    725     -28311.90000
    726     -19411.11000
    727      13125.92000
    728      31472.78000
    729      13365.73000
    730     -17505.30000
    731     -20360.26000
    732       6198.42200
    733      23975.84000
    734       9844.19700
    735     -22849.92000
    736     -55300.01000
    737     -79177.81000
    738     -83631.91000
    739     -60846.63000
    740     -23887.84000
    741       5445.73700
    742      21242.19000
    743      31018.17000
    744      38379.38000
    745      38101.50000
    746      24255.56000
    747       2926.95500
    748      -6623.89200
    749       4346.37100
    750      17886.52000
    751      14960.24000
    752       1118.87600
    753     -12715.28000
    754     -29284.89000
    755     -44058.37000
    756     -37313.20000
    757      -8027.84300
    758      13948.98000
    759       4894.86900
    760     -27225.23000
    761     -58218.62000
    762     -68796.67000
    763     -53821.36000
    764     -26066.16000
    765      -5269.30300
    766       3375.31800
    767       9410.33100
    768      14220.72000
    769       4114.30900
    770     -26449.21000
    771     -57259.56000
    772     -62550.39000
    773     -45555.02000
    774     -35290.88000
    775     -44755.12000
    776     -54014.43000
    777     -45596.61000
    778     -30719.80000
    779     -23387.35000
    780     -16168.71000
    781      -3088.62100
    782       1775.04800
    783      -9171.81400
    784     -19519.22000
    785     -17672.52000
    786     -15761.31000
    787     -25175.20000
    788     -39930.11000
    789     -51831.08000
    790     -58259.93000
    791     -56583.77000
    792     -51183.57000
    793     -54109.61000
    794     -62627.85000
    795     -56589.35000
    796     -30647.59000
    797      -5611.82600
    798       1182.29600
    799      -4422.42600
    800      -7694.63300
    801      -3760.04200
    802        -68.80762
    803      -5818.18600
    804     -19024.22000
    805     -26664.21000
    806     -19829.60000
    807      -4218.82400
    808       4362.31300
    809      -6474.12700
    810     -29890.72000
    811     -40561.57000
    812     -24652.33000
    813      -2414.87800
    814      -2848.49000
    815     -25073.42000
    816     -43399.17000
    817     -41128.25000
    818     -23105.49000
    819      -3356.39500
    820       6823.58800
    821       3912.80300
    822      -5687.76400
    823      -9454.10900
    824       -638.98830
    825      11419.05000
    826       7630.03700
    827     -19147.00000
    828     -51699.95000
    829     -62936.79000
    830     -41790.15000
    831      -4388.27700
    832      19391.25000
    833      14476.48000
    834      -3765.77100
    835     -10005.65000
    836      -1709.37100
    837       4086.77000
    838       2068.04700
    839       3800.31100
    840      12293.84000
    841      15924.87000
    842      10256.38000
    843       5101.82800
    844       7134.63700
    845      11516.01000
    846      11823.82000
    847       6481.17400
    848      -3350.23400
    849     -14436.04000
    850     -21915.62000
    851     -23326.63000
    852     -21809.62000
    853     -24331.88000
    854     -33698.10000
    855     -40935.18000
    856     -34786.79000
    857     -20329.68000
    858     -11208.25000
    859      -3343.12700
    860      17916.26000
    861      44728.40000
    862      51590.13000
    863      32414.30000
    864       5452.98200
    865     -13807.96000
    866     -23752.74000
    867     -29594.43000
    868     -37438.67000
    869     -45708.64000
    870     -44235.34000
    871     -32944.96000
    872     -27963.87000
    873     -36113.02000
    874     -42317.62000
    875     -33840.83000
    876     -18448.87000
    877     -10894.37000
    878     -15374.22000
    879     -25152.42000
    880     -32127.46000
    881     -34855.20000
    882     -34949.51000
    883     -27362.78000
    884      -7534.37700
    885      11288.99000
    886       7625.49200
    887     -17005.29000
    888     -35268.44000
    889     -27004.66000
    890      -1403.05300
    891      15892.55000
    892       9677.55300
    893     -11090.95000
    894     -23518.89000
    895     -15649.44000
    896       1638.88500
    897       9659.38100
    898       2619.59400
    899     -10753.02000
    900     -19414.09000
    901     -18631.46000
    902     -10689.57000
    903      -1732.21900
    904       1398.65200
    905      -6832.66400
    906     -27284.57000
    907     -51253.80000
    908     -62521.09000
    909     -49862.16000
    910     -17848.54000
    911      15083.95000
    912      28379.43000
    913      12388.50000
    914     -24218.21000
    915     -58558.13000
    916     -68125.87000
    917     -47240.62000
    918     -15849.98000
    919      -7291.08200
    920     -33155.80000
    921     -62904.35000
    922     -57880.37000
    923     -22876.30000
    924       1418.23000
    925      -5095.71100
    926     -22002.79000
    927     -24577.29000
    928     -11396.14000
    929       4400.92200
    930       8544.21500
    931      -6368.36700
    932     -28707.75000
    933     -32852.98000
    934     -10049.25000
    935      19734.51000
    936      35427.21000
    937      35794.74000
    938      26797.64000
    939       8605.54300
    940     -18921.22000
    941     -50090.54000
    942     -70801.33000
    943     -61086.88000
    944     -18486.60000
    945      21801.14000
    946      19397.74000
    947     -18418.80000
    948     -47018.48000
    949     -43226.16000
    950     -22857.39000
    951      -6426.66400
    952       2337.80100
    953       6718.41000
    954       6363.53100
    955      -2142.44100
    956     -17976.98000
    957     -29090.25000
    958     -20990.67000
    959       2924.00000
    960      23106.00000
    961      29232.70000
    962      27158.25000
    963      19286.83000
    964       -144.32810
    965     -26191.97000
    966     -40995.60000
    967     -36453.29000
    968     -22167.34000
    969      -6947.87500
    970      11492.65000
    971      35228.74000
    972      56355.35000
    973      59336.77000
    974      30812.50000
    975     -22371.30000
    976     -65029.99000
    977     -63737.57000
    978     -26489.42000
    979       6641.32800
    980       8071.54300
    981     -18503.16000
    982     -51685.99000
    983     -68620.14000
    984     -61221.61000
    985     -45893.75000
    986     -45102.02000
    987     -58949.15000
    988     -67053.70000
    989     -53630.97000
    990     -21364.24000
    991      14186.84000
    992      38621.23000
    993      46935.17000
    994      38631.28000
    995      14918.07000
    996     -11977.84000
    997     -22863.68000
    998     -14897.82000
    999      -2401.25000
   1000       9457.42200
   1001      27565.13000
   1002      46358.71000
   1003      47554.33000
   1004      27561.36000
   1005       5062.91800
   1006       -936.37890
   1007       9881.08200
   1008      21419.43000
   1009      18242.50000
   1010       2666.09400
   1011      -7230.16400
   1012      -2658.91400
   1013       -267.34380
   1014     -18303.69000
   1015     -42552.99000
   1016     -42354.63000
   1017     -19899.98000
   1018      -9022.69500
   1019     -20020.59000
   1020     -25089.77000
   1021      -6723.82000
   1022      17060.68000
   1023      22358.52000
   1024       4426.56600
   1025     -25302.57000
   1026     -44797.86000
   1027     -35398.28000
   1028      -6958.42200
   1029       8064.40600
   1030      -3222.10200
   1031     -19146.71000
   1032     -20577.94000
   1033     -18801.17000
   1034     -29503.47000
   1035     -38966.16000
   1036     -24063.09000
   1037       3019.11700
   1038       4584.26600
   1039     -26954.41000
   1040     -58291.83000
   1041     -65342.07000
   1042     -58518.61000
   1043     -50441.39000
   1044     -33100.16000
   1045      -2643.53500
   1046      17357.96000
   1047       -812.89840
   1048     -47752.28000
   1049     -77849.56000
   1050     -60596.21000
   1051     -17133.84000
   1052       8151.37900
   1053       -488.83590
   1054     -21854.33000
   1055     -28766.42000
   1056     -13740.49000
   1057       7494.16400
   1058      13511.16000
   1059       2929.33200
   1060      -5180.97300
   1061       -262.86330
   1062       8330.62900
   1063      11809.38000
   1064       9841.91800
   1065      -1816.98400
   1066     -24612.68000
   1067     -41298.93000
   1068     -34861.54000
   1069     -17655.40000
   1070     -14104.00000
   1071     -22137.03000
   1072     -18360.10000
   1073       5332.93000
   1074      34165.66000
   1075      53095.50000
   1076      57811.43000
   1077      49185.12000
   1078      32018.70000
   1079      14531.28000
   1080        948.07810
   1081      -9208.45300
   1082     -13913.43000
   1083     -11084.82000
   1084      -6732.48400
   1085      -9033.10900
   1086     -15271.21000
   1087     -12658.09000
   1088       7604.40600
   1089      36534.31000
   1090      48539.74000
   1091      26824.34000
   1092     -12260.71000
   1093     -37932.23000
   1094     -44413.72000
   1095     -45843.44000
   1096     -42168.16000
   1097     -26310.02000
   1098     -12566.98000
   1099     -16052.41000
   1100     -19320.66000
   1101       -509.42190
   1102      25600.51000
   1103      33095.59000
   1104      26326.95000
   1105      22196.88000
   1106      18992.58000
   1107       9002.56200
   1108      -4755.86700
   1109     -19854.07000
   1110     -36816.97000
   1111     -46407.93000
   1112     -38289.87000
   1113     -17971.70000
   1114       1875.12500
   1115      15555.20000
   1116      20505.66000
   1117      16374.26000
   1118      10899.99000
   1119      10283.53000
   1120       8189.54700
   1121      -3322.05500
   1122     -22246.93000
   1123     -42203.23000
   1124     -55251.86000
   1125     -50927.29000
   1126     -28911.65000
   1127      -5614.03100
   1128       4684.64100
   1129       4005.81200
   1130        241.79690
   1131      -1332.10200
   1132       3711.38300
   1133      13930.70000
   1134      20684.29000
   1135      20936.62000
   1136      18572.41000
   1137      11937.87000
   1138        290.42970
   1139      -3405.98400
   1140      10162.80000
   1141      26787.34000
   1142      27688.16000
   1143      14632.49000
   1144       2004.97700
   1145        424.29690
   1146      12571.53000
   1147      28215.59000
   1148      28462.59000
   1149      10021.95000
   1150      -8948.42200
   1151     -18230.74000
   1152     -28543.76000
   1153     -45704.94000
   1154     -54403.11000
   1155     -37029.58000
   1156       4938.68800
   1157      50340.37000
   1158      73440.71000
   1159      64572.75000
   1160      38657.41000
   1161      18430.80000
   1162      11408.34000
   1163       8160.46900
   1164      -1657.76600
   1165     -16962.20000
   1166     -28365.49000
   1167     -31602.54000
   1168     -33521.40000
   1169     -40616.35000
   1170     -45896.73000
   1171     -35471.34000
   1172      -9004.43800
   1173      13575.98000
   1174      15105.55000
   1175       7753.04700
   1176      17696.44000
   1177      42633.84000
   1178      53747.49000
   1179      44327.05000
   1180      37969.67000
   1181      42622.14000
   1182      40141.23000
   1183      26138.01000
   1184      15614.05000
   1185       7656.65600
   1186     -13204.08000
   1187     -43303.76000
   1188     -62968.82000
   1189     -66120.02000
   1190     -59938.66000
   1191     -48222.85000
   1192     -35145.76000
   1193     -28967.46000
   1194     -27897.04000
   1195     -20667.19000
   1196      -9373.30500
   1197      -9254.75800
   1198     -20805.75000
   1199     -27021.05000
   1200     -21197.34000
   1201     -11473.68000
   1202        804.50000
   1203      17842.17000
   1204      26133.27000
   1205      13032.08000
   1206      -4496.32800
   1207       -481.06250
   1208      20328.26000
   1209      33977.30000
   1210      33783.94000
   1211      26658.20000
   1212      12081.21000
   1213      -7575.58600
   1214     -17229.05000
   1215     -12818.52000
   1216     -10553.95000
   1217     -14488.34000
   1218      -4949.33600
   1219      24022.26000
   1220      47851.95000
   1221      46864.48000
   1222      29051.21000
   1223       8458.69500
   1224      -9297.34400
   1225     -15413.48000
   1226      -2601.36700
   1227      14109.27000
   1228       9579.25000
   1229     -11519.03000
   1230     -12231.02000
   1231      26094.05000
   1232      69273.52000
   1233      68385.73000
   1234      25017.31000
   1235     -10828.62000
