      1      15785.93000
      2      -6329.75000
      3     -16854.74000
      4     -21509.55000
      5     -31320.13000
      6     -42892.02000
      7     -42573.27000
      8     -20952.70000
      9      17151.51000
     10      54369.58000
     11      73654.65000
     12      67416.84000
     13      38314.35000
     14       1432.80500
     15     -21258.28000
     16     -23982.27000
     17     -26179.58000
     18     -41962.01000
     19     -55912.55000
     20     -50824.45000
     21     -43628.66000
     22     -65591.75000
     23    -111369.50000
     24    -134138.40000
     25    -101325.50000
     26     -41522.46000
     27     -16124.70000
     28     -43512.51000
     29     -73815.90000
     30     -50945.61000
     31      17129.90000
     32      66227.23000
     33      46910.55000
     34     -21528.85000
     35     -70235.91000
     36     -56175.59000
     37     -11377.60000
     38      -1324.59400
     39     -41186.52000
     40     -79380.67000
     41     -66157.20000
     42     -15711.12000
     43      12768.02000
     44     -11768.79000
     45     -54860.05000
     46     -64615.87000
     47     -40872.26000
     48     -24153.12000
     49     -27964.49000
     50     -28497.67000
     51     -17771.10000
     52     -16106.77000
     53     -29924.45000
     54     -40875.88000
     55     -36353.68000
     56     -20766.48000
     57      -7972.22700
     58     -21463.28000
     59     -73513.71000
     60    -129950.80000
     61    -135688.10000
     62     -88735.37000
     63     -44325.98000
     64     -36893.23000
     65     -46382.65000
     66     -48582.95000
     67     -49492.44000
     68     -57015.68000
     69     -59468.68000
     70     -49213.91000
     71     -42052.09000
     72     -56377.39000
     73     -84943.35000
     74    -102700.50000
     75     -97615.74000
     76     -78019.17000
     77     -51806.66000
     78     -20021.71000
     79       8419.29700
     80      21667.31000
     81      24249.63000
     82      24718.64000
     83      11822.27000
     84     -22033.03000
     85     -46761.52000
     86     -30630.70000
     87       -565.44140
     88     -13791.99000
     89     -69268.52000
     90    -100335.20000
     91     -66388.65000
     92      -7285.44900
     93      13460.38000
     94     -12576.31000
     95     -40199.43000
     96     -34039.36000
     97      -7575.22300
     98       2331.41400
     99     -16854.89000
    100     -46343.63000
    101     -69447.62000
    102     -84613.61000
    103     -82789.03000
    104     -48123.09000
    105       5648.17600
    106      35327.49000
    107      22342.07000
    108      -6447.86700
    109     -24152.23000
    110     -33006.79000
    111     -37156.77000
    112     -27866.20000
    113     -13412.19000
    114     -24019.55000
    115     -64549.23000
    116     -95344.47000
    117     -84987.78000
    118     -54984.77000
    119     -46171.07000
    120     -62903.44000
    121     -74648.17000
    122     -57921.86000
    123     -19575.09000
    124      10085.35000
    125       4101.48800
    126     -28167.32000
    127     -45011.93000
    128     -28840.36000
    129     -17069.23000
    130     -46712.78000
    131     -94698.64000
    132    -112021.20000
    133     -94462.31000
    134     -75802.30000
    135     -66839.30000
    136     -46909.66000
    137     -10134.90000
    138      22387.17000
    139      38638.24000
    140      43701.45000
    141      29422.21000
    142     -17187.85000
    143     -68983.72000
    144     -76558.58000
    145     -43357.38000
    146     -25005.31000
    147     -43410.43000
    148     -63358.29000
    149     -62141.59000
    150     -56944.65000
    151     -57499.45000
    152     -52380.82000
    153     -44010.25000
    154     -46434.36000
    155     -53971.61000
    156     -54336.84000
    157     -60759.14000
    158     -94462.02000
    159    -141834.60000
    160    -155943.10000
    161    -107090.80000
    162     -24544.28000
    163      24243.36000
    164       5397.98400
    165     -45579.75000
    166     -74808.55000
    167     -73217.67000
    168     -65803.03000
    169     -63521.97000
    170     -55366.08000
    171     -33565.45000
    172      -9282.00000
    173      -7229.18200
    174     -39134.30000
    175     -79219.34000
    176     -89027.27000
    177     -70069.08000
    178     -57264.76000
    179     -62076.81000
    180     -64802.61000
    181     -58376.16000
    182     -54963.34000
    183     -56455.58000
    184     -54430.82000
    185     -46354.25000
    186     -28358.43000
    187       4446.58000
    188      32379.90000
    189      17955.29000
    190     -41368.58000
    191     -94451.51000
    192     -91791.56000
    193     -41087.49000
    194      10256.71000
    195      30953.78000
    196      25417.47000
    197      13301.11000
    198      11842.37000
    199      25231.51000
    200      33545.45000
    201      11664.83000
    202     -29015.47000
    203     -47590.64000
    204     -32174.44000
    205     -14569.00000
    206     -21630.61000
    207     -49565.73000
    208     -84044.22000
    209    -109551.10000
    210    -108918.10000
    211     -83343.50000
    212     -56392.80000
    213     -41858.73000
    214     -32151.04000
    215     -24090.84000
    216     -24306.83000
    217     -29158.76000
    218     -29350.87000
    219     -27890.68000
    220     -31028.92000
    221     -35268.29000
    222     -40361.84000
    223     -55710.51000
    224     -81908.26000
    225    -105808.40000
    226    -117982.70000
    227    -115815.00000
    228     -93350.28000
    229     -51444.20000
    230     -10628.88000
    231       8985.56600
    232      10439.08000
    233       5304.76900
    234      -4700.59600
    235     -14604.27000
    236     -11935.32000
    237        199.05470
    238       7070.69000
    239      13066.33000
    240      26628.90000
    241      24502.54000
    242     -13485.46000
    243     -52188.14000
    244     -45501.50000
    245      -9726.30400
    246       4685.77000
    247     -15876.47000
    248     -48432.65000
    249     -68592.01000
    250     -63969.56000
    251     -50309.68000
    252     -67866.55000
    253    -120448.50000
    254    -151711.50000
    255    -126127.40000
    256     -83081.32000
    257     -67896.94000
    258     -67172.43000
    259     -53600.61000
    260     -40156.85000
    261     -52007.90000
    262     -82228.39000
    263    -103580.90000
    264    -101574.70000
    265     -79099.05000
    266     -44072.42000
    267      -9644.90700
    268       3104.79100
    269     -13945.64000
    270     -37051.76000
    271     -39842.00000
    272     -36020.17000
    273     -55807.79000
    274     -86587.28000
    275     -86455.84000
    276     -55401.57000
    277     -38515.25000
    278     -52495.24000
    279     -64013.04000
    280     -51033.90000
    281     -32371.58000
    282     -23462.88000
    283     -12275.06000
    284       6118.38700
    285      14598.83000
    286       5231.47000
    287      -7599.27000
    288      -9654.44600
    289      -1791.93600
    290       2205.62500
    291     -14458.86000
    292     -48203.29000
    293     -70492.59000
    294     -67655.70000
    295     -59085.82000
    296     -53142.62000
    297     -32798.30000
    298      -8289.16500
    299     -19041.61000
    300     -59666.91000
    301     -75067.09000
    302     -47329.63000
    303     -16860.44000
    304     -11094.36000
    305     -18019.73000
    306     -25322.40000
    307     -29565.64000
    308     -21940.15000
    309      -7911.76000
    310     -12790.88000
    311     -37837.55000
    312     -50131.54000
    313     -38192.53000
    314     -30411.71000
    315     -38856.13000
    316     -36236.25000
    317      -9583.30100
    318       9686.26000
    319      -7219.22900
    320     -44617.16000
    321     -66680.82000
    322     -61702.56000
    323     -48948.48000
    324     -50138.35000
    325     -59560.21000
    326     -49473.66000
    327     -14150.08000
    328       9769.30500
    329     -10543.44000
    330     -55903.17000
    331     -79258.29000
    332     -62475.15000
    333     -28483.52000
    334      -9318.75600
    335     -11543.81000
    336     -10725.44000
    337      13111.26000
    338      42797.27000
    339      51686.03000
    340      47089.92000
    341      48044.99000
    342      44152.69000
    343      16237.01000
    344     -29611.72000
    345     -75326.29000
    346    -103592.50000
    347     -90623.83000
    348     -32527.76000
    349      27906.50000
    350      46048.57000
    351      27867.52000
    352        403.41020
    353     -32728.39000
    354     -69656.58000
    355     -85455.20000
    356     -67441.62000
    357     -44945.80000
    358     -51634.10000
    359     -77913.34000
    360     -86210.33000
    361     -63500.26000
    362     -35029.62000
    363     -26387.92000
    364     -32677.16000
    365     -32515.28000
    366     -21370.52000
    367     -21737.50000
    368     -57351.81000
    369    -115063.90000
    370    -145104.80000
    371    -116429.50000
    372     -57662.84000
    373     -21081.27000
    374     -22213.38000
    375     -38972.75000
    376     -50607.17000
    377     -52959.85000
    378     -50827.78000
    379     -51096.64000
    380     -53151.69000
    381     -43960.51000
    382     -15527.00000
    383      19189.20000
    384      40064.59000
    385      41502.72000
    386      32254.42000
    387      23399.31000
    388      18766.32000
    389       8572.95300
    390     -21526.72000
    391     -67003.98000
    392    -101384.30000
    393    -106202.10000
    394     -90675.45000
    395     -73850.12000
    396     -62013.61000
    397     -50598.22000
    398     -36651.28000
    399     -23758.83000
    400     -20693.14000
    401     -31031.01000
    402     -38955.37000
    403     -20518.80000
    404      19392.52000
    405      40253.79000
    406      15897.48000
    407     -26765.74000
    408     -41389.18000
    409     -20546.11000
    410       1471.59000
    411      -6574.14800
    412     -41635.83000
    413     -73838.44000
    414     -78991.49000
    415     -66310.55000
    416     -66864.84000
    417     -88866.90000
    418    -104000.60000
    419     -90485.02000
    420     -65549.75000
    421     -55345.80000
    422     -54972.55000
    423     -45344.29000
    424     -31167.27000
    425     -28627.45000
    426     -25938.44000
    427       2450.05900
    428      41592.94000
    429      41282.14000
    430     -13232.97000
    431     -75162.40000
    432     -95516.58000
    433     -75612.25000
    434     -48758.55000
    435     -36298.36000
    436     -31690.66000
    437     -15448.23000
    438      19313.10000
    439      57568.17000
    440      84077.30000
    441     102371.90000
    442     117530.70000
    443     114219.50000
    444      74901.16000
    445      12751.67000
    446     -33602.95000
    447     -36113.45000
    448       2055.75800
    449      55319.70000
    450      92415.41000
    451      93872.36000
    452      69820.44000
    453      50336.32000
    454      43081.01000
    455      21611.02000
    456     -23450.28000
    457     -56672.46000
    458     -50219.52000
    459     -23835.25000
    460      -3190.24200
    461      17400.33000
    462      42893.84000
    463      52580.98000
    464      30621.16000
    465      -7578.01600
    466     -28343.19000
    467      -6013.36700
    468      49312.20000
    469      87893.03000
    470      73739.35000
    471      34647.48000
    472      21847.94000
    473      35720.56000
    474      37210.70000
    475      17779.95000
    476      12968.34000
    477      47406.10000
    478      94591.36000
    479     102815.10000
    480      55882.01000
    481      -3200.85900
    482     -17104.34000
    483      29684.78000
    484     107771.70000
    485     175143.70000
    486     202552.20000
    487     187380.80000
    488     151979.00000
    489     116926.70000
    490      85309.10000
    491      64056.23000
    492      72716.50000
    493     109569.10000
    494     137195.90000
    495     129799.40000
    496     112474.40000
    497     127872.70000
    498     179189.10000
    499     231067.90000
    500     255290.30000
    501     251840.50000
    502     232485.50000
    503     208898.80000
    504     198550.60000
    505     222280.50000
    506     289857.00000
    507     389038.80000
    508     486758.90000
    509     550385.60000
    510     579353.30000
    511     603970.10000
    512     641229.40000
    513     676105.30000
    514     698919.30000
    515     728739.50000
    516     780376.10000
    517     837784.10000
    518     881822.00000
    519     919867.40000
    520     970227.20000
    521    1035636.00000
    522    1113350.00000
    523    1217297.00000
    524    1365205.00000
    525    1547348.00000
    526    1739304.00000
    527    1953637.00000
    528    2251460.00000
    529    2693995.00000
    530    3306038.00000
    531    4107555.00000
    532    5173476.00000
    533    6634575.00000
    534    8560499.00000
    535    10774240.00000
    536    12785240.00000
    537    13987240.00000
    538    14013310.00000
    539    12945890.00000
    540    11214190.00000
    541    9308726.00000
    542    7567134.00000
    543    6137152.00000
    544    5036302.00000
    545    4211714.00000
    546    3590468.00000
    547    3120466.00000
    548    2775126.00000
    549    2534002.00000
    550    2378360.00000
    551    2293620.00000
    552    2251242.00000
    553    2197582.00000
    554    2079147.00000
    555    1879402.00000
    556    1633218.00000
    557    1409600.00000
    558    1261898.00000
    559    1183253.00000
    560    1125930.00000
    561    1058601.00000
    562     978906.30000
    563     885415.90000
    564     776990.00000
    565     670773.10000
    566     590231.10000
    567     541123.60000
    568     509254.90000
    569     473128.90000
    570     425869.10000
    571     392516.70000
    572     399113.10000
    573     420683.20000
    574     405538.70000
    575     352800.90000
    576     308418.60000
    577     287652.60000
    578     268607.70000
    579     256059.00000
    580     278355.80000
    581     321067.30000
    582     329447.90000
    583     281340.80000
    584     209662.10000
    585     154405.90000
    586     132029.90000
    587     147410.20000
    588     195239.40000
    589     243251.20000
    590     249082.30000
    591     211932.90000
    592     180704.20000
    593     187813.30000
    594     203231.10000
    595     185747.30000
    596     146641.30000
    597     119118.90000
    598      99201.20000
    599      68807.28000
    600      45248.30000
    601      54567.91000
    602      83339.98000
    603     102484.50000
    604     112763.50000
    605     129349.30000
    606     145780.40000
    607     145926.10000
    608     134356.10000
    609     127970.80000
    610     127191.20000
    611     118577.00000
    612     101981.40000
    613      92787.89000
    614      96648.12000
    615     103174.10000
    616     105230.60000
    617     106273.60000
    618     112526.00000
    619     127756.30000
    620     141401.80000
    621     124899.30000
    622      72976.11000
    623      35526.31000
    624      57078.23000
    625     102905.70000
    626     106949.20000
    627      71871.91000
    628      55956.09000
    629      80850.48000
    630     113987.30000
    631     128470.20000
    632     130769.30000
    633     135142.10000
    634     143893.00000
    635     152244.00000
    636     154819.50000
    637     145007.90000
    638     118581.10000
    639      85348.44000
    640      69461.69000
    641      81715.33000
    642      95849.28000
    643      76816.44000
    644      32216.64000
    645       7311.64100
    646      25160.59000
    647      59468.09000
    648      73418.42000
    649      64197.81000
    650      62695.28000
    651      96835.61000
    652     153808.00000
    653     183329.90000
    654     154119.80000
    655      97958.22000
    656      73088.11000
    657      95749.20000
    658     136677.30000
    659     171486.40000
    660     199218.20000
    661     218186.60000
    662     219370.50000
    663     209051.90000
    664     209108.20000
    665     220697.40000
    666     213488.40000
    667     172946.40000
    668     132334.80000
    669     127858.20000
    670     149360.00000
    671     165922.10000
    672     167951.70000
    673     158109.20000
    674     140468.40000
    675     135843.80000
    676     161308.90000
    677     191558.50000
    678     192635.30000
    679     182190.80000
    680     199110.00000
    681     234515.30000
    682     249633.50000
    683     237778.20000
    684     221946.80000
    685     215300.40000
    686     215634.20000
    687     216214.50000
    688     208445.30000
    689     193474.30000
    690     184598.00000
    691     180115.80000
    692     157446.50000
    693     114322.80000
    694      82792.27000
    695      81096.50000
    696      86943.39000
    697      77515.92000
    698      62765.19000
    699      62840.20000
    700      80942.62000
    701     109756.20000
    702     141868.80000
    703     165033.60000
    704     163136.00000
    705     130256.50000
    706      80856.78000
    707      44384.80000
    708      42250.20000
    709      63531.03000
    710      75113.02000
    711      65478.05000
    712      58782.84000
    713      71274.80000
    714      82181.36000
    715      71452.97000
    716      57427.77000
    717      65339.94000
    718      81584.44000
    719      73014.52000
    720      38496.31000
    721      12743.31000
    722      23256.92000
    723      64257.97000
    724     112192.80000
    725     148130.20000
    726     158016.90000
    727     129814.90000
    728      69472.73000
    729       9453.43800
    730     -20003.88000
    731     -21168.14000
    732     -11186.19000
    733      11873.91000
    734      57034.23000
    735     103860.70000
    736     113141.10000
    737      78161.80000
    738      37741.00000
    739      30896.59000
    740      58972.80000
    741      96438.31000
    742     116346.60000
    743     101854.20000
    744      58368.09000
    745      20769.08000
    746      24884.75000
    747      63436.41000
    748      89974.80000
    749      74910.16000
    750      42972.53000
    751      42512.02000
    752      82299.53000
    753     116220.40000
    754     100644.60000
    755      50640.22000
    756      17598.59000
    757      25905.45000
    758      59375.09000
    759      95651.45000
    760     120350.00000
    761     119721.50000
    762      95136.58000
    763      76857.41000
    764      91304.47000
    765     121179.10000
    766     129410.40000
    767     117631.10000
    768     127455.10000
    769     179917.00000
    770     243797.00000
    771     276114.40000
    772     270767.50000
    773     252637.30000
    774     241692.90000
    775     239801.40000
    776     238866.40000
    777     223968.00000
    778     180067.30000
    779     113535.10000
    780      56661.84000
    781      33360.22000
    782      33370.17000
    783      37415.50000
    784      49020.16000
    785      77436.33000
    786     106196.00000
    787     105915.30000
    788      71412.23000
    789      29844.56000
    790      14596.38000
    791      33633.08000
    792      59635.34000
    793      58762.19000
    794      30239.58000
    795       -589.87500
    796     -23937.81000
    797     -48835.86000
    798     -69452.62000
    799     -67799.11000
    800     -47474.44000
    801     -28830.16000
    802     -17887.77000
    803      -8666.00000
    804       -881.21880
    805       7044.07800
    806      20576.78000
    807      31882.53000
    808      27190.98000
    809      14951.66000
    810      16268.12000
    811      28771.55000
    812      29416.61000
    813       8199.43800
    814     -24159.30000
    815     -53487.59000
    816     -67714.33000
    817     -56477.30000
    818     -24923.41000
    819         24.98438
    820      -1913.45300
    821     -13107.12000
    822       -344.39060
    823      30850.45000
    824      36286.06000
    825      -3443.98400
    826     -54298.55000
    827     -77661.50000
    828     -72930.83000
    829     -56797.27000
    830     -35658.09000
    831     -16108.36000
    832      -9863.17200
    833     -10630.56000
    834       3966.92200
    835      32391.00000
    836      41521.52000
    837      14481.36000
    838     -25044.91000
    839     -49533.83000
    840     -55083.39000
    841     -41674.25000
    842      -7089.51600
    843      25954.67000
    844      19074.03000
    845     -27176.02000
    846     -63636.23000
    847     -56703.91000
    848     -33125.98000
    849     -40209.52000
    850     -82751.34000
    851    -124661.40000
    852    -140183.40000
    853    -131815.30000
    854    -102443.80000
    855     -48145.53000
    856      14268.77000
    857      49049.98000
    858      42439.72000
    859      13778.17000
    860     -16109.77000
    861     -38650.62000
    862     -44300.20000
    863     -29618.17000
    864     -13769.03000
    865     -17964.20000
    866     -35521.17000
    867     -45906.53000
    868     -42862.05000
    869     -28230.52000
    870      -4376.90600
    871      10691.73000
    872      -1703.81200
    873     -18573.33000
    874       1119.70300
    875      41265.06000
    876      38341.92000
    877     -22578.92000
    878     -81909.84000
    879     -87150.64000
    880     -47961.14000
    881       -372.40620
    882      39836.98000
    883      70431.05000
    884      76395.09000
    885      39939.45000
    886     -22889.36000
    887     -62970.88000
    888     -52642.92000
    889     -19675.61000
    890     -11058.22000
    891     -41407.45000
    892     -87152.69000
    893    -114442.40000
    894    -105998.00000
    895     -69821.66000
    896     -24037.17000
    897      20085.61000
    898      53288.22000
    899      61790.72000
    900      38159.89000
    901     -12836.72000
    902     -75743.34000
    903    -114630.80000
    904     -87554.25000
    905      -7113.62500
    906      42421.92000
    907      -2818.81200
    908     -98917.80000
    909    -148109.90000
    910    -123338.50000
    911     -85541.27000
    912     -81022.30000
    913     -84268.66000
    914     -63637.64000
    915     -42581.16000
    916     -50230.31000
    917     -59596.45000
    918     -30714.59000
    919      20128.38000
    920      44811.73000
    921      30034.75000
    922       1795.06200
    923     -14269.11000
    924     -14224.66000
    925     -14825.31000
    926     -34834.45000
    927     -65543.00000
    928     -75072.42000
    929     -52792.20000
    930     -22611.69000
    931      -5993.14100
    932      -3650.64100
    933     -12901.38000
    934     -28950.52000
    935     -34679.81000
    936     -19787.38000
    937       -306.54690
    938        799.00000
    939     -20913.16000
    940     -52562.42000
    941     -73992.03000
    942     -70215.78000
    943     -50743.30000
    944     -44117.72000
    945     -60949.36000
    946     -80639.58000
    947     -81792.03000
    948     -65929.17000
    949     -48357.89000
    950     -40961.16000
    951     -42714.73000
    952     -43052.67000
    953     -38223.53000
    954     -34701.27000
    955     -31481.72000
    956     -20135.69000
    957      -5525.34400
    958       1485.00000
    959       6580.21900
    960      18518.06000
    961      29123.84000
    962      30045.06000
    963      20757.75000
    964      -9688.40600
    965     -64945.44000
    966    -108376.20000
    967    -101572.10000
    968     -63445.59000
    969     -37388.66000
    970     -24405.97000
    971       -331.90620
    972      28206.59000
    973      30636.69000
    974       -614.50000
    975     -36862.78000
    976     -43305.25000
    977     -17949.12000
    978       5985.46900
    979       4746.81200
    980      -9449.15600
    981     -22109.16000
    982     -41509.69000
    983     -67822.81000
    984     -78286.53000
    985     -62252.78000
    986     -32790.12000
    987      -1088.12500
    988      19786.66000
    989       3673.40600
    990     -48019.78000
    991     -84882.28000
    992     -76056.47000
    993     -59095.94000
    994     -72087.34000
    995     -89968.41000
    996     -77277.44000
    997     -46857.41000
    998     -20749.62000
    999       8678.50000
   1000      39380.12000
   1001      39904.59000
   1002       2225.56200
   1003     -35005.25000
   1004     -39051.44000
   1005     -20731.59000
   1006      -8770.37500
   1007     -17530.25000
   1008     -44994.69000
   1009     -80921.38000
   1010    -110458.80000
   1011    -119488.60000
   1012    -105757.80000
   1013     -85292.53000
   1014     -76449.84000
   1015     -73115.00000
   1016     -52896.44000
   1017     -18719.59000
   1018      -5050.68800
   1019     -29206.91000
   1020     -64344.94000
   1021     -76702.91000
   1022     -65811.84000
   1023     -53099.47000
   1024     -51948.09000
   1025     -65644.97000
   1026     -96110.88000
   1027    -133505.40000
   1028    -149295.30000
   1029    -123914.30000
   1030     -77194.28000
   1031     -50866.72000
   1032     -64197.00000
   1033     -99882.00000
   1034    -122464.90000
   1035     -99294.50000
   1036     -25899.16000
   1037      52960.31000
   1038      74405.38000
   1039      27419.16000
   1040     -34588.53000
   1041     -63632.12000
   1042     -66734.69000
   1043     -73926.34000
   1044     -90505.03000
   1045     -96774.88000
   1046     -73823.88000
   1047     -23480.12000
   1048      26125.19000
   1049      42659.94000
   1050      22705.72000
   1051     -11959.25000
   1052     -46158.94000
   1053     -73036.66000
   1054     -75635.28000
   1055     -45225.03000
   1056     -11475.12000
   1057     -16056.00000
   1058     -55705.91000
   1059     -83729.50000
   1060     -72160.28000
   1061     -45479.88000
   1062     -42742.47000
   1063     -67145.25000
   1064     -87775.78000
   1065     -76681.16000
   1066     -34230.53000
   1067       8347.90600
   1068      11178.75000
   1069     -29832.69000
   1070     -69844.16000
   1071     -71427.00000
   1072     -51542.22000
   1073     -42213.22000
   1074     -38507.16000
   1075     -22282.38000
   1076       -864.53120
   1077      11003.97000
   1078      13346.91000
   1079       4236.78100
   1080     -23479.75000
   1081     -57490.53000
   1082     -74451.03000
   1083     -78974.34000
   1084     -99171.12000
   1085    -134750.00000
   1086    -141244.10000
   1087     -85322.00000
   1088       3567.31200
   1089      61441.69000
   1090      61700.25000
   1091      32140.06000
   1092       5067.71900
   1093     -15948.03000
   1094     -35182.44000
   1095     -43706.62000
   1096     -34933.56000
   1097     -22722.94000
   1098     -31572.16000
   1099     -72004.12000
   1100    -125368.00000
   1101    -154608.90000
   1102    -141511.20000
   1103    -109339.80000
   1104     -90474.12000
   1105     -81236.69000
   1106     -58476.84000
   1107     -31200.19000
   1108     -31797.19000
   1109     -56157.06000
   1110     -60466.22000
   1111     -29098.50000
   1112      -1338.06200
   1113     -10310.19000
   1114     -35016.88000
   1115     -41533.12000
   1116     -39558.88000
   1117     -59514.38000
   1118     -94133.66000
   1119    -105741.40000
   1120     -82186.69000
   1121     -47146.97000
   1122     -21810.66000
   1123     -12595.62000
   1124     -27589.28000
   1125     -67025.75000
   1126    -101792.60000
   1127     -94020.84000
   1128     -42102.00000
   1129      12853.06000
   1130      27402.59000
   1131      -1901.75000
   1132     -36145.56000
   1133     -36569.88000
   1134      -8433.68800
   1135       9317.71900
   1136      -2974.59400
   1137     -22652.31000
   1138     -19476.94000
   1139       4454.50000
   1140      20695.16000
   1141      10836.78000
   1142     -13261.88000
   1143     -23406.06000
   1144      -4206.21900
   1145      29094.62000
   1146      38855.19000
   1147        783.50000
   1148     -61479.78000
   1149     -91882.84000
   1150     -65621.16000
   1151     -20989.78000
   1152      -9952.43800
   1153     -36623.50000
   1154     -67975.59000
   1155     -86121.91000
   1156     -97897.12000
   1157    -103526.80000
   1158     -90869.50000
   1159     -65357.00000
   1160     -57081.75000
   1161     -82125.78000
   1162    -113941.80000
   1163    -113426.00000
   1164     -79869.00000
   1165     -49725.09000
   1166     -47625.78000
   1167     -63349.72000
   1168     -79442.38000
   1169     -94191.12000
   1170    -107392.20000
   1171    -107659.80000
   1172     -87578.88000
   1173     -57958.53000
   1174     -38727.22000
   1175     -41179.81000
   1176     -56842.12000
   1177     -61104.72000
   1178     -39691.44000
   1179     -11929.56000
   1180     -10209.31000
   1181     -38003.03000
   1182     -69399.19000
   1183     -84534.69000
   1184     -79473.38000
   1185     -49071.03000
   1186       7059.06200
   1187      59749.34000
   1188      63418.56000
   1189       9093.46900
   1190     -54538.75000
   1191     -73817.28000
   1192     -53840.19000
   1193     -45317.22000
   1194     -73501.34000
   1195    -111581.00000
   1196    -127048.30000
   1197    -119398.70000
   1198    -102747.80000
   1199     -82952.28000
   1200     -63829.22000
   1201     -51050.56000
   1202     -41215.75000
   1203     -26803.53000
   1204     -12727.91000
   1205      -9257.06200
   1206     -11517.44000
   1207      -5778.50000
   1208       6209.46900
   1209       8487.18800
   1210      -2985.87500
   1211     -12083.00000
   1212      -6652.34400
   1213       2749.56200
   1214       -438.37500
   1215     -14125.91000
   1216     -27247.41000
   1217     -43445.38000
   1218     -69823.75000
   1219     -90280.31000
   1220     -79611.38000
   1221     -40670.66000
   1222      -1701.62500
   1223      17123.53000
   1224      13794.56000
   1225      -8318.53100
   1226     -42894.38000
   1227     -75219.38000
   1228     -88714.59000
   1229     -79128.31000
   1230     -58885.47000
   1231     -42798.28000
   1232     -32493.44000
   1233     -26512.25000
   1234     -35282.81000
   1235     -59146.50000
