      1     -38552.92000
      2     -47692.46000
      3     -50348.16000
      4     -44043.38000
      5     -37754.70000
      6     -39642.30000
      7     -51489.96000
      8     -63265.71000
      9     -57445.20000
     10     -34198.06000
     11     -20931.02000
     12     -36708.54000
     13     -60837.26000
     14     -62363.35000
     15     -48786.75000
     16     -53684.09000
     17     -80532.56000
     18     -93079.64000
     19     -68716.52000
     20     -31466.72000
     21     -15527.28000
     22     -19021.55000
     23     -17626.34000
     24      -9066.05500
     25     -13197.18000
     26     -32841.58000
     27     -46926.44000
     28     -45056.01000
     29     -39060.12000
     30     -35923.38000
     31     -27286.01000
     32     -11134.75000
     33       -675.22660
     34      -5332.93000
     35     -18729.40000
     36     -30516.21000
     37     -39932.27000
     38     -50753.89000
     39     -59240.06000
     40     -58802.74000
     41     -53142.14000
     42     -49476.98000
     43     -43694.05000
     44     -31250.48000
     45     -22746.57000
     46     -27261.23000
     47     -35735.02000
     48     -40350.64000
     49     -48524.25000
     50     -61062.24000
     51     -62747.27000
     52     -48511.27000
     53     -34397.80000
     54     -32465.03000
     55     -34299.48000
     56     -27286.46000
     57     -14327.34000
     58      -9539.25000
     59     -19205.59000
     60     -35088.33000
     61     -45884.23000
     62     -47062.37000
     63     -41159.59000
     64     -37562.62000
     65     -44898.56000
     66     -54589.29000
     67     -48750.37000
     68     -33087.66000
     69     -34651.89000
     70     -56740.59000
     71     -70091.98000
     72     -60027.21000
     73     -46667.74000
     74     -47714.44000
     75     -53440.95000
     76     -48634.59000
     77     -35046.43000
     78     -24639.98000
     79     -24223.17000
     80     -29915.00000
     81     -33803.23000
     82     -36066.71000
     83     -42904.49000
     84     -49139.00000
     85     -40839.55000
     86     -22780.23000
     87     -19009.66000
     88     -36669.95000
     89     -55518.91000
     90     -60681.75000
     91     -57643.12000
     92     -51561.91000
     93     -41233.20000
     94     -34884.29000
     95     -43788.92000
     96     -59349.06000
     97     -58813.19000
     98     -33795.92000
     99      -1181.75800
    100       9709.40600
    101     -21694.34000
    102     -83943.98000
    103    -130080.90000
    104    -118293.20000
    105     -60303.29000
    106     -10129.43000
    107      -2648.71900
    108     -23385.35000
    109     -39682.30000
    110     -39897.84000
    111     -36465.41000
    112     -44269.08000
    113     -61793.35000
    114     -71567.52000
    115     -61720.07000
    116     -43541.61000
    117     -38815.53000
    118     -54089.66000
    119     -76603.30000
    120     -90003.99000
    121     -85853.72000
    122     -65638.02000
    123     -38483.30000
    124     -15770.78000
    125      -6396.97700
    126     -14670.87000
    127     -36112.70000
    128     -56427.61000
    129     -63991.66000
    130     -62970.48000
    131     -64893.82000
    132     -68865.32000
    133     -63038.36000
    134     -46890.03000
    135     -36334.78000
    136     -40099.48000
    137     -47037.40000
    138     -47182.17000
    139     -46947.22000
    140     -50212.69000
    141     -46168.87000
    142     -33134.55000
    143     -30637.14000
    144     -47814.30000
    145     -64295.03000
    146     -62425.74000
    147     -53267.13000
    148     -51039.20000
    149     -48268.62000
    150     -35717.88000
    151     -21930.49000
    152     -16182.16000
    153     -16214.43000
    154     -23920.27000
    155     -45759.45000
    156     -70135.94000
    157     -74540.74000
    158     -61686.63000
    159     -58247.55000
    160     -72707.41000
    161     -84121.94000
    162     -78300.77000
    163     -68638.77000
    164     -71851.71000
    165     -82162.75000
    166     -81187.92000
    167     -64574.88000
    168     -47843.52000
    169     -45513.65000
    170     -52418.20000
    171     -51086.19000
    172     -33944.54000
    173     -11494.49000
    174        399.27340
    175      -4908.10900
    176     -22739.42000
    177     -43413.03000
    178     -58604.16000
    179     -65624.98000
    180     -66423.72000
    181     -60629.95000
    182     -44255.05000
    183     -20164.84000
    184       -827.27340
    185       7025.18000
    186       7743.13300
    187       -401.17190
    188     -26941.04000
    189     -63002.41000
    190     -80523.27000
    191     -73082.41000
    192     -69020.08000
    193     -86658.52000
    194    -105080.30000
    195     -98373.77000
    196     -72543.98000
    197     -49748.41000
    198     -38582.91000
    199     -36827.45000
    200     -43043.80000
    201     -49458.78000
    202     -42428.55000
    203     -24685.36000
    204     -19021.57000
    205     -35502.85000
    206     -52448.87000
    207     -44100.90000
    208     -13941.00000
    209      10005.82000
    210       4688.71100
    211     -25776.45000
    212     -52230.04000
    213     -51001.19000
    214     -34018.44000
    215     -33664.66000
    216     -58544.98000
    217     -86811.71000
    218    -101368.20000
    219    -104384.30000
    220     -98318.03000
    221     -80082.18000
    222     -56899.62000
    223     -47641.11000
    224     -62304.92000
    225     -87061.38000
    226     -93871.20000
    227     -69656.79000
    228     -34187.15000
    229     -18193.92000
    230     -26993.10000
    231     -41827.13000
    232     -50303.59000
    233     -54575.90000
    234     -57742.80000
    235     -61472.95000
    236     -66904.28000
    237     -66182.82000
    238     -51096.30000
    239     -34760.94000
    240     -38153.56000
    241     -54000.78000
    242     -55793.29000
    243     -40182.96000
    244     -25852.40000
    245     -16853.81000
    246      -4657.25000
    247         72.83594
    248     -21587.90000
    249     -55481.27000
    250     -63241.89000
    251     -37854.41000
    252     -15273.40000
    253     -20655.52000
    254     -37188.02000
    255     -42841.00000
    256     -43643.56000
    257     -51469.27000
    258     -60893.42000
    259     -65574.46000
    260     -66546.27000
    261     -55196.05000
    262     -22579.81000
    263      11750.33000
    264      17379.74000
    265      -2763.52300
    266     -20421.20000
    267     -26983.39000
    268     -37943.26000
    269     -58457.01000
    270     -72452.13000
    271     -67823.68000
    272     -55342.31000
    273     -52162.42000
    274     -52896.87000
    275     -37283.73000
    276     -11085.53000
    277     -10803.16000
    278     -51517.22000
    279     -99277.41000
    280    -114771.90000
    281     -97360.83000
    282     -70660.54000
    283     -52596.97000
    284     -51877.20000
    285     -67021.34000
    286     -80185.43000
    287     -73693.73000
    288     -54108.77000
    289     -41490.52000
    290     -41289.49000
    291     -46291.37000
    292     -56144.51000
    293     -73750.20000
    294     -89489.77000
    295     -89128.64000
    296     -75525.70000
    297     -66958.33000
    298     -71097.17000
    299     -73683.64000
    300     -61448.12000
    301     -43898.26000
    302     -37722.50000
    303     -41354.50000
    304     -44328.19000
    305     -48265.73000
    306     -56484.21000
    307     -58804.77000
    308     -49527.34000
    309     -43320.97000
    310     -52277.88000
    311     -65166.96000
    312     -66785.47000
    313     -60944.98000
    314     -60557.50000
    315     -68427.74000
    316     -78125.14000
    317     -84580.70000
    318     -86775.29000
    319     -84568.36000
    320     -77884.27000
    321     -67495.33000
    322     -53814.37000
    323     -36796.78000
    324     -21450.98000
    325     -19993.55000
    326     -38605.36000
    327     -64265.52000
    328     -78235.05000
    329     -81507.55000
    330     -89196.62000
    331    -100456.90000
    332     -98338.90000
    333     -83193.61000
    334     -78202.29000
    335     -90873.98000
    336     -95510.43000
    337     -70174.14000
    338     -32115.59000
    339     -18869.93000
    340     -42084.58000
    341     -74055.48000
    342     -81869.19000
    343     -66900.01000
    344     -59742.09000
    345     -76803.13000
    346     -98329.24000
    347     -96693.80000
    348     -70866.18000
    349     -40142.32000
    350     -15992.35000
    351       3354.22700
    352      15771.91000
    353      11806.09000
    354      -8578.51600
    355     -31662.59000
    356     -47265.23000
    357     -54924.16000
    358     -50994.41000
    359     -32230.59000
    360     -15542.87000
    361     -26784.44000
    362     -62035.31000
    363     -86663.23000
    364     -81903.45000
    365     -66140.74000
    366     -59741.41000
    367     -56154.59000
    368     -44808.67000
    369     -37333.91000
    370     -47497.95000
    371     -64246.12000
    372     -68504.00000
    373     -61699.16000
    374     -56919.83000
    375     -56033.08000
    376     -52160.99000
    377     -43554.83000
    378     -35283.59000
    379     -34134.53000
    380     -43249.67000
    381     -58351.84000
    382     -73419.34000
    383     -86362.12000
    384     -91097.17000
    385     -75925.38000
    386     -43588.05000
    387     -18839.21000
    388     -21284.13000
    389     -41941.53000
    390     -56638.93000
    391     -54653.26000
    392     -47981.24000
    393     -54539.66000
    394     -74713.88000
    395     -91019.45000
    396     -93663.64000
    397     -92671.37000
    398     -95585.12000
    399     -88447.17000
    400     -55470.74000
    401      -9847.09400
    402      12180.40000
    403      -8795.11700
    404     -51509.26000
    405     -78763.23000
    406     -79433.33000
    407     -71980.48000
    408     -69417.74000
    409     -62746.26000
    410     -46186.64000
    411     -37218.87000
    412     -52575.16000
    413     -76737.18000
    414     -78723.87000
    415     -57713.16000
    416     -46185.48000
    417     -61112.14000
    418     -77599.27000
    419     -66079.41000
    420     -36091.30000
    421     -23628.37000
    422     -43799.88000
    423     -73050.60000
    424     -79478.14000
    425     -60706.93000
    426     -42616.95000
    427     -44344.45000
    428     -60081.71000
    429     -76091.84000
    430     -85938.54000
    431     -85970.68000
    432     -76505.03000
    433     -67222.62000
    434     -62814.67000
    435     -52340.74000
    436     -30369.06000
    437     -11974.70000
    438     -10579.23000
    439     -20957.88000
    440     -33222.70000
    441     -42764.02000
    442     -45960.43000
    443     -45012.66000
    444     -47512.54000
    445     -48147.27000
    446     -32052.81000
    447      -6065.50800
    448       1050.17200
    449     -21345.05000
    450     -51200.53000
    451     -63944.48000
    452     -55774.86000
    453     -35558.03000
    454     -12011.38000
    455       5347.82800
    456       4145.25800
    457     -19778.84000
    458     -49602.73000
    459     -59891.20000
    460     -46328.25000
    461     -27417.04000
    462     -15557.70000
    463      -9331.77300
    464     -12454.34000
    465     -28481.88000
    466     -40929.15000
    467     -35007.19000
    468     -30051.48000
    469     -49055.64000
    470     -71004.43000
    471     -60680.54000
    472     -28928.79000
    473     -14759.33000
    474     -23578.72000
    475     -28547.82000
    476     -18310.83000
    477      -5784.39800
    478      -2075.96900
    479      -6022.48400
    480      -7791.21100
    481       6976.18800
    482      40537.18000
    483      69969.23000
    484      69366.32000
    485      42778.84000
    486      18372.55000
    487      12539.04000
    488      15325.12000
    489      12427.34000
    490       7747.50800
    491      13208.60000
    492      25094.19000
    493      32197.99000
    494      44405.36000
    495      82224.84000
    496     132976.50000
    497     154443.10000
    498     134516.60000
    499     111254.20000
    500     117313.90000
    501     138168.20000
    502     143709.30000
    503     131979.80000
    504     121942.80000
    505     123608.90000
    506     133442.90000
    507     146925.00000
    508     162134.80000
    509     175636.60000
    510     182995.80000
    511     185807.50000
    512     195446.70000
    513     222049.60000
    514     256692.50000
    515     277509.40000
    516     281010.60000
    517     289782.20000
    518     318245.30000
    519     351496.80000
    520     371663.30000
    521     381035.30000
    522     384783.50000
    523     377019.20000
    524     360094.30000
    525     352219.10000
    526     362303.50000
    527     380486.60000
    528     400969.60000
    529     429688.30000
    530     465035.80000
    531     497238.40000
    532     530395.30000
    533     581045.50000
    534     651186.90000
    535     722692.40000
    536     780661.20000
    537     824044.80000
    538     853774.80000
    539     870558.20000
    540     886215.40000
    541     915599.40000
    542     952781.50000
    543     976171.30000
    544     980003.20000
    545     979912.10000
    546     987709.10000
    547    1002142.00000
    548    1019012.00000
    549    1029530.00000
    550    1020305.00000
    551     992649.20000
    552     964788.20000
    553     943421.10000
    554     918335.10000
    555     891709.60000
    556     881436.70000
    557     888998.30000
    558     894130.80000
    559     887236.90000
    560     884029.50000
    561     903606.20000
    562     943970.50000
    563     980262.80000
    564     986085.40000
    565     962301.10000
    566     939174.20000
    567     938058.10000
    568     940165.10000
    569     912570.20000
    570     857701.00000
    571     810755.40000
    572     789091.10000
    573     773415.60000
    574     745722.90000
    575     717284.80000
    576     704442.10000
    577     698441.40000
    578     677669.50000
    579     639676.10000
    580     606115.80000
    581     596523.80000
    582     605850.50000
    583     613473.80000
    584     609957.10000
    585     604084.00000
    586     604776.80000
    587     610558.20000
    588     618801.80000
    589     630956.80000
    590     645699.20000
    591     658507.60000
    592     669254.10000
    593     681182.20000
    594     692846.40000
    595     698151.30000
    596     692731.80000
    597     675355.90000
    598     646827.10000
    599     613703.00000
    600     589516.60000
    601     583881.40000
    602     590345.90000
    603     591104.30000
    604     574231.20000
    605     543297.80000
    606     511911.20000
    607     490180.70000
    608     473016.20000
    609     443868.50000
    610     397076.70000
    611     350664.90000
    612     324349.20000
    613     311984.90000
    614     293365.20000
    615     265306.30000
    616     238512.80000
    617     211992.80000
    618     178761.50000
    619     150210.80000
    620     143172.80000
    621     148704.90000
    622     146056.20000
    623     138385.00000
    624     139908.30000
    625     140401.70000
    626     119759.50000
    627      85137.56000
    628      60726.94000
    629      55668.99000
    630      66578.20000
    631      89991.43000
    632     112749.90000
    633     114913.30000
    634      96875.01000
    635      80901.77000
    636      79998.64000
    637      86023.43000
    638      86390.68000
    639      73900.16000
    640      47651.57000
    641      19035.25000
    642       6305.21900
    643      14222.17000
    644      30148.34000
    645      39834.48000
    646      33381.24000
    647       6327.69900
    648     -25066.65000
    649     -26430.77000
    650       9720.57800
    651      39238.82000
    652      19192.22000
    653     -28987.46000
    654     -45544.30000
    655     -15132.97000
    656      14043.12000
    657        237.92580
    658     -36498.65000
    659     -49572.44000
    660     -31329.76000
    661     -11480.55000
    662      -4832.54300
    663       1991.49600
    664      17325.25000
    665      31984.77000
    666      35644.10000
    667      20340.39000
    668     -17865.47000
    669     -60041.95000
    670     -73077.55000
    671     -55675.37000
    672     -42741.44000
    673     -51208.92000
    674     -60177.84000
    675     -51694.93000
    676     -31113.49000
    677      -6244.19500
    678      16824.06000
    679      23634.80000
    680       7828.25800
    681     -13982.29000
    682     -23712.54000
    683     -20715.80000
    684      -9992.81600
    685       5088.78100
    686      15352.44000
    687      13398.43000
    688       4098.49200
    689      -9593.49600
    690     -34653.63000
    691     -64337.99000
    692     -72245.66000
    693     -51597.04000
    694     -33172.52000
    695     -40850.64000
    696     -56255.67000
    697     -51936.48000
    698     -33068.95000
    699     -20321.47000
    700     -16399.96000
    701     -16429.77000
    702     -26227.08000
    703     -41758.31000
    704     -36772.00000
    705      -3095.37100
    706      22841.61000
    707       9377.59400
    708     -19789.70000
    709     -22578.12000
    710      -2603.77300
    711       3878.48000
    712     -14466.52000
    713     -37581.10000
    714     -49252.55000
    715     -48062.70000
    716     -38300.80000
    717     -31300.70000
    718     -37186.66000
    719     -43063.53000
    720     -25003.99000
    721      10405.14000
    722      26968.09000
    723       8661.35900
    724     -22172.65000
    725     -42188.48000
    726     -52405.30000
    727     -59609.07000
    728     -61224.09000
    729     -58675.59000
    730     -61792.20000
    731     -68495.33000
    732     -60520.65000
    733     -32473.84000
    734      -7711.95700
    735     -11114.26000
    736     -39190.33000
    737     -69239.38000
    738     -86061.34000
    739     -87243.08000
    740     -71691.58000
    741     -38938.33000
    742      -1223.46500
    743      17639.65000
    744       7242.92200
    745     -14164.97000
    746     -24471.86000
    747     -27393.21000
    748     -37245.75000
    749     -48396.20000
    750     -46109.74000
    751     -34590.89000
    752     -29130.18000
    753     -32418.49000
    754     -36913.21000
    755     -37633.46000
    756     -31934.56000
    757     -18461.90000
    758        -91.85938
    759      19111.34000
    760      34664.97000
    761      37502.80000
    762      22239.28000
    763       -715.12500
    764     -16563.49000
    765     -25744.72000
    766     -35963.24000
    767     -41774.66000
    768     -30449.62000
    769      -4456.08200
    770      17830.17000
    771      24730.74000
    772      23619.32000
    773      27599.20000
    774      37326.75000
    775      42282.66000
    776      36690.30000
    777      27798.20000
    778      28289.84000
    779      41781.89000
    780      55532.44000
    781      53230.76000
    782      39598.39000
    783      38172.48000
    784      53114.77000
    785      55298.39000
    786      27974.54000
    787       -389.44530
    788        648.57420
    789      15534.45000
    790      14040.80000
    791       3218.07400
    792       8287.19500
    793      24541.65000
    794      26685.68000
    795       9985.38300
    796      -8578.81600
    797     -18184.71000
    798     -20542.09000
    799     -17197.75000
    800      -6392.97700
    801       8714.25400
    802      14041.89000
    803      -6878.79700
    804     -48595.71000
    805     -75486.22000
    806     -59491.35000
    807     -19109.35000
    808       6343.84400
    809       9470.91400
    810       8567.98000
    811       6268.33600
    812      -4822.71700
    813     -13573.43000
    814      -8809.76800
    815      -8047.82000
    816     -30622.67000
    817     -60675.50000
    818     -67620.87000
    819     -47928.96000
    820     -25161.04000
    821     -19757.77000
    822     -30885.01000
    823     -41995.51000
    824     -39749.24000
    825     -26506.58000
    826     -12261.17000
    827      -1735.96300
    828       2877.09000
    829      -2553.61700
    830     -13712.33000
    831     -15602.90000
    832      -5765.21100
    833      -5576.15200
    834     -27466.20000
    835     -45106.31000
    836     -27020.32000
    837       9668.71300
    838      16840.88000
    839     -16545.18000
    840     -53720.03000
    841     -66424.84000
    842     -62309.16000
    843     -56211.30000
    844     -51288.85000
    845     -49011.93000
    846     -48002.62000
    847     -37047.52000
    848     -12156.44000
    849       9270.26200
    850       9460.13300
    851      -7933.60200
    852     -28012.25000
    853     -38330.95000
    854     -29201.81000
    855      -4319.27100
    856      11016.41000
    857      -1559.79300
    858     -26514.56000
    859     -41232.70000
    860     -48290.01000
    861     -54634.04000
    862     -48206.74000
    863     -23347.90000
    864       -806.50000
    865       -572.61330
    866     -18828.83000
    867     -41924.62000
    868     -61353.84000
    869     -69994.58000
    870     -59742.13000
    871     -30766.85000
    872      -2468.41400
    873      -4360.19900
    874     -39838.89000
    875     -70960.66000
    876     -65966.95000
    877     -44477.93000
    878     -41074.23000
    879     -48973.84000
    880     -42612.41000
    881     -30375.14000
    882     -37083.40000
    883     -54139.34000
    884     -53265.98000
    885     -36180.91000
    886     -28892.61000
    887     -35210.60000
    888     -34973.13000
    889     -24510.04000
    890     -22538.98000
    891     -35258.20000
    892     -45979.22000
    893     -41734.41000
    894     -28602.65000
    895     -21383.92000
    896     -29963.01000
    897     -50439.27000
    898     -66398.98000
    899     -68349.53000
    900     -66766.31000
    901     -73379.75000
    902     -80270.98000
    903     -72073.21000
    904     -48628.71000
    905     -23708.79000
    906     -10209.67000
    907     -13469.29000
    908     -30325.39000
    909     -48757.52000
    910     -54776.44000
    911     -46935.41000
    912     -41018.42000
    913     -51733.38000
    914     -71078.60000
    915     -77128.78000
    916     -64144.18000
    917     -48021.70000
    918     -41320.89000
    919     -40032.34000
    920     -35597.73000
    921     -24529.79000
    922      -8693.12500
    923       1189.29700
    924      -9324.00400
    925     -37066.29000
    926     -56620.55000
    927     -50737.45000
    928     -32839.36000
    929     -25166.44000
    930     -28299.76000
    931     -30636.27000
    932     -35394.75000
    933     -53889.78000
    934     -78388.62000
    935     -86470.63000
    936     -70607.70000
    937     -43789.04000
    938     -22590.95000
    939     -21891.30000
    940     -50508.18000
    941     -91251.88000
    942    -104543.50000
    943     -73963.09000
    944     -29135.78000
    945      -5946.72300
    946      -5240.16000
    947      -7771.10400
    948     -10990.78000
    949     -30081.59000
    950     -67219.94000
    951     -96321.30000
    952     -89764.01000
    953     -56161.34000
    954     -34543.57000
    955     -46564.73000
    956     -71384.98000
    957     -75775.27000
    958     -52463.61000
    959     -18331.15000
    960      10415.64000
    961      26678.41000
    962      27227.36000
    963      16405.90000
    964       8936.35000
    965      12301.92000
    966      12108.86000
    967      -8764.56600
    968     -43356.88000
    969     -66407.20000
    970     -59922.77000
    971     -27922.79000
    972       3735.02800
    973       5990.57100
    974     -21050.57000
    975     -45031.17000
    976     -42175.12000
    977     -22721.34000
    978      -8054.49000
    979      -8759.36500
    980     -30145.48000
    981     -68859.64000
    982    -100045.90000
    983     -96440.71000
    984     -63429.38000
    985     -33144.89000
    986     -25022.42000
    987     -30116.22000
    988     -32030.16000
    989     -28445.51000
    990     -30824.37000
    991     -48191.03000
    992     -71332.06000
    993     -78559.27000
    994     -63509.19000
    995     -45934.89000
    996     -42621.65000
    997     -44264.20000
    998     -39824.28000
    999     -42630.49000
   1000     -64781.65000
   1001     -83505.23000
   1002     -66150.49000
   1003     -20270.97000
   1004      11187.15000
   1005       3727.39700
   1006     -24023.55000
   1007     -42747.17000
   1008     -46099.33000
   1009     -42167.00000
   1010     -33394.16000
   1011     -22142.37000
   1012     -19122.52000
   1013     -28551.96000
   1014     -39247.91000
   1015     -42988.35000
   1016     -44932.05000
   1017     -46100.86000
   1018     -35825.62000
   1019     -12621.56000
   1020       5165.40500
   1021       1453.38500
   1022     -16364.13000
   1023     -27885.41000
   1024     -25408.03000
   1025     -22791.49000
   1026     -38111.73000
   1027     -67544.71000
   1028     -81512.67000
   1029     -58056.73000
   1030     -17199.94000
   1031      -1090.58100
   1032     -17869.95000
   1033     -32393.28000
   1034     -19547.69000
   1035       4518.74900
   1036      15329.56000
   1037      12686.35000
   1038       6103.31700
   1039      -6089.96400
   1040     -27629.55000
   1041     -50587.89000
   1042     -61026.77000
   1043     -51931.66000
   1044     -30583.01000
   1045     -17407.64000
   1046     -28733.80000
   1047     -53393.00000
   1048     -59654.96000
   1049     -36758.51000
   1050     -13387.91000
   1051     -17381.85000
   1052     -35392.37000
   1053     -37543.96000
   1054     -25331.09000
   1055     -24028.01000
   1056     -38685.03000
   1057     -48703.94000
   1058     -41218.48000
   1059     -26678.37000
   1060     -23534.52000
   1061     -39842.27000
   1062     -66031.74000
   1063     -82312.23000
   1064     -79266.34000
   1065     -67081.66000
   1066     -58465.39000
   1067     -54452.98000
   1068     -54214.00000
   1069     -60640.61000
   1070     -66497.97000
   1071     -55008.73000
   1072     -25377.61000
   1073      -1872.06400
   1074      -7535.46000
   1075     -37350.95000
   1076     -61977.73000
   1077     -56626.70000
   1078     -26965.15000
   1079      -2878.58300
   1080      -4318.19700
   1081     -22884.43000
   1082     -40273.08000
   1083     -49966.48000
   1084     -55077.61000
   1085     -56942.44000
   1086     -51256.04000
   1087     -32720.38000
   1088      -4522.44000
   1089      21237.32000
   1090      38074.16000
   1091      48018.99000
   1092      45048.68000
   1093      18987.33000
   1094     -16748.14000
   1095     -31310.71000
   1096     -19718.16000
   1097      -9325.13200
   1098     -15446.39000
   1099     -20129.80000
   1100      -4159.78600
   1101      22476.73000
   1102      31562.24000
   1103       8166.39600
   1104     -33149.56000
   1105     -62499.72000
   1106     -64653.93000
   1107     -49868.93000
   1108     -33974.59000
   1109     -21404.62000
   1110     -13421.96000
   1111     -15669.48000
   1112     -28125.54000
   1113     -42108.34000
   1114     -51946.03000
   1115     -54492.32000
   1116     -41226.65000
   1117     -12347.68000
   1118       8416.41100
   1119      -2138.57800
   1120     -34604.84000
   1121     -59738.74000
   1122     -62468.69000
   1123     -47121.21000
   1124     -25312.67000
   1125     -13973.92000
   1126     -26994.44000
   1127     -53072.51000
   1128     -59091.77000
   1129     -32014.62000
   1130      -3517.87300
   1131     -13192.41000
   1132     -55525.38000
   1133     -86959.88000
   1134     -85136.49000
   1135     -73436.23000
   1136     -76861.22000
   1137     -82093.96000
   1138     -63538.39000
   1139     -28835.62000
   1140     -10236.32000
   1141     -19191.53000
   1142     -34851.39000
   1143     -37337.02000
   1144     -31590.21000
   1145     -31874.53000
   1146     -37921.88000
   1147     -38143.47000
   1148     -30087.02000
   1149     -25546.52000
   1150     -34741.46000
   1151     -53469.48000
   1152     -67742.66000
   1153     -66629.66000
   1154     -51094.74000
   1155     -35120.34000
   1156     -35954.57000
   1157     -57343.81000
   1158     -82131.39000
   1159     -84135.77000
   1160     -49488.69000
   1161       8627.39600
   1162      55276.38000
   1163      61691.82000
   1164      28966.64000
   1165     -21927.91000
   1166     -73721.62000
   1167    -112213.30000
   1168    -118480.30000
   1169     -87236.39000
   1170     -43778.38000
   1171     -21121.65000
   1172     -25043.67000
   1173     -33700.28000
   1174     -26510.91000
   1175      -7203.78800
   1176       2014.97800
   1177      -8681.08900
   1178     -19871.07000
   1179      -9926.76600
   1180      12313.91000
   1181      21894.27000
   1182      11914.88000
   1183      -8377.85800
   1184     -33854.00000
   1185     -58637.25000
   1186     -66454.41000
   1187     -49007.04000
   1188     -21407.26000
   1189      -2313.20100
   1190       6356.34600
   1191       6639.69600
   1192      -7331.89700
   1193     -32935.57000
   1194     -51908.40000
   1195     -53084.44000
   1196     -43171.27000
   1197     -29646.88000
   1198     -14715.31000
   1199      -4284.07300
   1200      -1470.87900
   1201       -320.98930
   1202       -864.52440
   1203      -9817.33800
   1204     -18002.65000
   1205      -9563.87400
   1206       2879.12200
   1207      -9890.73700
   1208     -48084.50000
   1209     -83889.27000
   1210     -98957.20000
   1211     -93105.67000
   1212     -73451.45000
   1213     -55613.54000
   1214     -55183.28000
   1215     -67111.02000
   1216     -73412.73000
   1217     -69336.61000
   1218     -61319.41000
   1219     -48782.99000
   1220     -28877.34000
   1221     -10614.14000
   1222      -8032.12900
   1223     -23550.07000
   1224     -45002.60000
   1225     -57161.87000
   1226     -54890.23000
   1227     -44261.77000
   1228     -31594.48000
   1229     -18737.15000
   1230     -11204.62000
   1231     -18244.79000
   1232     -37892.09000
   1233     -53001.78000
   1234     -49625.68000
   1235     -32158.80000
