      1      10262.98000
      2      10049.38000
      3      -1116.03900
      4     -15647.70000
      5     -18130.52000
      6     -11648.72000
      7      -8162.95300
      8      -6015.43000
      9         -4.68750
     10       3285.60900
     11      -1372.23400
     12      -9179.21100
     13     -20415.76000
     14     -39752.70000
     15     -55167.37000
     16     -45973.44000
     17     -15816.92000
     18       9487.69500
     19      16745.51000
     20      14489.90000
     21      13508.39000
     22      18946.13000
     23      31027.62000
     24      36683.05000
     25      17477.26000
     26     -19083.97000
     27     -36613.29000
     28     -13497.42000
     29      28746.01000
     30      52160.88000
     31      40652.73000
     32       6059.85200
     33     -26741.69000
     34     -36380.02000
     35     -21249.30000
     36      -1286.52300
     37       4742.81200
     38      -1888.17200
     39     -10952.96000
     40     -19248.38000
     41     -22663.23000
     42      -9416.71100
     43      20067.57000
     44      41011.74000
     45      32362.11000
     46       4688.35200
     47     -17193.69000
     48     -24445.86000
     49     -22424.80000
     50     -16597.09000
     51     -13706.07000
     52     -19522.96000
     53     -27810.99000
     54     -28013.97000
     55     -22623.20000
     56     -20030.99000
     57     -16787.59000
     58      -1927.94500
     59      28925.76000
     60      67113.94000
     61      86640.50000
     62      57322.98000
     63     -14620.12000
     64     -74683.47000
     65     -75426.45000
     66     -27305.52000
     67      24722.50000
     68      49798.65000
     69      38652.77000
     70      -4981.74200
     71     -58015.06000
     72     -88219.39000
     73     -86433.52000
     74     -69555.41000
     75     -49786.57000
     76     -26562.30000
     77      -6254.30500
     78        131.68360
     79      -2029.35900
     80       2398.10500
     81      14045.07000
     82      21960.55000
     83      22598.61000
     84      18923.07000
     85      11616.18000
     86       4915.29700
     87       8030.00800
     88      17093.00000
     89       9306.45700
     90     -27885.05000
     91     -70493.53000
     92     -82134.84000
     93     -61371.55000
     94     -40020.18000
     95     -34404.04000
     96     -31401.95000
     97     -27201.11000
     98     -38621.50000
     99     -64441.95000
    100     -75349.42000
    101     -56637.09000
    102     -28506.22000
    103     -14987.77000
    104     -18438.89000
    105     -27346.46000
    106     -29583.29000
    107     -17820.58000
    108       5054.35200
    109      25534.21000
    110      29408.98000
    111      13786.51000
    112      -9271.75000
    113     -24761.51000
    114     -31305.71000
    115     -35457.12000
    116     -31721.13000
    117     -11863.58000
    118       6444.72700
    119      -6251.41000
    120     -45414.04000
    121     -73672.05000
    122     -68206.66000
    123     -38649.11000
    124      -7098.92200
    125       4839.85200
    126     -13343.60000
    127     -43452.48000
    128     -54201.21000
    129     -43226.16000
    130     -33966.04000
    131     -33124.27000
    132     -27258.46000
    133     -14595.54000
    134      -4330.35900
    135       5772.16400
    136      20711.97000
    137      29745.18000
    138      21133.98000
    139       4784.03100
    140        146.24610
    141       7578.05100
    142       8548.72700
    143      -5574.53500
    144     -21148.38000
    145     -25416.71000
    146     -24472.28000
    147     -26996.57000
    148     -29497.05000
    149     -31272.12000
    150     -41893.79000
    151     -59022.61000
    152     -61450.99000
    153     -41232.62000
    154     -22876.20000
    155     -30324.08000
    156     -49500.25000
    157     -48252.13000
    158     -26451.27000
    159     -15769.46000
    160     -27751.75000
    161     -35805.91000
    162     -18647.55000
    163       8232.72700
    164      16078.59000
    165      -4378.35900
    166     -38529.93000
    167     -60981.66000
    168     -56149.95000
    169     -35167.61000
    170     -25106.91000
    171     -38667.35000
    172     -63011.11000
    173     -74437.22000
    174     -57597.97000
    175     -18532.45000
    176      19119.11000
    177      36933.12000
    178      33950.05000
    179      14605.80000
    180     -14481.18000
    181     -34682.23000
    182     -30821.36000
    183     -17069.86000
    184     -18683.53000
    185     -33082.26000
    186     -38411.02000
    187     -32819.30000
    188     -36745.22000
    189     -58365.64000
    190     -77215.46000
    191     -67408.00000
    192     -31180.76000
    193       -672.20700
    194       -642.12300
    195     -20369.54000
    196     -33479.14000
    197     -31475.06000
    198     -23487.56000
    199     -17741.64000
    200     -16493.71000
    201     -18048.97000
    202     -18651.26000
    203     -19443.74000
    204     -26313.80000
    205     -36117.13000
    206     -34269.29000
    207     -12101.93000
    208      21617.78000
    209      47358.18000
    210      49572.77000
    211      30451.75000
    212       8839.43400
    213      -1852.10900
    214      -7319.17800
    215     -16912.10000
    216     -27825.54000
    217     -32260.14000
    218     -27773.37000
    219     -17334.48000
    220      -8695.85900
    221      -9286.59000
    222     -15485.85000
    223     -17155.33000
    224     -15786.40000
    225     -23357.44000
    226     -40611.35000
    227     -52241.70000
    228     -47240.49000
    229     -31940.44000
    230     -18749.04000
    231     -11619.33000
    232      -8889.18800
    233     -12266.45000
    234     -22957.05000
    235     -33131.81000
    236     -32619.82000
    237     -22649.64000
    238     -14962.12000
    239     -18472.78000
    240     -31184.54000
    241     -43380.24000
    242     -48506.81000
    243     -51365.23000
    244     -59685.83000
    245     -68801.47000
    246     -66465.41000
    247     -53069.32000
    248     -43979.93000
    249     -51717.69000
    250     -75280.88000
    251    -102027.10000
    252    -111747.10000
    253     -87465.28000
    254     -34915.48000
    255      11577.29000
    256      14963.34000
    257     -25932.23000
    258     -70155.14000
    259     -79595.84000
    260     -64347.10000
    261     -63111.17000
    262     -83944.34000
    263     -94942.19000
    264     -74690.36000
    265     -40841.34000
    266     -22066.84000
    267     -26126.60000
    268     -42894.55000
    269     -61484.56000
    270     -75651.41000
    271     -78942.11000
    272     -64178.77000
    273     -33326.47000
    274      -4517.19700
    275       -480.77050
    276     -26826.81000
    277     -63638.35000
    278     -80699.36000
    279     -68515.02000
    280     -55161.06000
    281     -75946.81000
    282    -121878.70000
    283    -142404.10000
    284    -109130.60000
    285     -50470.08000
    286     -12006.49000
    287      -7880.81000
    288     -22475.04000
    289     -36944.11000
    290     -41244.27000
    291     -37061.13000
    292     -38658.33000
    293     -57597.74000
    294     -81739.41000
    295     -87179.67000
    296     -74377.45000
    297     -67637.68000
    298     -73345.41000
    299     -70403.64000
    300     -50474.96000
    301     -32350.57000
    302     -26630.33000
    303     -19696.30000
    304      -2560.62800
    305      10822.52000
    306       1061.85800
    307     -33902.06000
    308     -71981.70000
    309     -82013.11000
    310     -56066.37000
    311     -22139.07000
    312     -11670.79000
    313     -24224.86000
    314     -37495.34000
    315     -39631.70000
    316     -37840.14000
    317     -41337.25000
    318     -46222.85000
    319     -40976.64000
    320     -26524.78000
    321     -20041.34000
    322     -30540.53000
    323     -43612.61000
    324     -42365.34000
    325     -29447.28000
    326     -17510.14000
    327     -15088.14000
    328     -29800.43000
    329     -64335.48000
    330    -100380.20000
    331    -107119.30000
    332     -74547.85000
    333     -23650.54000
    334      17500.13000
    335      33497.41000
    336      21202.55000
    337     -11405.58000
    338     -43150.05000
    339     -50124.41000
    340     -27146.11000
    341       2593.07200
    342       6484.21400
    343     -24444.23000
    344     -65085.11000
    345     -82836.09000
    346     -71001.32000
    347     -52980.17000
    348     -55906.59000
    349     -80027.98000
    350     -97012.20000
    351     -84187.67000
    352     -52104.60000
    353     -26543.88000
    354     -17610.92000
    355     -20882.34000
    356     -29757.63000
    357     -33363.39000
    358     -23921.90000
    359     -13633.94000
    360     -20474.36000
    361     -38380.52000
    362     -46506.09000
    363     -41689.57000
    364     -37460.77000
    365     -37649.30000
    366     -33754.15000
    367     -26585.14000
    368     -30473.96000
    369     -47440.15000
    370     -54607.85000
    371     -37949.30000
    372     -23175.62000
    373     -41942.03000
    374     -78874.86000
    375     -89010.33000
    376     -61615.68000
    377     -32401.85000
    378     -31440.83000
    379     -44918.12000
    380     -40901.79000
    381     -19439.64000
    382     -11778.11000
    383     -28846.63000
    384     -47046.51000
    385     -55015.05000
    386     -69835.28000
    387     -93387.79000
    388    -101154.70000
    389     -87484.49000
    390     -77591.88000
    391     -85677.01000
    392     -95135.08000
    393     -87328.50000
    394     -69233.66000
    395     -61269.77000
    396     -61948.53000
    397     -46282.66000
    398     -13969.70000
    399      -5820.96400
    400     -41722.66000
    401     -80416.13000
    402     -78129.52000
    403     -49534.47000
    404     -35952.82000
    405     -46854.98000
    406     -61434.71000
    407     -65648.50000
    408     -65924.73000
    409     -73693.83000
    410     -88510.49000
    411    -100105.40000
    412    -100586.00000
    413     -88411.02000
    414     -68661.16000
    415     -54147.61000
    416     -54281.95000
    417     -62103.80000
    418     -66237.91000
    419     -67694.20000
    420     -69957.02000
    421     -67019.98000
    422     -55392.29000
    423     -44021.64000
    424     -42449.47000
    425     -48244.45000
    426     -49507.45000
    427     -39240.15000
    428     -28609.85000
    429     -35021.39000
    430     -52238.21000
    431     -53843.00000
    432     -36026.82000
    433     -28315.46000
    434     -46010.66000
    435     -60852.73000
    436     -42457.48000
    437      -8477.12100
    438      -2949.00400
    439     -32453.95000
    440     -56690.90000
    441     -48102.09000
    442     -28041.48000
    443     -26868.61000
    444     -33912.56000
    445     -10199.44000
    446      62670.05000
    447     166140.20000
    448     270305.50000
    449     358710.40000
    450     424896.90000
    451     459064.70000
    452     452528.40000
    453     413046.00000
    454     365068.70000
    455     332341.20000
    456     321856.50000
    457     320190.90000
    458     307474.70000
    459     283599.00000
    460     272533.00000
    461     287121.50000
    462     305128.80000
    463     302481.20000
    464     290079.90000
    465     289277.00000
    466     292383.10000
    467     278949.30000
    468     250183.00000
    469     219251.70000
    470     187521.00000
    471     152263.70000
    472     121499.10000
    473     106721.00000
    474     109092.30000
    475     115713.20000
    476     110515.30000
    477      94277.42000
    478      83164.00000
    479      81216.62000
    480      78046.24000
    481      78112.26000
    482      95980.84000
    483     122654.70000
    484     138352.10000
    485     150276.90000
    486     175340.00000
    487     201959.20000
    488     210343.10000
    489     211185.20000
    490     228738.80000
    491     261819.20000
    492     288822.40000
    493     300577.60000
    494     304925.80000
    495     301021.20000
    496     272031.50000
    497     215299.90000
    498     160257.40000
    499     136859.80000
    500     141103.50000
    501     150606.50000
    502     158311.40000
    503     170394.70000
    504     181961.50000
    505     175586.20000
    506     149142.30000
    507     133441.60000
    508     162968.70000
    509     226391.10000
    510     269595.70000
    511     256817.90000
    512     204133.80000
    513     146798.40000
    514     102915.60000
    515      75489.83000
    516      60931.72000
    517      48736.28000
    518      33797.11000
    519      27081.35000
    520      37992.47000
    521      57596.65000
    522      75098.92000
    523      90922.59000
    524      97442.31000
    525      75018.52000
    526      28462.85000
    527      -3586.18800
    528       1054.11700
    529      19761.16000
    530      26896.34000
    531      30395.03000
    532      46572.95000
    533      69990.38000
    534      86850.31000
    535      94657.36000
    536      99616.29000
    537     114563.80000
    538     159643.00000
    539     241010.50000
    540     328244.40000
    541     375703.40000
    542     371031.70000
    543     346695.90000
    544     338049.40000
    545     343941.60000
    546     338630.60000
    547     312545.70000
    548     282552.70000
    549     261750.90000
    550     241587.80000
    551     213132.00000
    552     185224.30000
    553     167126.20000
    554     152190.60000
    555     134439.70000
    556     126185.70000
    557     142893.20000
    558     178478.70000
    559     207364.10000
    560     210524.30000
    561     194317.80000
    562     177906.40000
    563     165595.20000
    564     146882.70000
    565     125700.70000
    566     125749.00000
    567     155774.20000
    568     190938.90000
    569     200454.40000
    570     179264.80000
    571     146987.00000
    572     128699.70000
    573     137433.70000
    574     165129.00000
    575     193016.60000
    576     212867.00000
    577     230311.40000
    578     252511.20000
    579     289970.00000
    580     361426.70000
    581     474308.20000
    582     608214.80000
    583     738968.90000
    584     867231.70000
    585    1001751.00000
    586    1127486.00000
    587    1216962.00000
    588    1277126.00000
    589    1361492.00000
    590    1524154.00000
    591    1815356.00000
    592    2385670.00000
    593    3490511.00000
    594    5154871.00000
    595    6818491.00000
    596    7599807.00000
    597    7076630.00000
    598    5655480.00000
    599    4098474.00000
    600    2879412.00000
    601    2064588.00000
    602    1560607.00000
    603    1269932.00000
    604    1095162.00000
    605     953727.60000
    606     814469.10000
    607     688602.10000
    608     591371.80000
    609     522573.70000
    610     470707.20000
    611     423809.50000
    612     381267.30000
    613     356451.60000
    614     357145.80000
    615     365054.90000
    616     351601.20000
    617     311023.20000
    618     261637.00000
    619     225016.50000
    620     216656.70000
    621     236236.80000
    622     256358.50000
    623     245529.20000
    624     206514.50000
    625     170397.00000
    626     160118.90000
    627     176761.60000
    628     204921.90000
    629     219973.80000
    630     208171.10000
    631     181028.10000
    632     155991.00000
    633     136458.30000
    634     122549.20000
    635     117572.30000
    636     114134.70000
    637     100278.90000
    638      82127.42000
    639      73827.80000
    640      71497.67000
    641      64849.98000
    642      60929.41000
    643      67830.66000
    644      73159.46000
    645      66479.80000
    646      62067.65000
    647      73298.82000
    648      85565.51000
    649      78019.74000
    650      55785.09000
    651      42832.49000
    652      51057.07000
    653      65705.77000
    654      64454.47000
    655      51974.69000
    656      59762.28000
    657      96916.75000
    658     124450.10000
    659     106485.10000
    660      65222.26000
    661      51006.62000
    662      71483.15000
    663      84012.16000
    664      57784.32000
    665      16808.70000
    666       7665.14100
    667      39008.77000
    668      76005.98000
    669      90125.38000
    670      85445.73000
    671      72638.97000
    672      49753.16000
    673      20662.94000
    674       4633.06200
    675      11489.09000
    676      25804.40000
    677      29389.76000
    678      24623.57000
    679      22340.27000
    680      21693.29000
    681      19936.07000
    682      27196.62000
    683      47677.51000
    684      61314.86000
    685      51314.16000
    686      33297.81000
    687      29892.70000
    688      37172.02000
    689      42225.22000
    690      49625.02000
    691      67205.53000
    692      87496.26000
    693      97914.90000
    694      91760.45000
    695      67548.37000
    696      33657.40000
    697       7949.97700
    698       2794.58600
    699      17382.77000
    700      40829.23000
    701      53313.00000
    702      42318.84000
    703      27301.89000
    704      38873.38000
    705      68619.53000
    706      79472.38000
    707      64635.05000
    708      47759.10000
    709      31631.63000
    710        757.97660
    711     -33351.46000
    712     -42150.87000
    713     -26086.80000
    714      -6720.69500
    715      10521.61000
    716      27651.78000
    717      33133.86000
    718      26374.52000
    719      32537.25000
    720      57664.88000
    721      65988.67000
    722      37270.56000
    723       5350.68000
    724       3642.05500
    725      15770.13000
    726      14683.98000
    727       7025.49200
    728       6526.75800
    729       4676.88300
    730      -4666.72700
    731      -8031.34400
    732        744.82810
    733       8772.56200
    734      10281.20000
    735      13332.66000
    736      16373.23000
    737       9004.25000
    738      -4279.43800
    739     -10771.90000
    740     -15259.54000
    741     -29742.79000
    742     -44974.80000
    743     -40281.04000
    744     -16035.27000
    745       4249.39800
    746        -56.91406
    747     -26875.97000
    748     -50359.94000
    749     -42310.27000
    750      -5031.17200
    751      26325.27000
    752      24479.47000
    753       -588.21880
    754     -21633.58000
    755     -25591.96000
    756     -15504.37000
    757       2338.13300
    758      22713.80000
    759      43559.88000
    760      66861.40000
    761      86323.60000
    762      79860.23000
    763      37036.38000
    764     -10933.23000
    765     -20009.67000
    766      10904.86000
    767      45547.25000
    768      61923.64000
    769      62369.33000
    770      49791.05000
    771      33117.32000
    772      35174.21000
    773      62084.65000
    774      89516.98000
    775      99522.82000
    776      99011.05000
    777      92307.49000
    778      73483.51000
    779      51096.67000
    780      45522.47000
    781      58116.58000
    782      68391.11000
    783      61522.28000
    784      42172.66000
    785      23241.31000
    786      11889.86000
    787       6215.05500
    788        969.44530
    789      -4178.27300
    790      -4370.63300
    791        870.96090
    792       4965.39800
    793       7090.41400
    794      15543.38000
    795      27585.33000
    796      24481.58000
    797       2106.57800
    798     -17878.36000
    799     -24981.02000
    800     -35962.41000
    801     -55195.59000
    802     -56719.82000
    803     -27063.18000
    804       8087.30500
    805      18359.34000
    806       4471.68000
    807      -9953.64800
    808      -5759.52300
    809      14108.18000
    810      27529.03000
    811      18736.67000
    812       -758.46880
    813      -7499.64100
    814       3640.42200
    815      16729.31000
    816      16545.00000
    817       2940.42200
    818     -12627.90000
    819     -18591.63000
    820     -12186.96000
    821       -504.10160
    822       4088.91400
    823      -6837.60200
    824     -25847.04000
    825     -32836.24000
    826     -20667.64000
    827      -5645.07800
    828        494.76560
    829       6698.18800
    830      13347.00000
    831      -1742.20300
    832     -42495.64000
    833     -70398.66000
    834     -48870.91000
    835       9956.07000
    836      60141.71000
    837      67550.51000
    838      34751.77000
    839      -7288.00800
    840     -32203.07000
    841     -41323.85000
    842     -43951.61000
    843     -31181.50000
    844       3308.07800
    845      33707.47000
    846      27525.83000
    847     -10526.81000
    848     -45070.50000
    849     -50305.59000
    850     -29815.95000
    851      -6659.14800
    852       -183.82030
    853      -8598.53900
    854     -17726.60000
    855     -22888.54000
    856     -29144.09000
    857     -37111.49000
    858     -43754.77000
    859     -47244.52000
    860     -40572.97000
    861     -16436.27000
    862      14819.80000
    863      30153.34000
    864      20615.91000
    865      -2023.46900
    866     -24120.95000
    867     -40185.26000
    868     -44691.10000
    869     -29363.30000
    870       2265.46100
    871      27307.10000
    872      26678.76000
    873      11177.77000
    874       4886.45300
    875       9586.34400
    876       9355.70300
    877        297.15620
    878      -8836.18800
    879     -13158.14000
    880     -10530.06000
    881      -2153.17200
    882      -3148.57000
    883     -26490.70000
    884     -52608.45000
    885     -45187.35000
    886      -1473.83600
    887      40759.98000
    888      51796.45000
    889      42580.96000
    890      38539.61000
    891      40453.00000
    892      33378.20000
    893      21122.36000
    894      20131.42000
    895      26887.64000
    896      27300.59000
    897      28446.61000
    898      42297.12000
    899      51678.42000
    900      31685.09000
    901      -9318.00000
    902     -40986.81000
    903     -47788.17000
    904     -37058.44000
    905     -26388.30000
    906     -27677.50000
    907     -32133.80000
    908     -22720.39000
    909      -7885.89100
    910     -13442.44000
    911     -35159.41000
    912     -40275.88000
    913     -23941.81000
    914     -18741.75000
    915     -37943.22000
    916     -53101.42000
    917     -40470.55000
    918     -13086.36000
    919       5388.03100
    920       9390.17200
    921       4213.71900
    922      -6327.43800
    923     -16261.50000
    924     -18898.91000
    925     -17314.31000
    926     -18280.30000
    927     -15683.83000
    928        920.79690
    929      21435.97000
    930      23445.03000
    931       7885.40600
    932       -241.09380
    933       8233.60900
    934      13910.58000
    935       3316.67200
    936     -10936.66000
    937     -13746.09000
    938      -9416.62500
    939     -10915.91000
    940     -21646.78000
    941     -32952.84000
    942     -32321.64000
    943     -16970.47000
    944      -3480.26600
    945     -12864.70000
    946     -39680.53000
    947     -52925.48000
    948     -38825.09000
    949     -23013.47000
    950     -33720.27000
    951     -61341.59000
    952     -74846.50000
    953     -64195.91000
    954     -47346.23000
    955     -43917.81000
    956     -55358.41000
    957     -66771.48000
    958     -61478.97000
    959     -35929.69000
    960      -2943.42200
    961      17882.58000
    962      13789.08000
    963     -11191.66000
    964     -38203.89000
    965     -50365.98000
    966     -47005.84000
    967     -39714.12000
    968     -39783.58000
    969     -46804.19000
    970     -44098.56000
    971     -18213.02000
    972      11740.06000
    973      10519.91000
    974     -19799.91000
    975     -38367.56000
    976     -25488.69000
    977      -4923.48400
    978        204.57810
    979      -5578.42200
    980     -12647.47000
    981     -19553.58000
    982     -18392.33000
    983       1526.09400
    984      27173.52000
    985      25374.20000
    986     -15766.34000
    987     -68303.17000
    988     -96279.28000
    989     -87954.02000
    990     -53229.17000
    991     -12743.66000
    992       9006.37500
    993       4120.43800
    994      -6693.34400
    995      -2170.82800
    996      10631.39000
    997      12382.97000
    998       -474.50000
    999     -16513.31000
   1000     -22444.81000
   1001     -11330.22000
   1002       9276.90600
   1003      23431.28000
   1004      29540.86000
   1005      39441.03000
   1006      47135.78000
   1007      25525.91000
   1008     -30111.25000
   1009     -81699.67000
   1010     -93311.80000
   1011     -75961.59000
   1012     -63165.55000
   1013     -61008.08000
   1014     -53402.19000
   1015     -40894.22000
   1016     -38651.75000
   1017     -45224.05000
   1018     -44880.05000
   1019     -33318.83000
   1020     -18423.62000
   1021      -5865.62500
   1022       1090.25000
   1023        493.23440
   1024      -1553.46900
   1025       1512.46900
   1026         28.75000
   1027     -22874.16000
   1028     -62519.53000
   1029     -90640.62000
   1030     -88337.91000
   1031     -66459.72000
   1032     -45344.95000
   1033     -28728.33000
   1034     -11501.14000
   1035      -1076.00000
   1036     -11557.78000
   1037     -41252.39000
   1038     -71579.33000
   1039     -86732.83000
   1040     -84691.02000
   1041     -72270.34000
   1042     -55794.78000
   1043     -35087.02000
   1044      -7497.93800
   1045      17921.73000
   1046      18779.36000
   1047     -14399.02000
   1048     -55739.81000
   1049     -67298.38000
   1050     -48033.53000
   1051     -39109.69000
   1052     -67337.17000
   1053    -101373.50000
   1054     -89588.77000
   1055     -32734.22000
   1056      13292.03000
   1057       8865.06200
   1058     -26022.16000
   1059     -47960.95000
   1060     -43074.44000
   1061     -31646.39000
   1062     -35861.98000
   1063     -52911.92000
   1064     -58532.94000
   1065     -37628.53000
   1066      -5014.28100
   1067      14799.64000
   1068      18365.73000
   1069      18799.34000
   1070      24221.41000
   1071      35431.12000
   1072      47337.83000
   1073      40515.67000
   1074      -3725.45300
   1075     -67696.23000
   1076    -104894.90000
   1077     -94758.58000
   1078     -59999.89000
   1079     -22923.28000
   1080      15804.66000
   1081      45147.31000
   1082      38419.11000
   1083       1117.92200
   1084     -20811.58000
   1085      -5055.18800
   1086      15199.19000
   1087       5675.10900
   1088     -22365.83000
   1089     -41497.53000
   1090     -47137.95000
   1091     -47498.70000
   1092     -45525.42000
   1093     -45230.81000
   1094     -49940.03000
   1095     -47961.69000
   1096     -27301.86000
   1097      -5439.34400
   1098     -12963.61000
   1099     -46140.91000
   1100     -69548.59000
   1101     -67688.97000
   1102     -58790.08000
   1103     -54584.70000
   1104     -43397.55000
   1105     -20365.06000
   1106      -2149.06200
   1107      -2760.90600
   1108     -17016.17000
   1109     -32938.20000
   1110     -44915.50000
   1111     -52758.58000
   1112     -57023.36000
   1113     -55208.05000
   1114     -41899.25000
   1115     -18755.03000
   1116      -2269.29700
   1117      -8408.46900
   1118     -27972.94000
   1119     -33357.89000
   1120     -16099.53000
   1121       -645.00000
   1122      -9062.40600
   1123     -30669.41000
   1124     -45650.89000
   1125     -60829.58000
   1126     -92371.88000
   1127    -122773.00000
   1128    -112681.20000
   1129     -60297.69000
   1130     -14657.34000
   1131     -15564.28000
   1132     -48187.03000
   1133     -72174.78000
   1134     -70405.53000
   1135     -53165.31000
   1136     -35791.03000
   1137     -26444.09000
   1138     -22322.34000
   1139     -14055.48000
   1140      -2963.92200
   1141      -4970.18800
   1142     -24675.84000
   1143     -40317.11000
   1144     -31286.92000
   1145      -7602.10900
   1146       4666.23400
   1147      -1783.39100
   1148     -11499.00000
   1149     -12141.38000
   1150      -8340.00000
   1151     -10301.91000
   1152     -22758.05000
   1153     -44891.16000
   1154     -66586.89000
   1155     -67986.41000
   1156     -39893.12000
   1157      -2056.90600
   1158      13907.17000
   1159      -2609.51600
   1160     -32134.31000
   1161     -44065.09000
   1162     -26347.94000
   1163      -1130.96900
   1164        217.45310
   1165     -19778.95000
   1166     -29956.05000
   1167     -20220.55000
   1168     -13025.25000
   1169     -22645.33000
   1170     -38375.67000
   1171     -50638.22000
   1172     -61254.09000
   1173     -69056.17000
   1174     -72205.02000
   1175     -78183.14000
   1176     -90156.20000
   1177     -95682.80000
   1178     -86850.11000
   1179     -74912.89000
   1180     -69222.48000
   1181     -60127.83000
   1182     -38382.95000
   1183     -14192.45000
   1184      -1579.20300
   1185        983.78120
   1186        804.23440
   1187      -3731.37500
   1188     -14671.00000
   1189     -25939.06000
   1190     -35293.77000
   1191     -48033.56000
   1192     -58094.41000
   1193     -48150.75000
   1194     -20645.38000
   1195      -2824.76600
   1196      -9748.82800
   1197     -27751.66000
   1198     -39933.98000
   1199     -42288.06000
   1200     -37066.62000
   1201     -34222.28000
   1202     -47613.80000
   1203     -69170.05000
   1204     -67796.02000
   1205     -33692.95000
   1206        403.54690
   1207       -513.12500
   1208     -32473.77000
   1209     -62647.08000
   1210     -66701.61000
   1211     -48738.39000
   1212     -29070.17000
   1213     -18947.42000
   1214     -16912.48000
   1215     -24540.28000
   1216     -42886.84000
   1217     -56494.39000
   1218     -50605.53000
   1219     -38778.75000
   1220     -41401.09000
   1221     -49595.75000
   1222     -43507.50000
   1223     -27757.28000
   1224     -17409.75000
   1225     -11225.09000
   1226      -4498.18800
   1227      -4212.67200
   1228     -13778.31000
   1229     -24134.94000
   1230     -26709.12000
   1231     -17145.38000
   1232       7502.56200
   1233      36898.25000
   1234      46366.45000
   1235      26131.25000
