      1     -48574.48000
      2     -61334.97000
      3     -59296.85000
      4     -47026.72000
      5     -31373.81000
      6     -15824.85000
      7      -4558.85700
      8      -3434.11700
      9     -11853.34000
     10     -21234.81000
     11     -25804.30000
     12     -26509.11000
     13     -23181.76000
     14     -15373.42000
     15     -11909.13000
     16     -25043.44000
     17     -51075.90000
     18     -67421.97000
     19     -56352.34000
     20     -27846.64000
     21     -10486.67000
     22     -18519.77000
     23     -38318.33000
     24     -52313.46000
     25     -61545.02000
     26     -73368.93000
     27     -80350.22000
     28     -67850.48000
     29     -37760.74000
     30     -10924.86000
     31      -3429.66400
     32      -8256.23400
     33      -8556.75900
     34      -5452.23600
     35     -17114.84000
     36     -45064.52000
     37     -61408.67000
     38     -45999.46000
     39     -19071.20000
     40     -13287.77000
     41     -26824.99000
     42     -33136.76000
     43     -26163.43000
     44     -22414.51000
     45     -25988.24000
     46     -26559.50000
     47     -25995.15000
     48     -33396.28000
     49     -41259.27000
     50     -37155.35000
     51     -28310.59000
     52     -25723.43000
     53     -19268.42000
     54        -34.22656
     55       9436.96900
     56     -15189.65000
     57     -51333.97000
     58     -53138.76000
     59     -20885.91000
     60      -2034.02900
     61     -18201.48000
     62     -38053.64000
     63     -35114.63000
     64     -26399.16000
     65     -34489.17000
     66     -50828.99000
     67     -57538.94000
     68     -55017.24000
     69     -51794.39000
     70     -49732.20000
     71     -47859.45000
     72     -44125.62000
     73     -34005.41000
     74     -21554.26000
     75     -21734.61000
     76     -37045.19000
     77     -47740.07000
     78     -41477.62000
     79     -34385.65000
     80     -45823.46000
     81     -68962.38000
     82     -79791.02000
     83     -63258.28000
     84     -26237.85000
     85       4701.00000
     86       3665.47600
     87     -24003.75000
     88     -42355.95000
     89     -28350.50000
     90       -575.41990
     91       9339.82200
     92      -1411.10800
     93     -11487.48000
     94     -11246.95000
     95     -10887.54000
     96     -14198.06000
     97      -9779.18500
     98       2855.38500
     99       3779.54800
    100     -14096.29000
    101     -27452.41000
    102     -20110.68000
    103     -12716.99000
    104     -28345.15000
    105     -53145.49000
    106     -61121.55000
    107     -54481.57000
    108     -49350.83000
    109     -44682.30000
    110     -34245.27000
    111     -26480.43000
    112     -27345.88000
    113     -26740.20000
    114     -19922.74000
    115     -18090.34000
    116     -26885.32000
    117     -38838.55000
    118     -50635.49000
    119     -64446.33000
    120     -74176.22000
    121     -70601.90000
    122     -56936.97000
    123     -45720.35000
    124     -43747.25000
    125     -45959.43000
    126     -42077.66000
    127     -28880.98000
    128     -15828.15000
    129     -16025.84000
    130     -33279.41000
    131     -57907.31000
    132     -69831.74000
    133     -53234.49000
    134     -20729.42000
    135      -9236.34900
    136     -32383.94000
    137     -56678.76000
    138     -50401.94000
    139     -29437.51000
    140     -23555.73000
    141     -30052.23000
    142     -36653.49000
    143     -52318.75000
    144     -76170.15000
    145     -76578.80000
    146     -39141.15000
    147       2967.56200
    148      14598.21000
    149      -2925.89300
    150     -31677.71000
    151     -56383.88000
    152     -61495.44000
    153     -44362.91000
    154     -26329.83000
    155     -26582.60000
    156     -38694.32000
    157     -45710.86000
    158     -40185.49000
    159     -25816.23000
    160     -15116.73000
    161     -19452.34000
    162     -32673.95000
    163     -41171.94000
    164     -50732.04000
    165     -76025.78000
    166    -104786.60000
    167    -105876.90000
    168     -74593.70000
    169     -39232.45000
    170     -21405.58000
    171     -16487.92000
    172     -14055.04000
    173     -13982.04000
    174     -19763.90000
    175     -31007.28000
    176     -42031.45000
    177     -42500.77000
    178     -28290.85000
    179     -13557.82000
    180     -17228.71000
    181     -37657.61000
    182     -55667.23000
    183     -59170.52000
    184     -51870.16000
    185     -44836.32000
    186     -47502.41000
    187     -57001.80000
    188     -57415.02000
    189     -43362.75000
    190     -34544.35000
    191     -47905.00000
    192     -70445.60000
    193     -80377.66000
    194     -76507.96000
    195     -67613.62000
    196     -54170.89000
    197     -36892.52000
    198     -21062.70000
    199      -3675.06900
    200      18522.81000
    201      28560.52000
    202       8509.29300
    203     -24342.42000
    204     -36135.24000
    205     -27136.42000
    206     -29066.41000
    207     -54816.70000
    208     -82672.70000
    209     -90546.86000
    210     -80377.37000
    211     -65319.94000
    212     -51228.89000
    213     -38076.43000
    214     -28557.14000
    215     -26258.99000
    216     -29747.48000
    217     -35869.46000
    218     -46342.36000
    219     -63932.19000
    220     -82773.46000
    221     -88392.23000
    222     -71377.55000
    223     -39638.91000
    224     -11229.18000
    225       4638.93500
    226       9321.36300
    227       -317.73930
    228     -27240.06000
    229     -52572.37000
    230     -46887.94000
    231     -12065.46000
    232      14410.19000
    233       7465.58400
    234     -16726.04000
    235     -30501.00000
    236     -31695.21000
    237     -33857.62000
    238     -34718.26000
    239     -19932.44000
    240       3069.25500
    241       3665.10500
    242     -27063.64000
    243     -54660.38000
    244     -44854.45000
    245     -10807.35000
    246       7087.43800
    247      -3848.93100
    248     -20595.83000
    249     -25989.79000
    250     -28842.36000
    251     -38612.61000
    252     -48257.85000
    253     -51783.05000
    254     -54301.59000
    255     -55110.98000
    256     -43923.93000
    257     -22126.99000
    258      -7050.10600
    259     -10037.07000
    260     -26055.00000
    261     -44210.85000
    262     -54791.36000
    263     -50964.07000
    264     -35229.99000
    265     -19319.19000
    266     -12135.87000
    267     -15798.83000
    268     -33210.45000
    269     -63351.67000
    270     -88226.23000
    271     -85181.64000
    272     -57554.25000
    273     -32938.46000
    274     -26097.14000
    275     -25091.90000
    276     -18118.10000
    277     -10150.17000
    278      -6758.77000
    279      -4132.13500
    280      -2094.54900
    281      -8944.32400
    282     -27948.83000
    283     -50663.77000
    284     -64320.46000
    285     -58773.88000
    286     -33970.51000
    287      -8971.50000
    288     -10311.15000
    289     -38451.34000
    290     -60489.61000
    291     -52787.73000
    292     -33795.78000
    293     -33288.29000
    294     -46944.38000
    295     -49639.68000
    296     -39417.30000
    297     -36467.43000
    298     -45123.09000
    299     -47009.08000
    300     -33302.20000
    301     -19173.22000
    302     -18354.14000
    303     -21231.93000
    304     -13197.83000
    305      -4075.44300
    306     -17633.29000
    307     -52912.60000
    308     -79043.05000
    309     -74908.55000
    310     -54132.49000
    311     -43244.16000
    312     -50891.04000
    313     -65051.83000
    314     -70387.96000
    315     -64170.56000
    316     -56864.68000
    317     -54532.46000
    318     -47663.50000
    319     -29080.10000
    320     -12183.09000
    321     -12896.46000
    322     -25750.08000
    323     -37145.15000
    324     -46522.86000
    325     -55150.85000
    326     -53494.97000
    327     -39759.37000
    328     -30282.29000
    329     -33459.33000
    330     -33708.49000
    331     -16950.25000
    332       6511.97700
    333      16985.57000
    334       8233.55100
    335     -11145.13000
    336     -27096.61000
    337     -28955.04000
    338     -18173.47000
    339      -7226.91400
    340      -5660.29900
    341     -12825.92000
    342     -24496.93000
    343     -37571.28000
    344     -48513.79000
    345     -54631.91000
    346     -55094.63000
    347     -48171.55000
    348     -34138.89000
    349     -20464.22000
    350     -15833.69000
    351     -21366.46000
    352     -33317.72000
    353     -45913.66000
    354     -47903.89000
    355     -30783.98000
    356      -5789.86500
    357       1925.84600
    358     -18058.41000
    359     -48819.30000
    360     -63749.96000
    361     -50914.72000
    362     -22602.31000
    363      -3599.81800
    364      -5243.29100
    365     -13975.52000
    366     -13627.49000
    367      -7884.41200
    368      -6287.48000
    369      -3667.41400
    370       6100.25200
    371      12136.33000
    372       3086.77500
    373     -14791.62000
    374     -30202.26000
    375     -39382.00000
    376     -41283.73000
    377     -40274.45000
    378     -47670.34000
    379     -60882.92000
    380     -59378.23000
    381     -38662.62000
    382     -20509.34000
    383     -16692.65000
    384     -16093.48000
    385     -13569.59000
    386     -18195.83000
    387     -33395.47000
    388     -55022.64000
    389     -80189.00000
    390    -100681.70000
    391    -102731.10000
    392     -82378.72000
    393     -48868.19000
    394     -16973.50000
    395      -5764.33200
    396     -27418.50000
    397     -64793.48000
    398     -81367.30000
    399     -64306.84000
    400     -37299.21000
    401     -24168.54000
    402     -22468.63000
    403     -21229.00000
    404     -22953.21000
    405     -34324.80000
    406     -47746.55000
    407     -46748.94000
    408     -27160.96000
    409      -4360.04700
    410       3303.33200
    411      -5196.18800
    412     -15516.96000
    413     -20362.39000
    414     -29715.02000
    415     -52126.66000
    416     -76165.66000
    417     -80776.55000
    418     -59504.43000
    419     -27908.98000
    420      -8536.47300
    421      -9894.59400
    422     -20150.59000
    423     -23070.33000
    424     -15520.98000
    425      -4683.53500
    426       4404.25800
    427      10945.17000
    428      13462.36000
    429       8052.18000
    430      -9241.06600
    431     -34258.52000
    432     -50183.71000
    433     -43933.39000
    434     -27033.23000
    435     -23696.96000
    436     -38246.15000
    437     -51727.18000
    438     -49395.63000
    439     -35429.91000
    440     -21307.65000
    441     -12969.84000
    442      -9982.63700
    443      -9759.60200
    444     -10781.06000
    445     -13337.84000
    446     -17511.08000
    447     -20255.86000
    448     -14656.48000
    449       5807.06600
    450      37245.57000
    451      61583.61000
    452      62415.25000
    453      44981.28000
    454      30379.23000
    455      29876.42000
    456      35206.18000
    457      31810.28000
    458      12365.72000
    459     -17305.80000
    460     -38398.51000
    461     -34523.35000
    462     -13022.72000
    463       1514.78900
    464      -1096.80100
    465      -5003.13700
    466       7626.24200
    467      31972.94000
    468      44529.98000
    469      29669.33000
    470        621.64450
    471     -13449.41000
    472      -4220.49600
    473       6794.85200
    474       4604.10900
    475       4548.08200
    476      22642.19000
    477      42853.38000
    478      39218.20000
    479      18859.77000
    480      15204.46000
    481      39100.88000
    482      60483.57000
    483      48592.48000
    484      14794.02000
    485      -1139.25400
    486      18675.12000
    487      51562.79000
    488      67830.20000
    489      64545.09000
    490      58141.03000
    491      60159.91000
    492      71680.77000
    493      88879.93000
    494     103136.90000
    495     105613.60000
    496      97932.57000
    497      90764.52000
    498      91324.09000
    499     100142.80000
    500     115286.20000
    501     130574.90000
    502     135548.20000
    503     126923.90000
    504     116468.80000
    505     118632.70000
    506     132942.50000
    507     147490.20000
    508     159276.40000
    509     179112.80000
    510     212105.10000
    511     245765.10000
    512     264974.10000
    513     271556.90000
    514     283650.90000
    515     317679.60000
    516     368957.70000
    517     411779.30000
    518     428927.80000
    519     437180.40000
    520     468216.40000
    521     526395.80000
    522     581319.00000
    523     602635.10000
    524     594128.40000
    525     591865.00000
    526     628846.60000
    527     703102.90000
    528     786799.80000
    529     863276.20000
    530     942020.20000
    531    1041161.00000
    532    1169037.00000
    533    1320522.00000
    534    1482790.00000
    535    1648516.00000
    536    1823021.00000
    537    2004848.00000
    538    2162672.00000
    539    2252790.00000
    540    2261717.00000
    541    2211693.00000
    542    2125292.00000
    543    2010214.00000
    544    1878756.00000
    545    1752189.00000
    546    1640044.00000
    547    1537256.00000
    548    1438585.00000
    549    1335708.00000
    550    1215533.00000
    551    1086302.00000
    552     985556.60000
    553     937282.80000
    554     920820.50000
    555     902682.60000
    556     881024.10000
    557     880107.10000
    558     907583.80000
    559     931178.60000
    560     909587.60000
    561     845422.30000
    562     784118.60000
    563     753051.60000
    564     732151.30000
    565     694288.80000
    566     639910.60000
    567     581837.70000
    568     528096.00000
    569     486736.40000
    570     463370.10000
    571     453157.40000
    572     448721.30000
    573     448269.70000
    574     449929.70000
    575     450267.20000
    576     447738.40000
    577     435714.20000
    578     403402.40000
    579     359480.20000
    580     336752.50000
    581     351440.40000
    582     375850.70000
    583     375382.00000
    584     354616.20000
    585     341396.60000
    586     344050.50000
    587     352100.60000
    588     361520.00000
    589     371093.70000
    590     369533.80000
    591     350370.50000
    592     324680.50000
    593     304430.10000
    594     293071.70000
    595     297856.70000
    596     322363.20000
    597     345669.00000
    598     342979.90000
    599     323582.70000
    600     312802.70000
    601     307651.90000
    602     290508.10000
    603     271132.80000
    604     270976.00000
    605     279923.20000
    606     270755.00000
    607     244348.20000
    608     223555.20000
    609     213221.60000
    610     198720.50000
    611     176446.90000
    612     158302.20000
    613     148805.90000
    614     138822.40000
    615     122228.50000
    616     103323.10000
    617      87306.83000
    618      76792.66000
    619      76708.48000
    620      87100.15000
    621      92058.38000
    622      74685.73000
    623      43804.67000
    624      25005.82000
    625      22825.08000
    626      14554.82000
    627     -11172.84000
    628     -31171.44000
    629     -18134.66000
    630      17942.05000
    631      37419.09000
    632      19779.79000
    633     -11409.91000
    634     -19429.67000
    635       3106.09400
    636      34334.94000
    637      53062.62000
    638      51954.11000
    639      30861.90000
    640      -2977.92600
    641     -32981.55000
    642     -47562.21000
    643     -50789.40000
    644     -48063.39000
    645     -35127.57000
    646     -14537.03000
    647      -4406.35900
    648     -13778.38000
    649     -26828.42000
    650     -26482.27000
    651     -17005.19000
    652     -12981.85000
    653     -21974.31000
    654     -41154.71000
    655     -55986.88000
    656     -48230.05000
    657     -20763.73000
    658      -1226.50000
    659      -6189.51600
    660     -21118.51000
    661     -28434.20000
    662     -30283.09000
    663     -31269.59000
    664     -25508.40000
    665     -13263.52000
    666      -7434.00800
    667     -14767.97000
    668     -27971.61000
    669     -38264.50000
    670     -41113.10000
    671     -34289.37000
    672     -24838.22000
    673     -29809.69000
    674     -54794.29000
    675     -80821.14000
    676     -88118.54000
    677     -82459.02000
    678     -80737.76000
    679     -81367.93000
    680     -69984.87000
    681     -46739.47000
    682     -26491.21000
    683     -16785.27000
    684     -12929.21000
    685      -9203.37500
    686      -2454.25000
    687       5659.79700
    688       2270.93800
    689     -23739.04000
    690     -56373.60000
    691     -64205.85000
    692     -45281.17000
    693     -31894.20000
    694     -40492.52000
    695     -48840.62000
    696     -37307.68000
    697     -20028.44000
    698     -15823.22000
    699     -18348.88000
    700     -15859.78000
    701     -14743.45000
    702     -24533.34000
    703     -40251.21000
    704     -51228.64000
    705     -50766.42000
    706     -36430.22000
    707     -16598.66000
    708      -7999.38300
    709     -12890.97000
    710     -16787.62000
    711     -18894.11000
    712     -35824.12000
    713     -64497.73000
    714     -75957.99000
    715     -58959.73000
    716     -36849.64000
    717     -30140.12000
    718     -32016.56000
    719     -29985.07000
    720     -25460.76000
    721     -22105.84000
    722     -14609.63000
    723       1123.46900
    724      17575.35000
    725      22427.97000
    726      11323.84000
    727      -9255.71900
    728     -30719.24000
    729     -51014.81000
    730     -70580.30000
    731     -82010.17000
    732     -74436.05000
    733     -51185.45000
    734     -31675.76000
    735     -29943.19000
    736     -38693.77000
    737     -38623.85000
    738     -20927.84000
    739       -663.03910
    740      -4057.69500
    741     -35000.37000
    742     -63751.81000
    743     -63861.77000
    744     -45654.76000
    745     -32621.03000
    746     -25923.20000
    747     -19517.04000
    748     -23992.61000
    749     -41997.20000
    750     -46994.88000
    751     -22094.91000
    752       5475.75000
    753       2175.24200
    754     -23210.98000
    755     -37011.48000
    756     -26156.41000
    757      -4809.50800
    758       7319.38300
    759       -239.54690
    760     -23675.26000
    761     -48670.66000
    762     -63663.92000
    763     -65213.99000
    764     -50821.54000
    765     -20330.34000
    766      15119.55000
    767      39056.65000
    768      44141.17000
    769      33945.27000
    770      18789.70000
    771      14358.99000
    772      29488.19000
    773      50008.44000
    774      50445.13000
    775      27160.31000
    776       5544.20300
    777       9499.25800
    778      35910.70000
    779      62634.59000
    780      71134.69000
    781      58847.70000
    782      39633.05000
    783      33438.08000
    784      45480.20000
    785      56119.53000
    786      42758.05000
    787       9957.42200
    788     -14231.96000
    789      -9674.50000
    790      16918.55000
    791      39466.87000
    792      33596.80000
    793       -711.92970
    794     -34676.90000
    795     -39310.82000
    796     -17069.56000
    797       5764.99200
    798      11535.40000
    799       3001.18800
    800      -8614.25800
    801     -13884.52000
    802      -9354.04700
    803        334.09380
    804       7490.97700
    805       9091.77300
    806       6939.18800
    807       4605.41400
    808       4082.21100
    809      -1062.24200
    810     -22670.38000
    811     -58574.41000
    812     -86064.14000
    813     -84893.32000
    814     -57909.60000
    815     -25527.95000
    816      -8757.06200
    817     -15181.70000
    818     -35158.16000
    819     -56004.16000
    820     -73811.38000
    821     -82028.68000
    822     -69743.66000
    823     -46970.95000
    824     -40858.59000
    825     -51272.03000
    826     -48495.98000
    827     -25101.13000
    828      -5379.93800
    829       1089.10900
    830       9031.41400
    831      20034.46000
    832      17495.95000
    833      -2178.54700
    834     -25544.80000
    835     -45365.30000
    836     -64095.88000
    837     -77927.41000
    838     -76466.87000
    839     -60507.08000
    840     -48230.87000
    841     -55497.59000
    842     -72939.27000
    843     -71573.85000
    844     -36454.57000
    845       8921.46100
    846      21824.77000
    847     -11130.23000
    848     -54537.30000
    849     -65544.70000
    850     -44796.26000
    851     -26957.93000
    852     -28908.66000
    853     -34470.55000
    854     -30660.93000
    855     -29841.12000
    856     -44581.22000
    857     -62445.51000
    858     -62566.52000
    859     -44482.58000
    860     -25194.48000
    861     -16489.15000
    862     -17758.90000
    863     -24476.20000
    864     -33605.10000
    865     -43732.05000
    866     -53512.28000
    867     -59221.15000
    868     -58027.90000
    869     -53352.16000
    870     -48079.59000
    871     -35685.76000
    872     -11960.25000
    873       8793.15600
    874       4461.47700
    875     -29707.46000
    876     -75049.25000
    877    -104823.30000
    878    -103161.00000
    879     -75815.95000
    880     -44393.43000
    881     -28214.57000
    882     -32338.53000
    883     -48040.36000
    884     -58671.97000
    885     -52097.99000
    886     -34183.17000
    887     -20634.43000
    888     -13103.80000
    889        -51.75000
    890      14848.39000
    891       6989.47700
    892     -34294.37000
    893     -80879.39000
    894     -92038.34000
    895     -60898.91000
    896     -21175.95000
    897      -6858.78100
    898     -19487.82000
    899     -40970.19000
    900     -58807.54000
    901     -64740.51000
    902     -51584.45000
    903     -30804.36000
    904     -27862.34000
    905     -41786.29000
    906     -43264.58000
    907     -29120.68000
    908     -31901.55000
    909     -55901.50000
    910     -59270.12000
    911     -25299.43000
    912       4621.93000
    913      -2787.20300
    914     -24367.73000
    915     -25562.39000
    916     -10563.97000
    917      -1597.88300
    918      -1706.68000
    919      -2529.09400
    920      -7866.32800
    921     -27512.98000
    922     -56408.12000
    923     -76554.78000
    924     -78619.71000
    925     -69269.63000
    926     -54944.52000
    927     -32895.11000
    928      -6507.53900
    929       5413.01600
    930      -9558.58600
    931     -35750.37000
    932     -45153.23000
    933     -30191.58000
    934      -9025.18000
    935      -1435.52300
    936      -9196.43800
    937     -19841.98000
    938     -22323.45000
    939     -14931.77000
    940      -2693.06200
    941       5454.21100
    942        498.41410
    943     -16108.88000
    944     -29470.57000
    945     -27853.73000
    946     -15612.77000
    947      -3714.03900
    948        661.50780
    949      -6987.03900
    950     -23923.56000
    951     -36161.49000
    952     -34956.85000
    953     -29355.94000
    954     -30611.52000
    955     -40958.63000
    956     -63791.61000
    957     -97899.44000
    958    -118761.70000
    959    -100629.20000
    960     -59658.66000
    961     -38378.45000
    962     -46204.11000
    963     -54134.27000
    964     -50024.86000
    965     -56069.65000
    966     -80220.81000
    967     -90904.41000
    968     -62898.27000
    969     -17792.12000
    970       7447.15600
    971      10332.32000
    972      14666.18000
    973      26903.11000
    974      28115.16000
    975       7363.19500
    976     -18675.08000
    977     -28249.89000
    978     -22395.60000
    979     -15123.65000
    980      -7382.59400
    981       6963.57000
    982      18454.02000
    983      12296.27000
    984      -5606.89800
    985     -16467.09000
    986     -14405.14000
    987      -8180.86700
    988      -8776.96100
    989     -22096.05000
    990     -40342.17000
    991     -44823.62000
    992     -31518.65000
    993     -19019.70000
    994     -17135.64000
    995     -12066.26000
    996       2586.64800
    997       9573.11700
    998         25.58594
    999      -6373.56200
   1000       6281.65600
   1001      20451.77000
   1002      10856.71000
   1003     -16094.67000
   1004     -33928.12000
   1005     -36544.84000
   1006     -39604.72000
   1007     -48814.52000
   1008     -54353.40000
   1009     -51879.19000
   1010     -45946.30000
   1011     -38921.99000
   1012     -31596.18000
   1013     -24095.89000
   1014     -11004.12000
   1015       8078.55500
   1016      15373.68000
   1017      -6508.51600
   1018     -47102.34000
   1019     -77259.59000
   1020     -80881.94000
   1021     -66459.55000
   1022     -53101.20000
   1023     -51030.78000
   1024     -53286.09000
   1025     -46775.93000
   1026     -29046.02000
   1027      -9362.86700
   1028       1252.02300
   1029      -3807.89800
   1030     -21347.39000
   1031     -36123.16000
   1032     -35129.56000
   1033     -22986.27000
   1034     -12490.59000
   1035      -8043.64800
   1036     -11166.02000
   1037     -28430.70000
   1038     -56409.24000
   1039     -73682.34000
   1040     -67131.95000
   1041     -51511.09000
   1042     -44262.92000
   1043     -39757.73000
   1044     -28763.85000
   1045     -20749.60000
   1046     -23589.55000
   1047     -24903.02000
   1048     -15330.15000
   1049      -6032.59400
   1050      -7761.26600
   1051     -17011.26000
   1052     -28427.73000
   1053     -36305.11000
   1054     -30648.93000
   1055     -16025.29000
   1056     -15043.84000
   1057     -30658.16000
   1058     -35564.07000
   1059     -20188.10000
   1060     -11393.08000
   1061     -22332.12000
   1062     -28024.42000
   1063     -13043.08000
   1064       -730.61720
   1065     -12045.27000
   1066     -31910.89000
   1067     -36043.86000
   1068     -21550.98000
   1069       2665.44500
   1070      29762.58000
   1071      48649.78000
   1072      45744.07000
   1073      21662.64000
   1074      -7433.03100
   1075     -27481.16000
   1076     -35372.41000
   1077     -33572.41000
   1078     -26643.65000
   1079     -20824.29000
   1080     -19444.09000
   1081     -20497.66000
   1082     -22599.73000
   1083     -28807.49000
   1084     -40631.80000
   1085     -52866.84000
   1086     -58778.05000
   1087     -57239.39000
   1088     -51601.96000
   1089     -44416.85000
   1090     -35334.55000
   1091     -23759.89000
   1092     -13389.65000
   1093     -10603.27000
   1094     -14867.26000
   1095     -18104.05000
   1096     -19877.35000
   1097     -29698.61000
   1098     -45084.41000
   1099     -46279.13000
   1100     -25834.61000
   1101      -3084.50000
   1102       3209.60200
   1103      -3757.28100
   1104     -14461.83000
   1105     -28610.29000
   1106     -44393.53000
   1107     -50667.83000
   1108     -41714.66000
   1109     -27667.52000
   1110     -19361.67000
   1111     -12851.74000
   1112      -1952.86700
   1113       3998.09400
   1114      -6653.90600
   1115     -25331.60000
   1116     -35807.52000
   1117     -39370.77000
   1118     -42974.88000
   1119     -37278.41000
   1120     -16224.55000
   1121       -548.28910
   1122      -7575.58600
   1123     -17993.61000
   1124      -8845.14100
   1125       4844.33600
   1126        959.05470
   1127      -5054.40600
   1128       9045.94500
   1129      24789.69000
   1130      12626.56000
   1131     -16594.77000
   1132     -33938.26000
   1133     -41700.19000
   1134     -60532.09000
   1135     -87975.40000
   1136    -102467.00000
   1137     -94566.09000
   1138     -74519.84000
   1139     -58673.71000
   1140     -54031.45000
   1141     -49445.02000
   1142     -28499.82000
   1143       3212.64100
   1144      18771.77000
   1145       5034.50800
   1146     -19774.11000
   1147     -30971.81000
   1148     -26231.94000
   1149     -21422.02000
   1150     -24869.34000
   1151     -26109.61000
   1152     -15283.50000
   1153      -4432.06200
   1154     -10985.53000
   1155     -25773.20000
   1156     -25340.48000
   1157     -13142.47000
   1158     -13592.59000
   1159     -27639.77000
   1160     -33798.59000
   1161     -30330.50000
   1162     -34238.08000
   1163     -42102.39000
   1164     -34460.06000
   1165     -15147.78000
   1166      -7883.57800
   1167     -17653.78000
   1168     -26537.81000
   1169     -23508.08000
   1170     -16455.31000
   1171     -19171.77000
   1172     -36857.84000
   1173     -59038.12000
   1174     -66384.66000
   1175     -52097.81000
   1176     -31377.78000
   1177     -22995.08000
   1178     -29815.38000
   1179     -40232.89000
   1180     -38960.36000
   1181     -18609.86000
   1182       9282.34400
   1183      22441.70000
   1184      15441.41000
   1185       4295.46900
   1186      -2662.84400
   1187     -15793.75000
   1188     -37829.22000
   1189     -52460.48000
   1190     -49241.67000
   1191     -37076.36000
   1192     -25822.50000
   1193     -15753.47000
   1194      -9739.37500
   1195     -15218.97000
   1196     -28375.89000
   1197     -31442.28000
   1198     -12862.91000
   1199      16018.78000
   1200      28788.95000
   1201       9610.25000
   1202     -28853.62000
   1203     -57304.86000
   1204     -59834.02000
   1205     -44842.75000
   1206     -27486.08000
   1207     -14792.19000
   1208      -8812.01600
   1209      -8078.85900
   1210      -3893.56200
   1211       9131.50000
   1212      18516.61000
   1213       7388.07800
   1214     -17746.56000
   1215     -31281.33000
   1216     -22379.03000
   1217      -7212.78100
   1218      -4652.18800
   1219     -15231.16000
   1220     -26494.66000
   1221     -24869.67000
   1222      -2331.60900
   1223      31203.55000
   1224      44303.23000
   1225      16279.86000
   1226     -28218.16000
   1227     -44134.20000
   1228     -24308.02000
   1229      -2155.32800
   1230       1262.57800
   1231      -1534.40600
   1232       3818.26600
   1233      12518.38000
   1234      14628.89000
   1235       8337.56200
