      1      -6980.90500
      2      -9195.28800
      3     -20730.73000
      4     -24102.02000
      5     -16153.00000
      6     -10292.16000
      7     -12678.76000
      8     -21987.52000
      9     -37082.47000
     10     -49275.63000
     11     -45497.48000
     12     -26825.86000
     13      -8269.68500
     14       -449.50390
     15       -896.29390
     16       2579.23000
     17      20288.25000
     18      42761.68000
     19      42823.39000
     20       9563.29300
     21     -32175.74000
     22     -50577.38000
     23     -41486.20000
     24     -23011.11000
     25      -9873.21300
     26      -4427.43900
     27      -2541.94700
     28        884.51370
     29       6831.50600
     30       8912.09200
     31        337.67770
     32     -13378.99000
     33     -15606.46000
     34       1235.09200
     35      20499.18000
     36      17358.51000
     37      -7704.08600
     38     -25054.12000
     39     -15878.98000
     40      -1030.64300
     41     -10461.43000
     42     -37929.00000
     43     -52166.95000
     44     -42818.45000
     45     -28418.12000
     46     -26817.91000
     47     -38966.32000
     48     -52750.86000
     49     -51655.59000
     50     -32664.97000
     51     -15697.23000
     52     -15693.79000
     53     -16210.21000
     54       1016.90800
     55      17112.65000
     56       2075.39300
     57     -35022.43000
     58     -57424.31000
     59     -50034.41000
     60     -27348.04000
     61      -4323.23800
     62      13265.16000
     63      19131.49000
     64      10865.68000
     65        431.44920
     66       5219.12900
     67      27530.00000
     68      48937.77000
     69      48210.01000
     70      25873.38000
     71       3671.21900
     72      -6800.51000
     73     -20589.58000
     74     -51110.49000
     75     -82097.09000
     76     -85592.70000
     77     -54539.05000
     78      -7463.99400
     79      25098.25000
     80      20656.55000
     81     -10647.77000
     82     -30950.05000
     83     -20972.16000
     84       -828.07030
     85       9721.42200
     86      17812.54000
     87      26454.19000
     88      16678.65000
     89     -15414.98000
     90     -39372.21000
     91     -31418.09000
     92      -6474.07000
     93       8448.64500
     94       6414.51200
     95      -7263.65600
     96     -28216.29000
     97     -44506.95000
     98     -38776.52000
     99     -13096.41000
    100       6400.21100
    101      -1961.07400
    102     -35793.27000
    103     -75969.81000
    104     -98430.73000
    105     -86681.20000
    106     -50529.30000
    107     -22622.38000
    108     -20641.69000
    109     -25033.66000
    110      -9111.80500
    111      21529.00000
    112      37095.84000
    113      24787.71000
    114       5278.73000
    115       2911.72300
    116      10255.03000
    117      -3453.07000
    118     -48566.43000
    119     -93666.15000
    120     -96892.22000
    121     -54540.67000
    122     -10892.30000
    123     -13132.68000
    124     -57997.94000
    125     -96189.60000
    126     -92730.73000
    127     -62879.24000
    128     -41412.38000
    129     -40227.45000
    130     -45645.33000
    131     -38244.09000
    132     -10930.53000
    133      20274.05000
    134      31410.92000
    135      22782.66000
    136      14873.19000
    137      11359.80000
    138      -1922.10900
    139     -22927.33000
    140     -34727.34000
    141     -36258.32000
    142     -38932.33000
    143     -41924.39000
    144     -36851.40000
    145     -24342.13000
    146      -8609.23000
    147       7961.54700
    148      15336.31000
    149        -28.56641
    150     -32838.35000
    151     -56103.02000
    152     -49214.21000
    153     -21134.97000
    154       1129.08200
    155       3206.26200
    156      -6056.87100
    157     -12074.63000
    158      -9325.60900
    159       2519.10500
    160      20596.63000
    161      31544.56000
    162      19003.39000
    163     -12836.33000
    164     -36226.18000
    165     -30729.47000
    166      -7217.60500
    167       8911.98400
    168       7994.73000
    169      -2548.81600
    170     -15595.85000
    171     -27141.73000
    172     -32213.62000
    173     -30422.16000
    174     -23989.66000
    175      -8403.11300
    176      14634.07000
    177      21591.28000
    178      -4702.44900
    179     -41216.58000
    180     -50998.40000
    181     -30918.57000
    182      -7516.79300
    183      -2041.57800
    184     -16090.36000
    185     -35087.74000
    186     -41064.07000
    187     -33128.54000
    188     -24736.74000
    189     -14492.19000
    190      13789.78000
    191      54377.86000
    192      73375.91000
    193      50393.84000
    194       6860.77700
    195     -17115.73000
    196      -7945.43000
    197       7128.78500
    198      -2398.65600
    199     -28849.36000
    200     -42197.08000
    201     -33984.71000
    202     -18003.48000
    203      -2641.60500
    204       8285.94900
    205       4886.32000
    206     -13049.65000
    207     -25893.48000
    208     -18138.42000
    209        128.51170
    210       5306.84000
    211     -12871.95000
    212     -38461.11000
    213     -43979.18000
    214     -21363.62000
    215       7333.99200
    216      15977.32000
    217       2658.47700
    218     -15049.38000
    219     -26437.51000
    220     -39455.74000
    221     -60128.15000
    222     -68955.38000
    223     -41800.32000
    224       5176.82800
    225      26192.98000
    226       8768.19500
    227     -13306.88000
    228     -16396.14000
    229     -13897.52000
    230     -20714.41000
    231     -32173.16000
    232     -44303.45000
    233     -61078.89000
    234     -76436.25000
    235     -72042.63000
    236     -39542.66000
    237       3467.94500
    238      25400.91000
    239      12733.81000
    240     -15098.11000
    241     -31372.90000
    242     -31619.55000
    243     -24476.07000
    244     -10416.36000
    245      10073.42000
    246      21419.81000
    247       6462.21900
    248     -27995.66000
    249     -49830.27000
    250     -33019.90000
    251       7982.52300
    252      29397.59000
    253      12899.86000
    254     -12969.72000
    255     -17266.22000
    256      -1618.78900
    257      20115.38000
    258      40671.32000
    259      47596.72000
    260      28174.37000
    261      -7492.32800
    262     -35751.55000
    263     -50029.19000
    264     -59805.48000
    265     -66243.67000
    266     -59357.52000
    267     -37525.70000
    268     -15669.10000
    269      -8922.45300
    270     -15336.75000
    271     -22653.69000
    272     -26412.04000
    273     -29223.18000
    274     -28786.37000
    275     -22066.59000
    276     -15878.54000
    277     -20277.20000
    278     -34628.02000
    279     -47411.94000
    280     -47440.75000
    281     -33524.73000
    282     -14222.24000
    283        308.28910
    284       1182.15600
    285     -18999.29000
    286     -53364.24000
    287     -73492.02000
    288     -56467.09000
    289     -15081.17000
    290      16617.58000
    291      18784.29000
    292      -3229.78900
    293     -28033.70000
    294     -34036.39000
    295     -21364.91000
    296     -12084.72000
    297     -19048.95000
    298     -33439.86000
    299     -46476.27000
    300     -53797.59000
    301     -44145.85000
    302     -21231.43000
    303     -18601.37000
    304     -50862.16000
    305     -80707.61000
    306     -77447.73000
    307     -64774.43000
    308     -67591.16000
    309     -66254.04000
    310     -45991.23000
    311     -33103.84000
    312     -42284.25000
    313     -43998.23000
    314     -16781.93000
    315      17359.48000
    316      31085.41000
    317      24770.67000
    318      11093.38000
    319      -1191.24200
    320      -5831.28900
    321      -2512.56200
    322       1406.58600
    323       2104.85200
    324       3079.46900
    325       5560.87500
    326       7352.17200
    327       9908.82000
    328      16458.76000
    329      24798.24000
    330      27262.98000
    331      16753.86000
    332      -5248.84400
    333     -25580.88000
    334     -32158.54000
    335     -27479.80000
    336     -17561.03000
    337       1805.12500
    338      27344.09000
    339      35104.73000
    340      14291.22000
    341      -8514.87500
    342     -10456.23000
    343      -8986.61700
    344     -24921.93000
    345     -41755.82000
    346     -33374.14000
    347      -3723.10900
    348      22514.04000
    349      28182.34000
    350      16991.71000
    351      12400.58000
    352      33607.53000
    353      67105.56000
    354      80678.15000
    355      62664.29000
    356      27138.75000
    357      -7234.65600
    358     -27306.89000
    359     -33578.74000
    360     -43206.52000
    361     -64715.16000
    362     -80884.89000
    363     -76973.64000
    364     -61058.43000
    365     -40600.44000
    366     -13470.81000
    367      11065.70000
    368      20743.76000
    369      24942.01000
    370      33334.77000
    371      28158.14000
    372      -4501.95300
    373     -41901.30000
    374     -56153.51000
    375     -49077.45000
    376     -32158.20000
    377      -7977.84400
    378      11896.09000
    379      11722.84000
    380       3716.63300
    381      11843.66000
    382      23254.00000
    383       5949.92200
    384     -30687.84000
    385     -46931.68000
    386     -37569.88000
    387     -34185.23000
    388     -50105.20000
    389     -66572.27000
    390     -66236.54000
    391     -50353.67000
    392     -29553.11000
    393     -12773.97000
    394        537.49220
    395      16203.84000
    396      27311.48000
    397      16224.31000
    398     -14718.88000
    399     -34384.05000
    400     -20059.37000
    401      12317.88000
    402      30159.84000
    403      25712.39000
    404      19079.27000
    405      21430.73000
    406      15395.84000
    407     -14325.38000
    408     -46337.36000
    409     -45087.55000
    410     -11677.55000
    411      17757.50000
    412      23335.98000
    413      18560.85000
    414      14611.48000
    415       4505.24200
    416      -9745.01600
    417      -9586.14100
    418       7094.84400
    419      13493.09000
    420     -11225.35000
    421     -52529.90000
    422     -77457.25000
    423     -72163.38000
    424     -52527.05000
    425     -38844.15000
    426     -31565.03000
    427     -20457.81000
    428      -6550.70300
    429        178.25780
    430      -3341.36700
    431     -11199.60000
    432     -14550.95000
    433      -6693.42200
    434       6356.84400
    435       5428.86700
    436     -16128.10000
    437     -36595.43000
    438     -30608.16000
    439       2138.93800
    440      42478.15000
    441      70134.51000
    442      72544.88000
    443      53421.97000
    444      34420.39000
    445      33115.01000
    446      43712.51000
    447      52539.74000
    448      58377.80000
    449      62257.36000
    450      56889.07000
    451      44194.22000
    452      40824.38000
    453      50301.89000
    454      55402.32000
    455      48346.88000
    456      40429.05000
    457      37636.39000
    458      34541.02000
    459      28590.22000
    460      18485.12000
    461       2376.14800
    462      -8787.52300
    463       1088.62500
    464      23904.96000
    465      31004.68000
    466      11393.38000
    467     -10230.41000
    468       1686.25000
    469      49747.02000
    470      87377.04000
    471      69076.32000
    472      18614.09000
    473       5715.54700
    474      48493.45000
    475      89476.47000
    476      79327.43000
    477      34109.34000
    478      -2815.39800
    479     -11377.06000
    480       4632.64800
    481      32752.24000
    482      53973.88000
    483      52452.47000
    484      33907.31000
    485      21169.33000
    486      27935.54000
    487      46503.13000
    488      58850.34000
    489      50904.86000
    490      26088.33000
    491      10871.97000
    492      27068.62000
    493      57124.72000
    494      66469.73000
    495      57053.13000
    496      59709.10000
    497      81415.37000
    498     101685.80000
    499     111446.70000
    500     119183.90000
    501     131326.00000
    502     148721.90000
    503     164780.30000
    504     162360.90000
    505     137059.60000
    506     117114.30000
    507     131045.40000
    508     168191.40000
    509     197118.70000
    510     206888.40000
    511     211930.10000
    512     232073.70000
    513     276079.80000
    514     328969.30000
    515     360798.10000
    516     365026.80000
    517     372276.60000
    518     408218.10000
    519     460729.20000
    520     509516.80000
    521     560261.10000
    522     626841.30000
    523     706005.50000
    524     794168.10000
    525     904627.90000
    526    1044326.00000
    527    1197854.00000
    528    1363306.00000
    529    1583292.00000
    530    1910864.00000
    531    2391228.00000
    532    3142120.00000
    533    4377166.00000
    534    6157560.00000
    535    8068793.00000
    536    9327804.00000
    537    9370660.00000
    538    8302082.00000
    539    6724682.00000
    540    5222445.00000
    541    4053358.00000
    542    3198098.00000
    543    2545902.00000
    544    2028387.00000
    545    1644264.00000
    546    1400735.00000
    547    1262694.00000
    548    1172428.00000
    549    1089701.00000
    550     992559.20000
    551     869531.20000
    552     733238.50000
    553     620552.20000
    554     559460.70000
    555     540698.90000
    556     526758.50000
    557     490824.70000
    558     446564.40000
    559     426100.30000
    560     425897.50000
    561     404100.80000
    562     344443.20000
    563     284824.60000
    564     261017.70000
    565     258481.50000
    566     243562.80000
    567     211312.40000
    568     180706.30000
    569     163760.70000
    570     153645.20000
    571     135311.30000
    572     106648.20000
    573      86571.17000
    574      88568.02000
    575      94332.58000
    576      77836.69000
    577      45309.81000
    578      25343.86000
    579      32737.17000
    580      63026.97000
    581     100747.80000
    582     115678.20000
    583      80939.66000
    584      13601.42000
    585     -30815.52000
    586     -19430.05000
    587      25655.16000
    588      63061.59000
    589      75858.31000
    590      72677.36000
    591      67106.22000
    592      66822.95000
    593      70658.89000
    594      69038.20000
    595      55313.62000
    596      37100.50000
    597      25570.58000
    598      17786.64000
    599       5778.32800
    600      -3523.10900
    601       2236.90600
    602      18658.00000
    603      31651.53000
    604      38258.58000
    605      43927.39000
    606      48553.69000
    607      47934.36000
    608      41285.27000
    609      29865.41000
    610      13256.69000
    611      -7816.34400
    612     -25155.10000
    613     -25586.27000
    614      -7068.48400
    615      15657.02000
    616      33529.33000
    617      56535.94000
    618      86351.59000
    619      96109.78000
    620      64515.47000
    621      14523.33000
    622      -7672.78100
    623      15511.14000
    624      57913.97000
    625      80714.55000
    626      68642.06000
    627      37924.89000
    628      17174.89000
    629      24249.97000
    630      53129.12000
    631      74065.94000
    632      57156.83000
    633       8779.09400
    634     -28192.39000
    635     -24480.00000
    636       1802.04700
    637      15863.12000
    638      12456.56000
    639      14616.78000
    640      38879.36000
    641      75301.06000
    642      97112.73000
    643      85268.95000
    644      46458.56000
    645       8319.67200
    646      -4766.82800
    647       6570.10900
    648      16950.75000
    649       1978.96900
    650     -32536.12000
    651     -55859.23000
    652     -51189.20000
    653     -32331.52000
    654     -14622.86000
    655       4813.50000
    656      24183.33000
    657      23243.38000
    658      -7207.00000
    659     -42796.98000
    660     -50761.42000
    661     -25892.98000
    662       8334.26600
    663      25616.78000
    664      16726.17000
    665     -11154.09000
    666     -43472.27000
    667     -62620.05000
    668     -56474.47000
    669     -34261.61000
    670     -20938.36000
    671     -25762.34000
    672     -32991.17000
    673     -28260.97000
    674     -11067.58000
    675      17859.23000
    676      52461.88000
    677      68883.61000
    678      46293.73000
    679      -3836.10900
    680     -48918.72000
    681     -66993.80000
    682     -57667.75000
    683     -36658.14000
    684     -24867.36000
    685     -29894.00000
    686     -38750.69000
    687     -36180.66000
    688     -21103.41000
    689       -929.84380
    690      14893.33000
    691      14693.00000
    692      -2939.15600
    693     -17152.53000
    694      -5585.54700
    695      24281.80000
    696      42341.98000
    697      31737.83000
    698       5829.18800
    699      -5492.95300
    700      18205.80000
    701      65648.36000
    702      98350.98000
    703      89596.66000
    704      55196.58000
    705      34783.39000
    706      49379.30000
    707      85516.52000
    708     113776.50000
    709     118185.40000
    710     108657.30000
    711     101865.70000
    712      96648.47000
    713      83739.03000
    714      71239.19000
    715      74531.14000
    716      84737.25000
    717      75130.31000
    718      42325.59000
    719      15958.31000
    720      16300.44000
    721      24795.27000
    722      18022.83000
    723      10355.89000
    724      28119.88000
    725      59013.02000
    726      71640.31000
    727      69593.22000
    728      77148.58000
    729      88749.22000
    730      82202.00000
    731      63802.70000
    732      57512.08000
    733      68461.55000
    734      87611.38000
    735     108521.50000
    736     119590.70000
    737     106185.30000
    738      73391.11000
    739      44583.55000
    740      33868.75000
    741      38045.80000
    742      50247.25000
    743      65208.77000
    744      79766.89000
    745      98518.77000
    746     125897.30000
    747     148447.50000
    748     146845.60000
    749     129613.80000
    750     127822.80000
    751     148336.40000
    752     160125.20000
    753     140713.50000
    754     112082.20000
    755     110093.20000
    756     132795.20000
    757     144820.70000
    758     129786.40000
    759     109320.00000
    760     102973.00000
    761     101289.80000
    762      93531.16000
    763      88826.12000
    764      92254.36000
    765      93573.72000
    766      95502.16000
    767     117660.90000
    768     157632.50000
    769     181446.20000
    770     168661.70000
    771     143217.80000
    772     143812.90000
    773     174997.80000
    774     201900.20000
    775     193587.00000
    776     156989.00000
    777     118779.10000
    778      90364.44000
    779      67087.08000
    780      48489.72000
    781      42746.94000
    782      55325.83000
    783      75270.59000
    784      73842.25000
    785      34972.08000
    786     -11614.80000
    787     -18576.67000
    788      16135.30000
    789      50688.02000
    790      59851.69000
    791      54205.48000
    792      45504.70000
    793      32665.59000
    794      18334.20000
    795       9241.62500
    796       3001.57800
    797      -7727.95300
    798     -21840.58000
    799     -30493.12000
    800     -28330.70000
    801     -18757.84000
    802      -8841.56200
    803      -3455.34400
    804      -6459.40600
    805     -19980.14000
    806     -36784.08000
    807     -43706.77000
    808     -40109.19000
    809     -39032.06000
    810     -42706.27000
    811     -36861.36000
    812     -18916.53000
    813      -8882.59400
    814     -18886.45000
    815     -34000.14000
    816     -37769.94000
    817     -35944.64000
    818     -38557.05000
    819     -37537.31000
    820     -21851.95000
    821      -1280.65600
    822       4823.14100
    823      -5331.89100
    824     -18575.58000
    825     -31003.72000
    826     -48795.62000
    827     -64720.78000
    828     -57439.52000
    829     -25287.39000
    830       -998.17190
    831     -14757.70000
    832     -54488.02000
    833     -81316.97000
    834     -77217.02000
    835     -58280.75000
    836     -43811.89000
    837     -34620.77000
    838     -29839.61000
    839     -41022.98000
    840     -66546.22000
    841     -72936.98000
    842     -39045.55000
    843      -2440.68800
    844     -13337.73000
    845     -54305.03000
    846     -62445.89000
    847     -25317.78000
    848       5676.01600
    849      -1488.57800
    850     -19751.39000
    851     -16147.19000
    852        460.57810
    853       1729.57800
    854     -16946.73000
    855     -32934.05000
    856     -27377.52000
    857      -6961.67200
    858       8106.20300
    859       9721.79700
    860       6176.03100
    861       4802.62500
    862       3942.43800
    863       3131.96900
    864       6934.81200
    865      11580.78000
    866        772.43750
    867     -30365.45000
    868     -55686.78000
    869     -44060.22000
    870      -4578.29700
    871      18865.86000
    872       4019.67200
    873     -23103.88000
    874     -28020.80000
    875     -10290.33000
    876       7509.34400
    877      13263.22000
    878      12117.62000
    879      11571.88000
    880      12312.33000
    881      10247.95000
    882       3705.92200
    883      -2766.84400
    884      -7453.90600
    885     -20582.97000
    886     -49557.94000
    887     -77788.58000
    888     -79906.47000
    889     -57506.11000
    890     -36218.83000
    891     -28871.77000
    892     -26956.61000
    893     -26036.56000
    894     -31965.97000
    895     -42964.98000
    896     -48389.11000
    897     -42456.98000
    898     -24624.11000
    899        658.50000
    900      14326.69000
    901      -2654.54700
    902     -34079.19000
    903     -39142.66000
    904      -9990.76600
    905      16200.86000
    906      12821.20000
    907      -5758.39100
    908     -19638.08000
    909     -31401.89000
    910     -43969.94000
    911     -43019.81000
    912     -21143.11000
    913       1662.29700
    914       3150.48400
    915      -7457.54700
    916      -4989.62500
    917       7836.01600
    918       2216.85900
    919     -27323.06000
    920     -49239.56000
    921     -42690.50000
    922     -28180.17000
    923     -36157.58000
    924     -68838.70000
    925    -103933.90000
    926    -118552.20000
    927    -104051.80000
    928     -68974.42000
    929     -31561.48000
    930      -7542.89100
    931      -3552.59400
    932     -14740.17000
    933     -27929.75000
    934     -36932.67000
    935     -49567.73000
    936     -67848.81000
    937     -76416.62000
    938     -67656.38000
    939     -57484.92000
    940     -58176.77000
    941     -58593.30000
    942     -46005.72000
    943     -25504.64000
    944      -9494.73400
    945      -6490.98400
    946     -18058.08000
    947     -30735.22000
    948     -22191.45000
    949       9600.29700
    950      37231.69000
    951      35316.27000
    952       6953.98400
    953     -26143.16000
    954     -44270.27000
    955     -38019.89000
    956     -11996.45000
    957      13882.38000
    958      17486.19000
    959      -3884.39100
    960     -28565.30000
    961     -32804.75000
    962     -15279.70000
    963       6403.26600
    964      19090.33000
    965      23392.62000
    966      23166.50000
    967      18589.42000
    968       8221.67200
    969      -9714.31200
    970     -32694.98000
    971     -47623.09000
    972     -42245.17000
    973     -24307.80000
    974     -12245.33000
    975      -9283.53100
    976      -6803.01600
    977      -6753.14100
    978     -17017.34000
    979     -31487.02000
    980     -35951.78000
    981     -26021.28000
    982      -5746.75000
    983      18760.61000
    984      34405.12000
    985      25762.88000
    986      -6110.79700
    987     -40499.78000
    988     -56689.14000
    989     -49115.95000
    990     -25002.72000
    991       3320.04700
    992      23112.61000
    993      25464.45000
    994      11369.03000
    995      -6333.01600
    996     -14063.14000
    997     -13857.52000
    998     -19340.92000
    999     -30607.00000
   1000     -28934.03000
   1001      -7361.51600
   1002      11716.62000
   1003       7234.65600
   1004      -9426.62500
   1005     -14991.39000
   1006      -8812.51600
   1007      -4042.10900
   1008      -1610.62500
   1009       2309.56200
   1010       -433.48440
   1011     -15010.52000
   1012     -26344.08000
   1013     -17777.08000
   1014       3057.89100
   1015      12492.91000
   1016        114.92190
   1017     -18124.36000
   1018     -17932.34000
   1019       3091.43800
   1020      21827.88000
   1021      21337.17000
   1022       9716.85900
   1023      -3591.59400
   1024     -26940.06000
   1025     -63508.12000
   1026     -90885.86000
   1027     -84860.97000
   1028     -48971.98000
   1029      -8171.15600
   1030      11335.27000
   1031      -6398.03100
   1032     -51289.14000
   1033     -82744.61000
   1034     -72067.50000
   1035     -45701.77000
   1036     -47403.92000
   1037     -68023.95000
   1038     -65353.28000
   1039     -41232.06000
   1040     -34495.55000
   1041     -47612.64000
   1042     -46424.56000
   1043     -23811.50000
   1044      -5031.12500
   1045      -2727.12500
   1046     -12589.56000
   1047     -33947.98000
   1048     -60058.75000
   1049     -70961.84000
   1050     -59957.45000
   1051     -44769.62000
   1052     -38902.11000
   1053     -32505.45000
   1054     -12208.16000
   1055      14086.61000
   1056      25515.44000
   1057      19215.05000
   1058      17426.75000
   1059      33234.56000
   1060      46200.89000
   1061      31434.03000
   1062      -2521.29700
   1063     -25348.88000
   1064     -21556.36000
   1065       -376.45310
   1066      18500.31000
   1067      22188.06000
   1068      16979.50000
   1069      18286.25000
   1070      21800.91000
   1071       5292.34400
   1072     -29704.55000
   1073     -47818.02000
   1074     -29276.23000
   1075      -1251.56200
   1076        152.31250
   1077     -24347.08000
   1078     -47981.00000
   1079     -55784.58000
   1080     -53405.84000
   1081     -49722.03000
   1082     -47707.75000
   1083     -47159.95000
   1084     -43788.89000
   1085     -29721.41000
   1086      -5178.53100
   1087      15287.91000
   1088      16452.69000
   1089      -2687.43800
   1090     -28559.86000
   1091     -40740.44000
   1092     -27643.19000
   1093      -3149.68800
   1094       7722.65600
   1095       4146.53100
   1096       4153.40600
   1097       7357.53100
   1098       1265.06200
   1099      -4244.18800
   1100       5949.96900
   1101      15070.81000
   1102      -1249.93800
   1103     -32213.86000
   1104     -50097.75000
   1105     -48963.03000
   1106     -38697.19000
   1107     -24198.39000
   1108      -8891.00000
   1109      -1852.15600
   1110     -10095.39000
   1111     -29015.66000
   1112     -43118.81000
   1113     -39591.52000
   1114     -22712.70000
   1115      -5938.62500
   1116       7989.96900
   1117      23048.34000
   1118      30998.22000
   1119      18447.47000
   1120      -8434.87500
   1121     -26105.52000
   1122     -21761.12000
   1123      -5783.84400
   1124       4611.71900
   1125       2128.15600
   1126     -12432.38000
   1127     -34791.47000
   1128     -53196.22000
   1129     -53150.80000
   1130     -35274.38000
   1131     -16307.23000
   1132      -7344.46900
   1133      -4882.34400
   1134      -4357.81200
   1135      -6107.43800
   1136      -8303.90600
   1137      -7504.87500
   1138      -3832.50000
   1139        487.46880
   1140       1059.59400
   1141     -10908.66000
   1142     -39199.86000
   1143     -70462.94000
   1144     -81952.94000
   1145     -62972.59000
   1146     -24614.19000
   1147      10971.25000
   1148      27741.28000
   1149      22080.00000
   1150      -1549.84400
   1151     -30667.66000
   1152     -44185.53000
   1153     -31877.64000
   1154     -14939.44000
   1155     -23372.73000
   1156     -52158.98000
   1157     -66772.16000
   1158     -50782.56000
   1159     -20476.81000
   1160       3572.75000
   1161      13443.38000
   1162       9013.56200
   1163      -2921.65600
   1164     -12511.19000
   1165     -19072.81000
   1166     -27778.80000
   1167     -35110.75000
   1168     -32962.64000
   1169     -20732.00000
   1170      -1888.25000
   1171      17720.31000
   1172      23820.91000
   1173       7013.06200
   1174     -16805.03000
   1175     -20429.62000
   1176       2540.50000
   1177      32787.22000
   1178      42766.16000
   1179      16338.97000
   1180     -31280.83000
   1181     -57944.75000
   1182     -40329.19000
   1183      -2026.21900
   1184      25557.69000
   1185      44154.94000
   1186      63483.03000
   1187      68247.50000
   1188      46429.31000
   1189      20641.59000
   1190      14144.75000
   1191      11858.75000
   1192      -9867.71900
   1193     -40311.47000
   1194     -53718.53000
   1195     -46817.55000
   1196     -30512.44000
   1197     -10570.69000
   1198       2227.46900
   1199      -7621.06200
   1200     -31726.05000
   1201     -38545.78000
   1202     -17619.84000
   1203       2427.12500
   1204      -6194.25000
   1205     -31522.91000
   1206     -37588.45000
   1207     -12590.12000
   1208      13404.56000
   1209       7933.71900
   1210     -18445.34000
   1211     -28904.91000
   1212     -16600.16000
   1213      -9833.09400
   1214     -18712.25000
   1215     -18857.09000
   1216      -2509.21900
   1217       -166.43750
   1218     -23924.72000
   1219     -33572.94000
   1220        847.34380
   1221      39984.53000
   1222      27981.38000
   1223     -22171.81000
   1224     -47160.66000
   1225     -22281.38000
   1226      15265.94000
   1227      26556.44000
   1228      12122.56000
   1229     -11369.69000
   1230     -39411.30000
   1231     -68039.34000
   1232     -79822.72000
   1233     -64592.19000
   1234     -38065.97000
   1235     -19527.78000
