      1      -2033.12500
      2      -1635.75000
      3     -21082.94000
      4     -43732.19000
      5     -49872.25000
      6     -41522.00000
      7     -35282.88000
      8     -36709.44000
      9     -37327.00000
     10     -30832.50000
     11     -18221.31000
     12      -5334.25000
     13      -4395.87500
     14     -22967.75000
     15     -44871.06000
     16     -44055.31000
     17     -24559.75000
     18     -19628.50000
     19     -41716.50000
     20     -61660.31000
     21     -52756.81000
     22     -30834.62000
     23     -28306.38000
     24     -46355.19000
     25     -59763.88000
     26     -58117.88000
     27     -52050.12000
     28     -45964.50000
     29     -34959.50000
     30     -21737.75000
     31     -11142.25000
     32        431.00000
     33      11111.44000
     34       9275.31200
     35      -3605.87500
     36     -10852.06000
     37      -8911.87500
     38     -11357.25000
     39     -22907.19000
     40     -33840.81000
     41     -37438.62000
     42     -34069.31000
     43     -24254.19000
     44     -13486.06000
     45     -16423.88000
     46     -40691.75000
     47     -69923.00000
     48     -78145.91000
     49     -63242.94000
     50     -50269.56000
     51     -55536.06000
     52     -64488.81000
     53     -55949.38000
     54     -33032.06000
     55     -17325.69000
     56     -23288.62000
     57     -47248.12000
     58     -73549.62000
     59     -85067.97000
     60     -74685.75000
     61     -52408.69000
     62     -37486.88000
     63     -38499.69000
     64     -44572.56000
     65     -40464.50000
     66     -23546.81000
     67       -893.93750
     68      19476.44000
     69      26234.44000
     70       8033.31200
     71     -28976.69000
     72     -59796.06000
     73     -67622.00000
     74     -60888.00000
     75     -53877.19000
     76     -44267.88000
     77     -24978.62000
     78      -7903.00000
     79     -13109.44000
     80     -35598.31000
     81     -49313.12000
     82     -48940.06000
     83     -57941.88000
     84     -84093.00000
     85     -98349.44000
     86     -75571.31000
     87     -31587.50000
     88      -3713.87500
     89     -10720.00000
     90     -41442.19000
     91     -69936.25000
     92     -77223.50000
     93     -65885.06000
     94     -53731.50000
     95     -50551.19000
     96     -48897.75000
     97     -41556.12000
     98     -34730.44000
     99     -35661.25000
    100     -40431.44000
    101     -45378.25000
    102     -56257.94000
    103     -71870.81000
    104     -74398.88000
    105     -54788.06000
    106     -33863.75000
    107     -36234.38000
    108     -54694.88000
    109     -62443.00000
    110     -50559.88000
    111     -31701.50000
    112     -16589.69000
    113     -10122.25000
    114     -20233.56000
    115     -45320.12000
    116     -62079.06000
    117     -52050.44000
    118     -31731.06000
    119     -31005.31000
    120     -51252.25000
    121     -67966.25000
    122     -65758.50000
    123     -51118.69000
    124     -38176.06000
    125     -33725.06000
    126     -32039.88000
    127     -24312.69000
    128     -16957.31000
    129     -27287.94000
    130     -52775.69000
    131     -66366.62000
    132     -54972.75000
    133     -39271.25000
    134     -41111.38000
    135     -54495.81000
    136     -63208.62000
    137     -65370.81000
    138     -66309.69000
    139     -64543.69000
    140     -58223.38000
    141     -52052.62000
    142     -47326.50000
    143     -37573.62000
    144     -24109.56000
    145     -23550.25000
    146     -45454.56000
    147     -72424.75000
    148     -79619.56000
    149     -67112.12000
    150     -52871.19000
    151     -41075.81000
    152     -23464.12000
    153      -7723.18800
    154     -13228.00000
    155     -36322.38000
    156     -49787.50000
    157     -40980.38000
    158     -25344.56000
    159     -20070.06000
    160     -26781.81000
    161     -40108.88000
    162     -54165.06000
    163     -62943.81000
    164     -67022.94000
    165     -73016.12000
    166     -78976.44000
    167     -74891.81000
    168     -63572.81000
    169     -59751.88000
    170     -61931.69000
    171     -50450.75000
    172     -23220.50000
    173      -6885.12500
    174     -19019.00000
    175     -41132.44000
    176     -43588.31000
    177     -24025.50000
    178      -8007.50000
    179     -15348.31000
    180     -35236.25000
    181     -42611.88000
    182     -34582.19000
    183     -32704.44000
    184     -46614.81000
    185     -58937.44000
    186     -54458.62000
    187     -40539.12000
    188     -29609.44000
    189     -22448.69000
    190     -17760.75000
    191     -21714.44000
    192     -39473.38000
    193     -65285.75000
    194     -85234.44000
    195     -88042.06000
    196     -71958.75000
    197     -43151.62000
    198     -14610.75000
    199      -8703.18800
    200     -42585.00000
    201     -95715.12000
    202    -114608.80000
    203     -76733.31000
    204     -27447.06000
    205     -20241.69000
    206     -45977.88000
    207     -60697.00000
    208     -54956.50000
    209     -48473.12000
    210     -43229.81000
    211     -31800.50000
    212     -29159.88000
    213     -50917.19000
    214     -77814.94000
    215     -78155.69000
    216     -51578.00000
    217     -25235.06000
    218     -16171.75000
    219     -14670.94000
    220      -4971.00000
    221       7574.56200
    222       2592.75000
    223     -21305.94000
    224     -39055.19000
    225     -34649.19000
    226     -22558.62000
    227     -23378.50000
    228     -37596.56000
    229     -53563.19000
    230     -65737.38000
    231     -73980.94000
    232     -71885.25000
    233     -48731.19000
    234      -9633.18800
    235      17797.56000
    236      12638.06000
    237     -11914.75000
    238     -27814.00000
    239     -27171.88000
    240     -20814.25000
    241     -17431.31000
    242     -21500.44000
    243     -35764.69000
    244     -51699.06000
    245     -54978.25000
    246     -49296.56000
    247     -54471.75000
    248     -73182.75000
    249     -83076.81000
    250     -71978.56000
    251     -55722.44000
    252     -47286.25000
    253     -33805.44000
    254      -5247.06200
    255      16265.94000
    256       2780.87500
    257     -36420.44000
    258     -63470.31000
    259     -59460.94000
    260     -41800.94000
    261     -33817.81000
    262     -36454.69000
    263     -37407.56000
    264     -32013.00000
    265     -23438.50000
    266     -12982.56000
    267       -901.18750
    268      10203.88000
    269      17343.00000
    270      14947.44000
    271      -4326.06200
    272     -34698.00000
    273     -53013.50000
    274     -45047.31000
    275     -25304.44000
    276     -16253.19000
    277     -21386.31000
    278     -31725.75000
    279     -43736.69000
    280     -54507.88000
    281     -51612.31000
    282     -28908.44000
    283      -7067.43800
    284     -13549.94000
    285     -39324.12000
    286     -45139.69000
    287     -20313.69000
    288       -969.50000
    289     -14022.00000
    290     -39261.31000
    291     -47095.00000
    292     -38218.44000
    293     -25949.25000
    294     -12184.00000
    295       -141.87500
    296      -2411.81200
    297     -19165.69000
    298     -29711.44000
    299     -20069.19000
    300      -3839.06200
    301      -2835.06200
    302     -17350.56000
    303     -28088.69000
    304     -22596.50000
    305      -7498.18800
    306       3363.93800
    307       1126.50000
    308     -15647.69000
    309     -38695.75000
    310     -51240.94000
    311     -43147.81000
    312     -23791.19000
    313     -10276.44000
    314      -6007.68800
    315       -900.18750
    316       8836.87500
    317      12440.69000
    318       -323.06250
    319     -22225.00000
    320     -34295.75000
    321     -28424.94000
    322     -17899.56000
    323     -20883.81000
    324     -37581.94000
    325     -51009.88000
    326     -49233.31000
    327     -38934.50000
    328     -33738.75000
    329     -36797.06000
    330     -41159.12000
    331     -41355.62000
    332     -37188.38000
    333     -30428.56000
    334     -23819.81000
    335     -18289.81000
    336     -10085.50000
    337       1721.18800
    338       8964.18800
    339       5816.12500
    340      -3429.93800
    341     -18620.62000
    342     -44957.44000
    343     -67952.12000
    344     -58140.25000
    345     -17394.38000
    346      13002.81000
    347       6311.43800
    348     -20530.88000
    349     -39573.50000
    350     -39996.06000
    351     -21086.44000
    352       8677.18800
    353      24762.25000
    354       7756.87500
    355     -27964.38000
    356     -48194.56000
    357     -40187.75000
    358     -22807.94000
    359     -17025.25000
    360     -21086.88000
    361     -18396.06000
    362       -472.37500
    363      22707.69000
    364      32125.62000
    365      19082.12000
    366      -4946.75000
    367     -20938.44000
    368     -22985.44000
    369     -20098.25000
    370     -21743.06000
    371     -28729.75000
    372     -32594.19000
    373     -22501.31000
    374      -1383.68800
    375      11762.81000
    376       9284.75000
    377       8055.43800
    378      17979.25000
    379      22971.69000
    380      13339.75000
    381       7962.93800
    382      22660.38000
    383      42786.69000
    384      44938.75000
    385      28406.12000
    386      14141.25000
    387      19910.25000
    388      38827.62000
    389      45300.75000
    390      27698.19000
    391       3634.93800
    392      -6483.81200
    393      -3092.81200
    394       6867.06200
    395      23632.00000
    396      39410.25000
    397      35360.06000
    398       9065.81200
    399     -16510.06000
    400     -21706.75000
    401      -7470.31200
    402      17340.44000
    403      42157.38000
    404      52073.81000
    405      43599.25000
    406      36418.06000
    407      47468.69000
    408      65920.06000
    409      71662.25000
    410      62415.06000
    411      50270.94000
    412      50439.62000
    413      76058.44000
    414     120803.30000
    415     151731.90000
    416     144072.50000
    417     113162.20000
    418      89602.38000
    419      83138.75000
    420      94662.38000
    421     134128.20000
    422     194384.40000
    423     234943.00000
    424     229946.50000
    425     210976.20000
    426     226330.60000
    427     275095.80000
    428     315817.80000
    429     328325.60000
    430     333852.60000
    431     359053.80000
    432     407438.20000
    433     469379.20000
    434     539512.20000
    435     614341.10000
    436     687490.70000
    437     760795.50000
    438     850599.10000
    439     968383.50000
    440    1105802.00000
    441    1251479.00000
    442    1407611.00000
    443    1575651.00000
    444    1743974.00000
    445    1902942.00000
    446    2053682.00000
    447    2191778.00000
    448    2295948.00000
    449    2339618.00000
    450    2308170.00000
    451    2208452.00000
    452    2064212.00000
    453    1897579.00000
    454    1719588.00000
    455    1542528.00000
    456    1384984.00000
    457    1253039.00000
    458    1133089.00000
    459    1015514.00000
    460     910265.40000
    461     828452.10000
    462     762901.10000
    463     699069.80000
    464     637410.00000
    465     594389.30000
    466     580483.90000
    467     581414.80000
    468     567350.40000
    469     523517.80000
    470     464182.10000
    471     410769.80000
    472     368187.30000
    473     333367.10000
    474     313003.60000
    475     315175.10000
    476     331360.50000
    477     342423.40000
    478     339836.50000
    479     331758.70000
    480     327903.50000
    481     324164.10000
    482     309060.90000
    483     285985.20000
    484     275542.10000
    485     287299.20000
    486     303744.20000
    487     302679.80000
    488     281896.00000
    489     254982.30000
    490     237833.20000
    491     240951.40000
    492     258688.40000
    493     269252.20000
    494     260887.40000
    495     248877.30000
    496     250467.10000
    497     258497.20000
    498     258845.80000
    499     255746.80000
    500     256730.20000
    501     249559.20000
    502     219829.90000
    503     181151.10000
    504     166038.40000
    505     188612.00000
    506     227560.10000
    507     248239.10000
    508     241144.20000
    509     231902.20000
    510     244058.30000
    511     265738.40000
    512     273515.20000
    513     272062.60000
    514     280700.40000
    515     296970.50000
    516     303706.40000
    517     298435.60000
    518     292475.40000
    519     293181.60000
    520     301589.60000
    521     315651.70000
    522     329062.10000
    523     335761.20000
    524     336655.00000
    525     337167.10000
    526     343444.20000
    527     363854.30000
    528     404854.10000
    529     459197.40000
    530     503912.90000
    531     519422.00000
    532     512507.60000
    533     513701.60000
    534     546635.60000
    535     604594.00000
    536     662457.90000
    537     704497.60000
    538     733070.20000
    539     757760.60000
    540     788637.20000
    541     836467.30000
    542     904157.20000
    543     975354.80000
    544    1024724.00000
    545    1046749.00000
    546    1065150.00000
    547    1106389.00000
    548    1167627.00000
    549    1213760.00000
    550    1205484.00000
    551    1133766.00000
    552    1028924.00000
    553     930577.10000
    554     849912.40000
    555     772227.20000
    556     693473.80000
    557     631928.40000
    558     595781.00000
    559     562866.90000
    560     511296.90000
    561     450763.20000
    562     399584.10000
    563     350460.10000
    564     290924.70000
    565     238880.00000
    566     217938.60000
    567     212724.80000
    568     191560.20000
    569     159762.40000
    570     145239.80000
    571     142847.80000
    572     121086.20000
    573      80610.88000
    574      61148.06000
    575      83520.44000
    576     119520.40000
    577     131935.60000
    578     119013.20000
    579     102599.60000
    580      91070.00000
    581      77630.25000
    582      65752.00000
    583      69320.88000
    584      87055.38000
    585      99385.69000
    586      94253.25000
    587      78382.50000
    588      61186.25000
    589      43210.25000
    590      24812.06000
    591      15493.50000
    592      25235.50000
    593      46995.31000
    594      59292.75000
    595      54354.44000
    596      49111.62000
    597      55939.25000
    598      63923.94000
    599      63782.81000
    600      62237.38000
    601      57704.38000
    602      38267.19000
    603      14517.94000
    604      14309.12000
    605      38791.38000
    606      60465.12000
    607      62182.56000
    608      47111.75000
    609      22016.62000
    610      -4535.25000
    611     -21169.12000
    612     -24589.94000
    613     -18634.94000
    614      -3388.06200
    615      20234.38000
    616      41193.25000
    617      45276.12000
    618      29190.19000
    619       8238.06200
    620       8473.68800
    621      36321.94000
    622      60117.25000
    623      46269.88000
    624       5906.68800
    625     -22243.69000
    626     -20999.81000
    627        559.12500
    628      28319.31000
    629      43506.38000
    630      29929.88000
    631        205.50000
    632     -14931.19000
    633      -9831.12500
    634      -1758.43800
    635       6879.06200
    636      22217.00000
    637      29329.00000
    638      13139.44000
    639      -9053.06200
    640     -14660.12000
    641     -12977.12000
    642     -23088.81000
    643     -38302.81000
    644     -37842.50000
    645     -15285.62000
    646      16702.94000
    647      36640.25000
    648      31888.75000
    649      16606.38000
    650      18866.75000
    651      42497.19000
    652      62703.00000
    653      63207.38000
    654      52051.19000
    655      39506.94000
    656      28257.19000
    657      25820.81000
    658      39610.75000
    659      59731.19000
    660      68971.00000
    661      66522.50000
    662      62058.94000
    663      54114.50000
    664      37220.56000
    665      23608.75000
    666      31984.81000
    667      54611.00000
    668      59911.69000
    669      34670.56000
    670       4983.93800
    671       4180.93800
    672      32271.50000
    673      59373.94000
    674      62880.56000
    675      49159.38000
    676      37289.81000
    677      31618.06000
    678      21530.06000
    679       6232.62500
    680       1423.00000
    681      13337.94000
    682      26038.94000
    683      26779.94000
    684      22741.75000
    685      20174.00000
    686      12855.06000
    687       3368.31200
    688       5965.68800
    689      16653.06000
    690      11526.69000
    691     -14008.00000
    692     -34471.12000
    693     -32619.94000
    694     -21753.44000
    695     -20103.00000
    696     -23990.06000
    697     -17160.31000
    698       5323.43800
    699      30963.31000
    700      44643.38000
    701      45840.31000
    702      48599.44000
    703      62873.00000
    704      81138.62000
    705      88520.44000
    706      80658.75000
    707      66369.88000
    708      57687.81000
    709      60480.00000
    710      69293.62000
    711      72156.69000
    712      66398.38000
    713      64191.12000
    714      74963.50000
    715      90266.25000
    716      95391.12000
    717      88222.56000
    718      76692.56000
    719      62496.12000
    720      39644.50000
    721      12514.25000
    722       1526.18800
    723      16623.06000
    724      36809.75000
    725      38201.62000
    726      31036.81000
    727      42579.94000
    728      75291.31000
    729     109173.10000
    730     131867.60000
    731     141928.10000
    732     138399.90000
    733     127352.20000
    734     123191.80000
    735     130504.60000
    736     140351.10000
    737     148670.20000
    738     159033.40000
    739     167303.10000
    740     164908.20000
    741     155690.20000
    742     148115.60000
    743     137185.30000
    744     117584.90000
    745     102838.40000
    746     103715.80000
    747     103875.00000
    748      87197.06000
    749      67440.44000
    750      61264.88000
    751      60593.19000
    752      58431.06000
    753      66427.25000
    754      83270.19000
    755      84971.25000
    756      64963.00000
    757      45622.50000
    758      37991.38000
    759      26065.12000
    760       -315.81250
    761     -25774.62000
    762     -29620.31000
    763      -7748.81200
    764      28366.56000
    765      60907.56000
    766      71249.88000
    767      48899.12000
    768       4488.50000
    769     -33228.44000
    770     -43956.88000
    771     -34584.62000
    772     -24412.50000
    773     -21073.25000
    774     -20166.81000
    775     -18990.62000
    776     -19686.25000
    777     -22302.69000
    778     -21986.12000
    779     -16098.31000
    780     -11461.25000
    781     -16736.50000
    782     -26464.50000
    783     -23624.44000
    784       -999.56250
    785      29301.81000
    786      48576.00000
    787      47141.94000
    788      29570.44000
    789       9107.56200
    790      -4195.25000
    791      -8982.12500
    792      -9299.12500
    793     -12937.69000
    794     -25610.19000
    795     -37760.00000
    796     -32994.38000
    797     -17848.50000
    798     -15731.06000
    799     -25023.56000
    800     -20495.31000
    801       -877.43750
    802       7898.12500
    803        171.00000
    804      -1310.12500
    805      13316.81000
    806      27633.44000
    807      27633.06000
    808      16324.50000
    809        140.00000
    810     -18393.12000
    811     -33679.69000
    812     -37223.00000
    813     -27491.31000
    814     -10541.75000
    815       8661.25000
    816      25845.50000
    817      32075.88000
    818      23309.06000
    819      10496.31000
    820       4748.81200
    821       1799.50000
    822      -3741.43800
    823      -4440.06200
    824       2626.81200
    825       3074.12500
    826     -12649.25000
    827     -29455.19000
    828     -24519.19000
    829       3022.75000
    830      26885.56000
    831      19832.75000
    832     -12643.38000
    833     -33372.62000
    834     -19842.81000
    835       3139.18800
    836      -3659.93800
    837     -40156.00000
    838     -69683.69000
    839     -67428.06000
    840     -43686.31000
    841     -22825.75000
    842     -18405.81000
    843     -27757.88000
    844     -36366.00000
    845     -28622.81000
    846      -5195.43800
    847      12899.94000
    848       7816.18800
    849     -11982.81000
    850     -22954.50000
    851     -16665.44000
    852      -7385.43800
    853     -11424.06000
    854     -28652.12000
    855     -45446.62000
    856     -51653.38000
    857     -51797.31000
    858     -56366.00000
    859     -64617.00000
    860     -66651.69000
    861     -61603.56000
    862     -56743.19000
    863     -48756.19000
    864     -27649.88000
    865       -428.68750
    866      11708.31000
    867       1370.25000
    868     -18410.25000
    869     -33239.94000
    870     -39931.94000
    871     -45041.38000
    872     -55848.25000
    873     -65561.12000
    874     -55782.00000
    875     -27101.56000
    876      -9705.68800
    877     -23898.38000
    878     -49449.62000
    879     -53866.56000
    880     -31995.62000
    881      -3176.75000
    882      12443.19000
    883       5666.25000
    884     -17302.00000
    885     -37068.94000
    886     -38559.94000
    887     -24909.25000
    888      -8180.37500
    889       4340.12500
    890       6576.18800
    891     -11714.25000
    892     -52519.31000
    893     -96646.88000
    894    -115955.20000
    895     -99697.88000
    896     -62292.38000
    897     -27697.12000
    898     -12756.94000
    899     -20601.00000
    900     -40302.19000
    901     -55894.62000
    902     -61310.25000
    903     -60947.44000
    904     -56474.38000
    905     -46181.31000
    906     -35519.88000
    907     -30817.50000
    908     -25753.00000
    909     -13055.38000
    910      -3363.62500
    911     -11933.88000
    912     -32793.00000
    913     -45602.56000
    914     -42801.12000
    915     -35464.56000
    916     -37988.00000
    917     -54725.38000
    918     -74279.12000
    919     -75792.50000
    920     -52931.50000
    921     -27942.81000
    922     -25416.12000
    923     -39348.19000
    924     -47077.88000
    925     -45865.69000
    926     -48164.38000
    927     -49336.06000
    928     -31668.94000
    929        756.68750
    930      18529.38000
    931       2588.43800
    932     -32540.12000
    933     -56083.81000
    934     -55184.94000
    935     -45548.00000
    936     -45626.94000
    937     -49299.38000
    938     -38518.94000
    939     -15732.88000
    940      -3052.25000
    941     -12336.12000
    942     -34292.44000
    943     -53959.56000
    944     -61152.56000
    945     -50331.19000
    946     -25928.38000
    947      -6380.06200
    948      -8014.31200
    949     -22015.69000
    950     -22429.25000
    951      -2878.25000
    952      13025.50000
    953       7984.06200
    954      -5034.81200
    955      -9517.18800
    956     -11173.94000
    957     -20418.12000
    958     -31099.44000
    959     -31937.19000
    960     -24287.56000
    961     -21079.12000
    962     -34614.25000
    963     -62024.38000
    964     -81049.06000
    965     -72362.88000
    966     -44902.56000
    967     -23572.12000
    968     -18215.06000
    969     -21860.50000
    970     -29003.00000
    971     -36524.81000
    972     -37854.88000
    973     -32584.75000
    974     -29352.50000
    975     -29371.19000
    976     -24389.19000
    977     -16626.00000
    978     -17960.56000
    979     -26716.06000
    980     -30638.00000
    981     -30813.06000
    982     -36576.81000
    983     -44622.69000
    984     -49166.56000
    985     -58282.06000
    986     -75219.19000
    987     -81445.06000
    988     -60598.25000
    989     -22316.81000
    990      11154.31000
    991      25024.44000
    992      15753.44000
    993      -6009.62500
    994     -18966.06000
    995     -15951.62000
    996     -15829.56000
    997     -33091.88000
    998     -52539.38000
    999     -55144.88000
   1000     -48180.81000
   1001     -44808.00000
   1002     -37810.12000
   1003     -21167.81000
   1004     -12463.62000
   1005     -26511.06000
   1006     -50249.69000
   1007     -62925.56000
   1008     -56491.88000
   1009     -30558.31000
   1010       3944.12500
   1011      21261.44000
   1012       9660.81200
   1013     -10297.50000
   1014     -18047.62000
   1015     -19188.19000
   1016     -25929.81000
   1017     -39781.12000
   1018     -57450.56000
   1019     -69017.00000
   1020     -61174.44000
   1021     -42202.25000
   1022     -40788.31000
   1023     -64772.62000
   1024     -86960.25000
   1025     -80643.00000
   1026     -48413.75000
   1027     -16100.56000
   1028      -9004.12500
   1029     -26877.31000
   1030     -43276.81000
   1031     -38369.62000
   1032     -19068.75000
   1033        233.12500
   1034      13996.06000
   1035      20142.62000
   1036      20958.69000
   1037      22286.62000
   1038      17780.62000
   1039      -4047.00000
   1040     -31285.62000
   1041     -41194.56000
   1042     -38842.56000
   1043     -46020.31000
   1044     -62348.81000
   1045     -71707.62000
   1046     -71336.44000
   1047     -69529.62000
   1048     -69788.25000
   1049     -67626.75000
   1050     -53626.56000
   1051     -26036.69000
   1052      -3172.00000
   1053      -3541.31200
   1054     -17936.56000
   1055     -26028.12000
   1056     -27044.88000
   1057     -28988.69000
   1058     -27956.62000
   1059     -21976.25000
   1060     -24415.19000
   1061     -44456.88000
   1062     -69396.06000
   1063     -77875.62000
   1064     -63084.50000
   1065     -37843.25000
   1066     -19977.31000
   1067     -16672.31000
   1068     -23502.31000
   1069     -30659.06000
   1070     -26929.56000
   1071     -11692.94000
   1072      -5220.81200
   1073     -25018.94000
   1074     -50110.31000
   1075     -39445.38000
   1076       8549.31200
   1077      45564.69000
   1078      31779.50000
   1079     -19671.81000
   1080     -64496.50000
   1081     -73694.12000
   1082     -50946.06000
   1083     -19688.62000
   1084      -3068.56200
   1085      -7574.43800
   1086     -19266.44000
   1087     -22070.38000
   1088     -18677.06000
   1089     -21051.06000
   1090     -25296.19000
   1091     -18563.38000
   1092      -7390.75000
   1093     -10941.25000
   1094     -27284.75000
   1095     -35705.56000
   1096     -32691.00000
   1097     -37001.44000
   1098     -56523.94000
   1099     -74064.88000
   1100     -71983.38000
   1101     -54081.69000
   1102     -35068.06000
   1103     -19460.75000
   1104      -4125.56200
   1105       3925.37500
   1106      -7071.37500
   1107     -29022.44000
   1108     -37928.25000
   1109     -27541.31000
   1110     -15983.88000
   1111     -15736.50000
   1112     -20443.94000
   1113     -22252.62000
   1114     -21471.31000
   1115     -19525.44000
   1116     -16721.88000
   1117     -14185.00000
   1118     -12127.38000
   1119     -11463.56000
   1120     -15565.00000
   1121     -23989.44000
   1122     -29715.19000
   1123     -28180.81000
   1124     -23243.56000
   1125     -22686.44000
   1126     -33120.81000
   1127     -55957.50000
   1128     -81907.12000
   1129     -91912.56000
   1130     -71225.44000
   1131     -27675.81000
   1132       7064.75000
   1133       6944.56200
   1134     -16825.00000
   1135     -31263.50000
   1136     -28420.50000
   1137     -29265.25000
   1138     -40480.75000
   1139     -45020.50000
   1140     -41431.25000
   1141     -51690.62000
   1142     -77214.44000
   1143     -85239.00000
   1144     -57740.81000
   1145     -22606.44000
   1146     -14244.81000
   1147     -27178.06000
   1148     -32900.56000
   1149     -24043.75000
   1150     -16151.88000
   1151     -19183.31000
   1152     -30315.44000
   1153     -44131.31000
   1154     -52718.62000
   1155     -48116.25000
   1156     -34309.38000
   1157     -22054.62000
   1158     -11120.12000
   1159       2818.43800
   1160      10651.69000
   1161       2798.81200
   1162     -11083.81000
   1163     -18667.81000
   1164     -27418.44000
   1165     -47517.25000
   1166     -66997.81000
   1167     -66655.12000
   1168     -49656.69000
   1169     -36638.69000
   1170     -36034.12000
   1171     -35796.00000
   1172     -25206.19000
   1173     -12259.44000
   1174     -13749.31000
   1175     -35539.06000
   1176     -68109.12000
   1177     -95175.75000
   1178    -101469.40000
   1179     -79147.88000
   1180     -36598.19000
   1181       1007.81200
   1182      10286.62000
   1183      -8481.31200
   1184     -35710.50000
   1185     -58273.81000
   1186     -75551.50000
   1187     -81065.56000
   1188     -65576.12000
   1189     -43227.75000
   1190     -40943.44000
   1191     -56489.44000
   1192     -64795.38000
   1193     -65583.94000
   1194     -78455.12000
   1195     -93824.19000
   1196     -81319.56000
   1197     -44142.50000
   1198     -15370.25000
   1199      -5569.00000
   1200       1466.12500
   1201      10067.56000
   1202       9736.06200
   1203        856.31250
   1204      -8866.81200
   1205     -23414.94000
   1206     -46738.50000
   1207     -61364.19000
   1208     -44975.38000
   1209      -6190.68800
   1210      18821.12000
   1211      10726.06000
   1212     -10871.56000
   1213     -19108.38000
   1214     -15960.50000
   1215     -21163.81000
   1216     -39196.12000
   1217     -55031.62000
   1218     -54692.25000
   1219     -36830.31000
   1220      -9561.93800
   1221      15752.25000
   1222      31092.00000
   1223      34862.00000
   1224      28796.00000
   1225      16419.62000
   1226       2849.06200
   1227     -11647.69000
   1228     -32530.56000
   1229     -56135.69000
   1230     -66358.44000
   1231     -58318.56000
   1232     -47879.31000
   1233     -43830.94000
   1234     -32962.56000
   1235     -10149.75000
