      1     -14568.59000
      2     -22581.50000
      3     -10608.50000
      4       5464.75000
      5       7018.53100
      6      -3728.59400
      7     -15848.47000
      8     -26574.84000
      9     -37785.50000
     10     -47884.19000
     11     -51188.50000
     12     -42338.59000
     13     -23168.31000
     14      -2940.84400
     15      12450.56000
     16      23812.50000
     17      26487.12000
     18      11350.22000
     19     -13528.53000
     20     -23357.75000
     21     -12529.00000
     22      -8620.87500
     23     -33232.19000
     24     -68165.59000
     25     -78866.16000
     26     -57947.88000
     27     -30460.38000
     28     -24014.56000
     29     -41309.31000
     30     -57707.66000
     31     -48033.97000
     32     -18529.50000
     33      -1523.43800
     34     -13470.69000
     35     -34621.81000
     36     -39085.19000
     37     -29329.38000
     38     -26900.41000
     39     -38798.62000
     40     -51026.41000
     41     -54092.84000
     42     -54620.28000
     43     -53973.59000
     44     -37652.00000
     45      -1013.93800
     46      33821.81000
     47      42538.53000
     48      25622.84000
     49       1456.03100
     50     -14813.28000
     51     -22465.12000
     52     -32314.72000
     53     -49687.72000
     54     -63176.72000
     55     -62235.25000
     56     -56747.94000
     57     -60649.88000
     58     -68467.03000
     59     -66679.09000
     60     -55030.00000
     61     -40787.94000
     62     -26157.03000
     63     -14618.50000
     64     -16997.12000
     65     -36901.53000
     66     -56522.53000
     67     -53358.31000
     68     -31733.91000
     69     -19182.81000
     70     -24887.34000
     71     -25892.59000
     72      -9171.50000
     73       1142.37500
     74     -17231.44000
     75     -43351.53000
     76     -41841.72000
     77     -16464.22000
     78      -2697.81200
     79     -14548.22000
     80     -29611.31000
     81     -28741.25000
     82     -22518.28000
     83     -28786.22000
     84     -45344.00000
     85     -58187.59000
     86     -61880.41000
     87     -58606.59000
     88     -48827.41000
     89     -35215.06000
     90     -26713.78000
     91     -26873.34000
     92     -27583.62000
     93     -25066.53000
     94     -28600.25000
     95     -39293.75000
     96     -38088.16000
     97     -14076.03000
     98      13309.28000
     99      18417.50000
    100      -1328.84400
    101     -30146.00000
    102     -47223.12000
    103     -35732.81000
    104      -3779.78100
    105      12372.75000
    106      -9088.71900
    107     -45670.00000
    108     -63015.00000
    109     -53119.69000
    110     -29274.66000
    111     -12689.56000
    112     -23383.22000
    113     -53094.47000
    114     -62833.00000
    115     -39554.91000
    116     -23040.59000
    117     -42023.97000
    118     -67335.53000
    119     -64969.91000
    120     -49608.56000
    121     -50321.53000
    122     -65033.03000
    123     -76827.59000
    124     -81820.88000
    125     -82363.56000
    126     -76607.06000
    127     -63221.25000
    128     -44659.09000
    129     -28169.50000
    130     -24154.12000
    131     -31780.31000
    132     -33119.03000
    133     -19187.78000
    134      -7650.40600
    135     -13553.38000
    136     -22074.69000
    137     -14296.50000
    138        598.68750
    139       4218.03100
    140        423.21880
    141       3890.28100
    142      13101.94000
    143      14587.75000
    144       2226.75000
    145     -19781.41000
    146     -39941.84000
    147     -40911.12000
    148     -15373.12000
    149      17735.44000
    150      32741.91000
    151      29545.28000
    152      23484.09000
    153      12487.59000
    154     -13801.25000
    155     -40201.88000
    156     -39624.84000
    157     -18056.41000
    158      -8687.59400
    159     -19794.91000
    160     -24575.47000
    161      -8872.87500
    162       5331.25000
    163      -3528.93800
    164     -24562.31000
    165     -36185.56000
    166     -38170.62000
    167     -42392.69000
    168     -48071.56000
    169     -46251.59000
    170     -37248.38000
    171     -26568.12000
    172     -15748.84000
    173      -9738.50000
    174     -16453.06000
    175     -28627.66000
    176     -27175.56000
    177     -11554.88000
    178      -2331.00000
    179      -7919.75000
    180     -15751.91000
    181     -20135.66000
    182     -29403.84000
    183     -41136.28000
    184     -37088.62000
    185      -9108.37500
    186      27831.69000
    187      51327.88000
    188      48768.25000
    189      22560.62000
    190     -11043.78000
    191     -31676.91000
    192     -31467.16000
    193     -19436.16000
    194      -7797.12500
    195      -2648.12500
    196      -7544.87500
    197     -21117.66000
    198     -29529.34000
    199     -19611.75000
    200      -1602.18800
    201       1489.40600
    202     -12666.31000
    203     -24469.72000
    204     -23892.53000
    205     -21680.62000
    206     -29567.12000
    207     -44553.62000
    208     -52431.84000
    209     -42727.72000
    210     -24884.28000
    211     -21926.50000
    212     -36423.47000
    213     -39958.56000
    214     -14174.22000
    215      18525.31000
    216      25212.97000
    217       1819.06200
    218     -34150.25000
    219     -66348.84000
    220     -81712.16000
    221     -73312.53000
    222     -53437.81000
    223     -45069.28000
    224     -52349.81000
    225     -54536.31000
    226     -33914.59000
    227       1392.93800
    228      25867.12000
    229      20816.88000
    230     -10009.88000
    231     -44085.72000
    232     -60814.97000
    233     -60282.50000
    234     -56496.88000
    235     -53343.31000
    236     -42068.06000
    237     -24072.38000
    238     -14788.12000
    239     -18129.47000
    240     -20411.25000
    241     -16242.25000
    242     -15647.62000
    243     -20806.66000
    244     -21455.59000
    245     -16682.25000
    246     -16758.28000
    247     -23505.31000
    248     -30325.78000
    249     -37594.19000
    250     -48042.72000
    251     -52781.62000
    252     -41375.44000
    253     -20106.78000
    254      -3350.56200
    255       6775.87500
    256      14705.03000
    257      12738.09000
    258      -9566.18800
    259     -40777.09000
    260     -55341.69000
    261     -47576.22000
    262     -38371.53000
    263     -45089.19000
    264     -59074.59000
    265     -58735.66000
    266     -39432.47000
    267     -22987.03000
    268     -29653.47000
    269     -46383.91000
    270     -44976.09000
    271     -29208.72000
    272     -30084.78000
    273     -49936.75000
    274     -51443.47000
    275     -14387.44000
    276      33401.66000
    277      54926.59000
    278      44754.03000
    279      21215.88000
    280       1880.75000
    281      -5677.56200
    282      -4066.81200
    283       -651.18750
    284       2520.90600
    285       8046.46900
    286      11757.97000
    287       4898.37500
    288     -11205.97000
    289     -25937.50000
    290     -32504.25000
    291     -28026.28000
    292      -9134.53100
    293      16664.16000
    294      27840.09000
    295      15367.38000
    296       -607.25000
    297       1341.18800
    298      14150.56000
    299      16969.94000
    300       4135.93800
    301     -13944.19000
    302     -24361.91000
    303     -18287.78000
    304        426.18750
    305      12841.12000
    306       9074.25000
    307       8175.65600
    308      31556.72000
    309      65985.72000
    310      79135.62000
    311      62545.00000
    312      34502.09000
    313      10201.25000
    314      -7707.90600
    315     -17381.47000
    316     -17883.91000
    317     -16080.03000
    318     -18914.62000
    319     -22690.78000
    320     -21417.91000
    321     -21855.50000
    322     -36878.59000
    323     -60807.19000
    324     -64895.28000
    325     -29513.25000
    326      26610.31000
    327      61829.72000
    328      53506.62000
    329      16610.47000
    330     -14379.84000
    331     -16262.53000
    332       4960.59400
    333      23096.75000
    334      19623.31000
    335        692.53120
    336     -13988.66000
    337     -12944.81000
    338      -1732.25000
    339       6618.87500
    340       9232.15600
    341      16037.69000
    342      29321.16000
    343      32859.16000
    344      16044.31000
    345      -5658.43800
    346     -13119.00000
    347     -10078.66000
    348      -8358.34400
    349      -5033.53100
    350       4953.31200
    351      11779.31000
    352       6201.34400
    353      -3360.90600
    354      -5434.28100
    355      -1521.34400
    356       4075.93800
    357      11269.00000
    358      11831.69000
    359      -6565.96900
    360     -33659.56000
    361     -40101.84000
    362     -18003.03000
    363       8209.93800
    364      20043.22000
    365      27812.84000
    366      44944.34000
    367      61296.44000
    368      54833.81000
    369      21616.56000
    370     -14789.84000
    371     -26941.50000
    372     -12363.31000
    373       9527.06200
    374      23869.81000
    375      27631.28000
    376      18752.38000
    377       1329.06200
    378      -5377.90600
    379      13330.81000
    380      44005.12000
    381      59860.06000
    382      52122.25000
    383      34137.25000
    384      22904.06000
    385      25898.88000
    386      37403.94000
    387      41878.75000
    388      28854.12000
    389       7604.31200
    390      -2274.68800
    391       1661.93800
    392       1223.00000
    393     -10477.72000
    394     -12365.84000
    395      12142.31000
    396      44149.19000
    397      54118.25000
    398      41590.06000
    399      26812.81000
    400      18989.19000
    401      17463.50000
    402      28898.00000
    403      57209.56000
    404      86653.12000
    405      96325.62000
    406      87074.81000
    407      79759.50000
    408      90690.38000
    409     116630.60000
    410     140263.60000
    411     144849.10000
    412     126802.00000
    413      97584.50000
    414      73318.88000
    415      64380.00000
    416      73283.69000
    417      95399.00000
    418     119442.30000
    419     134611.70000
    420     139744.10000
    421     141270.10000
    422     145558.70000
    423     157848.00000
    424     183281.20000
    425     222646.20000
    426     270098.00000
    427     315422.90000
    428     346691.90000
    429     359550.90000
    430     366895.90000
    431     387192.80000
    432     422166.10000
    433     462398.40000
    434     510344.30000
    435     576800.40000
    436     662864.40000
    437     763950.80000
    438     879941.20000
    439    1008456.00000
    440    1147992.00000
    441    1312328.00000
    442    1516395.00000
    443    1752120.00000
    444    2015982.00000
    445    2356888.00000
    446    2854524.00000
    447    3540728.00000
    448    4350734.00000
    449    5130880.00000
    450    5679608.00000
    451    5826232.00000
    452    5525179.00000
    453    4881956.00000
    454    4078775.00000
    455    3277799.00000
    456    2578916.00000
    457    2023784.00000
    458    1609757.00000
    459    1307884.00000
    460    1084920.00000
    461     916097.50000
    462     786498.20000
    463     688323.70000
    464     615682.10000
    465     558357.50000
    466     503673.40000
    467     447319.70000
    468     399574.40000
    469     374174.50000
    470     368663.80000
    471     362882.90000
    472     342496.60000
    473     315851.80000
    474     299436.90000
    475     296183.60000
    476     296931.60000
    477     292891.80000
    478     278092.20000
    479     250771.10000
    480     222080.40000
    481     213293.30000
    482     232040.10000
    483     257191.20000
    484     261392.50000
    485     244521.60000
    486     225944.30000
    487     207878.50000
    488     175319.70000
    489     132338.10000
    490     104534.30000
    491     101882.50000
    492     108604.20000
    493     107404.70000
    494      89793.19000
    495      55870.56000
    496      24197.19000
    497      20266.38000
    498      40762.62000
    499      56467.44000
    500      56559.94000
    501      57075.31000
    502      64583.62000
    503      67071.44000
    504      60897.06000
    505      54978.62000
    506      50749.62000
    507      44102.31000
    508      39761.12000
    509      40163.75000
    510      32266.25000
    511       9245.50000
    512      -9503.56200
    513      -4058.12500
    514      15249.69000
    515      24072.38000
    516      15660.50000
    517      -1096.62500
    518     -19309.12000
    519     -34626.31000
    520     -38685.44000
    521     -23818.25000
    522       5626.18800
    523      29886.12000
    524      30493.50000
    525      14299.81000
    526       6759.06200
    527      15379.94000
    528      19710.75000
    529       4410.93800
    530     -19972.88000
    531     -34782.88000
    532     -32381.62000
    533     -16424.75000
    534       1679.37500
    535      10386.00000
    536      11655.19000
    537      16761.94000
    538      24003.81000
    539      18260.75000
    540      -1827.56200
    541     -17055.19000
    542     -15376.88000
    543      -6029.06200
    544       1039.12500
    545       8528.87500
    546      15770.25000
    547      10605.31000
    548     -11622.19000
    549     -38289.12000
    550     -56730.31000
    551     -65290.00000
    552     -62963.22000
    553     -46753.62000
    554     -24457.31000
    555     -13032.56000
    556     -18712.44000
    557     -31971.75000
    558     -43283.44000
    559     -49803.31000
    560     -47335.12000
    561     -31840.38000
    562      -9857.93800
    563       7015.37500
    564      16598.62000
    565      21811.50000
    566      18185.44000
    567       2163.06200
    568     -15334.06000
    569     -21012.19000
    570     -16582.94000
    571      -9698.25000
    572       -826.06250
    573       6320.37500
    574      -1034.18800
    575     -23037.50000
    576     -38032.38000
    577     -31814.00000
    578     -16993.69000
    579      -6187.06200
    580      11478.31000
    581      43633.88000
    582      64594.81000
    583      43803.50000
    584      -5944.81200
    585     -40238.12000
    586     -37817.50000
    587     -15109.00000
    588       7418.75000
    589      22330.56000
    590      23619.50000
    591       7464.81200
    592     -17595.00000
    593     -39710.75000
    594     -55022.12000
    595     -59984.88000
    596     -48567.19000
    597     -24265.06000
    598        -93.18750
    599      14278.19000
    600      15940.69000
    601       7156.68800
    602      -3218.18800
    603      -7308.81200
    604      -6632.31200
    605      -4192.43800
    606       1083.18800
    607       4762.62500
    608      -1521.37500
    609     -14414.31000
    610     -21690.25000
    611     -18420.62000
    612      -6986.62500
    613       9244.06200
    614      23022.00000
    615      28106.62000
    616      29225.69000
    617      31722.31000
    618      28301.31000
    619      13098.88000
    620      -3103.18800
    621      -8823.25000
    622      -9605.37500
    623     -16085.56000
    624     -27510.56000
    625     -36589.06000
    626     -39260.31000
    627     -34128.25000
    628     -22040.44000
    629      -8055.12500
    630       2942.25000
    631       9717.06200
    632      10041.12000
    633        854.25000
    634     -13608.94000
    635     -24965.50000
    636     -31872.75000
    637     -35616.06000
    638     -29993.62000
    639     -10833.31000
    640      13172.81000
    641      31129.00000
    642      37440.69000
    643      24490.94000
    644      -8577.06200
    645     -39492.88000
    646     -44589.56000
    647     -32008.19000
    648     -23858.25000
    649     -20221.81000
    650     -12149.94000
    651      -8007.12500
    652     -13532.38000
    653     -11214.81000
    654       8938.68800
    655      24038.00000
    656      12351.44000
    657     -10291.12000
    658     -13649.06000
    659       4010.06200
    660      16432.62000
    661       5534.68800
    662     -16012.00000
    663     -21007.62000
    664      -3820.25000
    665       8926.00000
    666      -6655.00000
    667     -36555.50000
    668     -47323.38000
    669     -32165.38000
    670     -14764.88000
    671     -11148.38000
    672     -13308.69000
    673     -10948.25000
    674      -5429.25000
    675       1514.00000
    676      12660.06000
    677      24295.88000
    678      25569.56000
    679      14305.00000
    680       2812.18800
    681       1276.81200
    682       3062.56200
    683      -2561.68800
    684      -7587.18800
    685       5121.06200
    686      28602.06000
    687      35800.75000
    688      22744.25000
    689      14774.00000
    690      21129.94000
    691      20779.31000
    692       3546.81200
    693     -11515.94000
    694      -9734.56200
    695      -3105.93800
    696     -10258.62000
    697     -32794.69000
    698     -54774.38000
    699     -57663.50000
    700     -36682.44000
    701      -4115.25000
    702      22526.06000
    703      29829.62000
    704      12228.62000
    705     -19805.81000
    706     -42406.75000
    707     -42866.56000
    708     -31863.75000
    709     -20660.25000
    710      -2183.56200
    711      32349.88000
    712      71118.12000
    713      89542.25000
    714      77715.81000
    715      52476.94000
    716      39021.81000
    717      43524.00000
    718      51336.62000
    719      50011.62000
    720      42802.00000
    721      40068.50000
    722      46614.44000
    723      56391.75000
    724      56083.12000
    725      40428.50000
    726      23430.25000
    727      23926.25000
    728      42289.38000
    729      62785.25000
    730      75107.38000
    731      82999.69000
    732      95138.06000
    733     114646.80000
    734     136201.10000
    735     150420.20000
    736     151746.10000
    737     143457.20000
    738     136270.00000
    739     139331.60000
    740     148339.50000
    741     149742.60000
    742     142640.40000
    743     141934.80000
    744     151299.60000
    745     155635.90000
    746     150554.90000
    747     149234.90000
    748     149745.20000
    749     131090.70000
    750      93427.94000
    751      66639.44000
    752      67478.69000
    753      78728.62000
    754      78967.81000
    755      68971.25000
    756      62133.75000
    757      64171.94000
    758      67621.06000
    759      63136.81000
    760      54500.81000
    761      55775.44000
    762      69091.19000
    763      76491.19000
    764      63858.69000
    765      41430.44000
    766      27868.62000
    767      24131.50000
    768      19387.81000
    769      15620.81000
    770      26078.50000
    771      50392.00000
    772      70742.25000
    773      74939.38000
    774      66408.50000
    775      53215.19000
    776      44835.81000
    777      51877.50000
    778      69462.38000
    779      75466.50000
    780      65218.94000
    781      61649.50000
    782      68617.31000
    783      52956.38000
    784       3388.50000
    785     -37101.31000
    786     -33559.00000
    787     -10201.19000
    788      -3372.43800
    789      -4950.18800
    790      11206.88000
    791      41286.38000
    792      61977.12000
    793      63351.75000
    794      49221.88000
    795      26183.06000
    796       6692.31200
    797       3769.12500
    798      14464.50000
    799      24376.06000
    800      29339.25000
    801      36508.56000
    802      46739.94000
    803      51226.00000
    804      42800.25000
    805      23089.69000
    806       3911.18800
    807        855.93750
    808      15181.62000
    809      27511.75000
    810      21122.88000
    811       2859.06200
    812      -7145.00000
    813       4309.75000
    814      35454.94000
    815      67675.88000
    816      75639.75000
    817      54481.00000
    818      28942.88000
    819      20996.00000
    820      21145.31000
    821       8838.43800
    822     -12534.62000
    823     -22345.44000
    824     -16573.12000
    825     -12295.31000
    826     -18529.56000
    827     -22450.69000
    828     -10163.62000
    829      11679.19000
    830      21465.56000
    831       4661.62500
    832     -30803.25000
    833     -59176.00000
    834     -58869.38000
    835     -31090.44000
    836       2007.56200
    837      15640.25000
    838       3518.62500
    839     -14949.38000
    840     -16605.62000
    841      -3676.62500
    842       3980.62500
    843         42.68750
    844      -8854.56200
    845     -25155.25000
    846     -50891.06000
    847     -66729.62000
    848     -52600.88000
    849     -20925.00000
    850      -1364.56200
    851        205.56250
    852       2893.00000
    853      15674.56000
    854      25988.38000
    855      27515.19000
    856      33730.00000
    857      49490.00000
    858      53257.50000
    859      28820.88000
    860      -6136.75000
    861     -24539.88000
    862     -24121.00000
    863     -20832.81000
    864     -24676.56000
    865     -32892.44000
    866     -37300.88000
    867     -35779.56000
    868     -38043.06000
    869     -51901.75000
    870     -66940.50000
    871     -65301.56000
    872     -44401.62000
    873     -17428.94000
    874       1940.62500
    875       8295.68800
    876       4914.93800
    877      -1532.93800
    878      -7852.37500
    879     -12464.69000
    880     -11282.56000
    881      -4662.43800
    882       1062.06200
    883       8162.31200
    884      25886.94000
    885      45295.81000
    886      41745.94000
    887      14857.19000
    888      -3705.56200
    889       2626.50000
    890      10058.94000
    891      -5633.81200
    892     -30534.50000
    893     -36002.50000
    894     -20272.69000
    895      -4272.50000
    896       -522.81250
    897      -6936.00000
    898     -18491.38000
    899     -26380.56000
    900     -19320.62000
    901      -2561.00000
    902       2250.50000
    903      -7387.25000
    904      -4501.62500
    905      21379.56000
    906      36973.62000
    907      12925.88000
    908     -27536.56000
    909     -41572.88000
    910     -27361.56000
    911     -16303.06000
    912     -20132.88000
    913     -23567.06000
    914     -22015.62000
    915     -29997.81000
    916     -50849.12000
    917     -67897.31000
    918     -70318.50000
    919     -63206.81000
    920     -48375.88000
    921     -19540.62000
    922      16883.06000
    923      39584.38000
    924      40980.81000
    925      36863.19000
    926      38224.81000
    927      36042.31000
    928      24232.50000
    929      12730.56000
    930       7212.50000
    931        447.18750
    932      -9072.37500
    933     -15202.50000
    934     -22075.25000
    935     -37074.75000
    936     -49774.88000
    937     -43598.81000
    938     -21835.81000
    939      -1852.37500
    940       6288.50000
    941       2537.25000
    942      -8380.62500
    943     -18121.38000
    944     -21341.50000
    945     -21392.75000
    946     -23866.81000
    947     -30740.50000
    948     -41172.88000
    949     -49724.81000
    950     -50658.00000
    951     -49745.19000
    952     -56255.50000
    953     -60560.25000
    954     -43623.75000
    955     -10817.38000
    956       9262.37500
    957        786.56250
    958     -23302.00000
    959     -38764.50000
    960     -33339.12000
    961     -17689.56000
    962     -11469.94000
    963     -14490.94000
    964     -10141.81000
    965      -3194.62500
    966     -18866.81000
    967     -51259.81000
    968     -56290.81000
    969     -16081.44000
    970      29312.12000
    971      35094.88000
    972       4437.87500
    973     -28902.19000
    974     -44267.94000
    975     -43666.88000
    976     -34737.44000
    977     -23830.25000
    978     -22118.88000
    979     -39504.31000
    980     -65139.88000
    981     -69882.38000
    982     -41645.56000
    983      -5525.75000
    984       5055.62500
    985     -13761.75000
    986     -38786.81000
    987     -48162.69000
    988     -37730.44000
    989     -20451.12000
    990     -15513.31000
    991     -26704.62000
    992     -32528.31000
    993     -14770.88000
    994      10662.19000
    995      17647.50000
    996      13941.50000
    997      24675.25000
    998      41105.62000
    999      28922.50000
   1000     -16909.62000
   1001     -63305.38000
   1002     -80339.75000
   1003     -63780.00000
   1004     -26718.06000
   1005      10273.19000
   1006      30328.44000
   1007      32504.50000
   1008      27677.94000
   1009      24288.19000
   1010      23085.69000
   1011      19084.75000
   1012       7056.62500
   1013      -9369.87500
   1014     -18894.06000
   1015     -14538.19000
   1016       2411.68800
   1017      23753.69000
   1018      32514.31000
   1019      17066.06000
   1020      -7888.31200
   1021     -18598.81000
   1022     -18046.19000
   1023     -23857.75000
   1024     -31996.12000
   1025     -29480.69000
   1026     -26564.12000
   1027     -38265.12000
   1028     -52116.44000
   1029     -48552.88000
   1030     -34511.81000
   1031     -27153.88000
   1032     -22570.25000
   1033      -7542.50000
   1034      10761.69000
   1035      12316.31000
   1036      -2736.68800
   1037     -10478.56000
   1038       2182.87500
   1039      14979.50000
   1040       -526.50000
   1041     -40195.69000
   1042     -66690.56000
   1043     -52741.81000
   1044     -15085.75000
   1045       3370.06200
   1046     -17127.44000
   1047     -53179.75000
   1048     -71325.44000
   1049     -64522.81000
   1050     -43628.94000
   1051     -13666.56000
   1052      17571.25000
   1053      27043.31000
   1054       2307.87500
   1055     -35113.81000
   1056     -55733.56000
   1057     -53523.25000
   1058     -35352.31000
   1059      -6208.37500
   1060      20839.81000
   1061      28495.31000
   1062      17692.00000
   1063       1804.81200
   1064     -15714.19000
   1065     -31223.19000
   1066     -27687.12000
   1067      -3298.56200
   1068      11268.44000
   1069      -4216.12500
   1070     -26704.88000
   1071     -27259.12000
   1072     -10237.50000
   1073       6587.50000
   1074      18051.38000
   1075      21192.56000
   1076      11719.50000
   1077          3.18750
   1078         -2.06250
   1079       2970.62500
   1080      -6649.43800
   1081     -18440.38000
   1082     -13791.88000
   1083      -4558.50000
   1084     -17046.31000
   1085     -45492.94000
   1086     -56648.25000
   1087     -38754.12000
   1088     -15367.25000
   1089      -7114.56200
   1090      -6259.12500
   1091        223.37500
   1092       4977.00000
   1093      -4198.93800
   1094     -17631.69000
   1095     -12550.69000
   1096      15625.56000
   1097      43486.75000
   1098      41265.06000
   1099       2831.87500
   1100     -45673.06000
   1101     -72644.44000
   1102     -73706.94000
   1103     -63560.81000
   1104     -44392.44000
   1105     -11011.75000
   1106      21012.62000
   1107      29725.62000
   1108      23818.75000
   1109      25520.19000
   1110      24472.94000
   1111      -5468.68800
   1112     -48240.94000
   1113     -54594.38000
   1114     -14977.56000
   1115      21247.44000
   1116      11903.19000
   1117     -26459.31000
   1118     -46902.81000
   1119     -29723.94000
   1120        656.12500
   1121       7846.56200
   1122     -13033.12000
   1123     -30266.44000
   1124     -20577.25000
   1125      -3120.31200
   1126      -7935.18800
   1127     -29032.06000
   1128     -38680.06000
   1129     -31676.75000
   1130     -23932.62000
   1131     -19913.06000
   1132     -10631.38000
   1133       3027.12500
   1134       6515.12500
   1135      -9075.93800
   1136     -34240.31000
   1137     -50164.31000
   1138     -48505.94000
   1139     -38917.94000
   1140     -35142.69000
   1141     -38758.25000
   1142     -40196.38000
   1143     -31262.38000
   1144     -14399.12000
   1145      -2244.87500
   1146      -5947.87500
   1147     -20740.38000
   1148     -29398.12000
   1149     -23542.25000
   1150     -11447.19000
   1151        130.75000
   1152      16692.44000
   1153      37003.69000
   1154      40209.44000
   1155      11913.88000
   1156     -27656.50000
   1157     -43654.88000
   1158     -28744.00000
   1159      -6690.87500
   1160        876.87500
   1161      -5613.56200
   1162     -15144.69000
   1163     -24097.75000
   1164     -37394.56000
   1165     -53277.38000
   1166     -55720.12000
   1167     -33387.31000
   1168      -1695.12500
   1169      10065.12000
   1170      -7479.56200
   1171     -37053.12000
   1172     -57622.06000
   1173     -60261.44000
   1174     -46876.25000
   1175     -27638.94000
   1176     -16707.31000
   1177     -19211.62000
   1178     -24735.06000
   1179     -21468.94000
   1180     -13695.25000
   1181     -15585.50000
   1182     -28199.62000
   1183     -34894.00000
   1184     -25664.69000
   1185     -14965.06000
   1186     -22064.44000
   1187     -41305.31000
   1188     -49167.44000
   1189     -37058.88000
   1190     -17866.31000
   1191      -3243.56200
   1192       5429.31200
   1193       7727.37500
   1194       5438.93800
   1195       6430.56200
   1196      10859.00000
   1197       6202.25000
   1198     -11371.62000
   1199     -28455.44000
   1200     -36200.81000
   1201     -40926.44000
   1202     -47904.50000
   1203     -52524.69000
   1204     -49532.12000
   1205     -41501.25000
   1206     -39031.88000
   1207     -49466.12000
   1208     -60137.19000
   1209     -47874.94000
   1210     -14943.00000
   1211       7702.62500
   1212       3883.62500
   1213      -7385.12500
   1214      -4966.18800
   1215       6960.12500
   1216      12705.50000
   1217       5745.75000
   1218      -9420.18800
   1219     -22324.75000
   1220     -22418.81000
   1221      -8919.25000
   1222       6959.37500
   1223      13923.75000
   1224      10012.06000
   1225      -2339.00000
   1226     -21307.69000
   1227     -39727.00000
   1228     -44912.19000
   1229     -34442.00000
   1230     -23803.38000
   1231     -27533.31000
   1232     -39540.56000
   1233     -42386.69000
   1234     -30488.56000
   1235     -14136.62000
