      1     -20163.50000
      2     -10829.38000
      3      -3502.93800
      4      -1536.50000
      5       3502.12500
      6      10920.75000
      7       6720.12500
      8     -12442.75000
      9     -31438.00000
     10     -40602.50000
     11     -44658.19000
     12     -40298.38000
     13     -13238.44000
     14      28630.44000
     15      48038.81000
     16      25249.81000
     17     -11506.38000
     18     -24173.88000
     19     -13316.25000
     20      -5761.37500
     21     -12082.56000
     22     -21925.31000
     23     -29154.75000
     24     -38085.94000
     25     -50292.50000
     26     -60647.56000
     27     -61456.62000
     28     -44458.44000
     29      -8943.12500
     30      28239.06000
     31      41665.88000
     32      21679.25000
     33     -15777.69000
     34     -44480.00000
     35     -49734.44000
     36     -35819.94000
     37     -17146.69000
     38      -5704.25000
     39      -5369.31200
     40     -12770.38000
     41     -20306.69000
     42     -20566.00000
     43     -12344.88000
     44      -7055.87500
     45     -24167.75000
     46     -65932.19000
     47     -99688.25000
     48     -88341.50000
     49     -38232.62000
     50      10006.25000
     51      32956.12000
     52      36337.00000
     53      27303.50000
     54       9530.75000
     55      -6016.50000
     56     -13564.06000
     57     -19349.69000
     58     -21313.00000
     59      -9587.00000
     60       4952.56200
     61       -848.75000
     62     -21032.06000
     63     -25809.56000
     64      -9899.37500
     65        862.12500
     66      -8675.75000
     67     -27076.88000
     68     -41253.19000
     69     -50578.81000
     70     -54875.69000
     71     -47746.25000
     72     -27650.25000
     73      -7293.56200
     74      -4339.87500
     75     -19874.06000
     76     -33581.44000
     77     -28503.00000
     78     -12444.12000
     79      -5332.25000
     80     -15162.50000
     81     -34606.19000
     82     -49933.50000
     83     -50134.31000
     84     -37839.94000
     85     -26918.31000
     86     -21025.81000
     87      -8142.31200
     88      15882.06000
     89      37750.50000
     90      46372.12000
     91      44313.62000
     92      39017.69000
     93      36380.56000
     94      36419.75000
     95      28198.56000
     96       2857.18800
     97     -27719.75000
     98     -45446.94000
     99     -55252.44000
    100     -72711.44000
    101     -87036.44000
    102     -68925.19000
    103     -19709.38000
    104      16036.00000
    105       1084.81200
    106     -47716.06000
    107     -78744.88000
    108     -66912.12000
    109     -39958.00000
    110     -35244.50000
    111     -44600.44000
    112     -29227.31000
    113      12629.44000
    114      34778.06000
    115      14399.81000
    116     -10609.69000
    117      -1388.75000
    118      26956.12000
    119      38337.25000
    120      25040.94000
    121        518.00000
    122     -23179.12000
    123     -34055.12000
    124     -25012.19000
    125      -7888.18800
    126      -2086.37500
    127     -11024.56000
    128     -23881.06000
    129     -31221.38000
    130     -29256.25000
    131     -20290.38000
    132     -12153.19000
    133      -7677.93800
    134        653.25000
    135      16968.50000
    136      32397.25000
    137      36249.69000
    138      26339.75000
    139       6977.56200
    140     -12615.56000
    141     -22385.56000
    142     -25248.19000
    143     -37096.69000
    144     -60672.19000
    145     -73856.19000
    146     -59221.94000
    147     -31580.81000
    148     -18607.75000
    149     -24982.69000
    150     -33003.19000
    151     -31784.50000
    152     -28804.12000
    153     -34654.00000
    154     -49003.56000
    155     -60547.62000
    156     -54643.31000
    157     -26151.81000
    158      10627.50000
    159      33021.69000
    160      32692.44000
    161      17614.38000
    162      -2501.06200
    163     -17484.62000
    164     -14356.81000
    165       4718.37500
    166      14686.00000
    167       -465.12500
    168     -23981.56000
    169     -34360.88000
    170     -36719.81000
    171     -45361.62000
    172     -55687.06000
    173     -53693.50000
    174     -39314.38000
    175     -26272.94000
    176     -25050.88000
    177     -31175.44000
    178     -30350.75000
    179     -18671.12000
    180      -9628.50000
    181     -10448.75000
    182      -7338.87500
    183       7924.37500
    184      18268.81000
    185       8905.75000
    186      -9303.25000
    187     -21741.38000
    188     -30191.94000
    189     -38250.56000
    190     -40837.94000
    191     -35198.00000
    192     -25225.75000
    193     -16098.44000
    194     -11744.62000
    195      -9475.68800
    196      -1505.31200
    197       5143.25000
    198     -10463.69000
    199     -44594.25000
    200     -61297.56000
    201     -43247.69000
    202     -16329.69000
    203      -6643.00000
    204      -7380.68800
    205        100.06250
    206      20177.56000
    207      42028.62000
    208      47243.62000
    209      25337.19000
    210      -9915.12500
    211     -33726.19000
    212     -39166.75000
    213     -35468.81000
    214     -26524.69000
    215     -13237.06000
    216      -7507.25000
    217     -22004.81000
    218     -49339.31000
    219     -64279.25000
    220     -48577.19000
    221     -10884.56000
    222      19787.75000
    223      21704.50000
    224      -1419.43800
    225     -28740.19000
    226     -40255.25000
    227     -29268.50000
    228      -8669.00000
    229      -2933.43800
    230     -23688.88000
    231     -54761.50000
    232     -66421.25000
    233     -43935.50000
    234      -4946.62500
    235      13819.50000
    236      -3393.50000
    237     -31082.50000
    238     -36716.12000
    239     -20807.00000
    240      -3833.50000
    241       6951.18800
    242      14393.75000
    243      13422.12000
    244      -2081.37500
    245     -25977.06000
    246     -44480.81000
    247     -47543.88000
    248     -36069.44000
    249     -23662.38000
    250     -24769.75000
    251     -37059.69000
    252     -45971.19000
    253     -47820.00000
    254     -53509.06000
    255     -64983.19000
    256     -64513.19000
    257     -38610.56000
    258      -1244.12500
    259      19494.94000
    260      12891.19000
    261      -5898.43800
    262     -15985.75000
    263     -13067.69000
    264      -8912.18800
    265     -10114.44000
    266      -8098.62500
    267       2099.00000
    268      10035.69000
    269      10546.81000
    270      12490.81000
    271      13282.75000
    272      -3201.62500
    273     -30982.12000
    274     -42772.62000
    275     -35436.38000
    276     -34551.31000
    277     -49801.31000
    278     -62004.62000
    279     -54487.75000
    280     -29417.69000
    281       2166.31200
    282      26603.62000
    283      30797.94000
    284      12771.88000
    285     -14174.19000
    286     -34716.31000
    287     -45545.56000
    288     -50113.88000
    289     -44114.62000
    290     -20344.69000
    291      10735.81000
    292      24487.06000
    293      12124.88000
    294      -9773.50000
    295     -23762.75000
    296     -28185.12000
    297     -28067.00000
    298     -25145.94000
    299     -18797.44000
    300      -8573.43800
    301       3227.68800
    302      10262.19000
    303      10470.69000
    304      12788.25000
    305      23953.38000
    306      33212.94000
    307      26042.12000
    308       9441.50000
    309       5166.56200
    310      20018.50000
    311      38424.56000
    312      41686.81000
    313      23741.69000
    314      -6081.50000
    315     -29240.06000
    316     -33740.94000
    317     -23141.06000
    318      -7181.75000
    319       4355.87500
    320      -1357.18800
    321     -26052.62000
    322     -46452.75000
    323     -40866.69000
    324     -19711.25000
    325      -5025.18800
    326        683.75000
    327       3101.31200
    328         81.68750
    329      -6817.87500
    330     -10425.50000
    331     -12798.88000
    332     -18459.44000
    333     -18866.19000
    334      -6110.56200
    335      10100.25000
    336      16865.62000
    337      15932.19000
    338      15134.50000
    339      14120.50000
    340       5582.31200
    341     -15951.75000
    342     -43893.69000
    343     -55640.50000
    344     -32549.00000
    345      11061.62000
    346      38457.94000
    347      36278.81000
    348      25259.81000
    349      21480.88000
    350      18086.81000
    351      10031.81000
    352       3460.00000
    353       -669.56250
    354      -2354.87500
    355       8631.50000
    356      30065.75000
    357      33045.00000
    358       1669.25000
    359     -36268.50000
    360     -45652.50000
    361     -28811.56000
    362     -13080.00000
    363     -13428.12000
    364     -22492.25000
    365     -25136.25000
    366     -16033.44000
    367      -6781.81200
    368     -13136.19000
    369     -33836.19000
    370     -50456.81000
    371     -50752.19000
    372     -43332.31000
    373     -45046.00000
    374     -58415.44000
    375     -67455.94000
    376     -57402.19000
    377     -34796.56000
    378     -20892.75000
    379     -23149.50000
    380     -23761.25000
    381      -6290.43800
    382      15128.06000
    383      12198.19000
    384     -15336.06000
    385     -37512.19000
    386     -36631.12000
    387     -25428.31000
    388     -17270.81000
    389      -7810.62500
    390       3709.18800
    391       3012.37500
    392     -15394.31000
    393     -34764.38000
    394     -37396.50000
    395     -24276.94000
    396      -8901.00000
    397      -2769.12500
    398      -7972.12500
    399     -16240.88000
    400     -16673.50000
    401      -7628.93800
    402       1005.62500
    403      -1922.06200
    404     -16070.12000
    405     -28316.12000
    406     -28698.94000
    407     -24030.62000
    408     -24113.25000
    409     -23392.81000
    410     -14662.19000
    411      -7907.37500
    412     -13584.50000
    413     -24928.88000
    414     -35396.94000
    415     -47488.88000
    416     -51596.75000
    417     -30537.56000
    418       4925.56200
    419      22108.62000
    420      13998.00000
    421       7691.31200
    422      24817.88000
    423      59653.00000
    424      93980.69000
    425     114625.90000
    426     118525.60000
    427     109100.20000
    428      88168.81000
    429      57466.56000
    430      29974.75000
    431      24847.19000
    432      42525.31000
    433      59098.56000
    434      53745.81000
    435      29590.81000
    436       3888.43800
    437      -8344.37500
    438        953.68750
    439      27776.06000
    440      54518.81000
    441      67008.75000
    442      67931.56000
    443      60879.69000
    444      39127.94000
    445       8505.75000
    446      -4119.18800
    447      12528.69000
    448      36179.38000
    449      47374.88000
    450      49701.06000
    451      43735.94000
    452      24864.50000
    453      12819.62000
    454      32799.88000
    455      64666.69000
    456      64569.19000
    457      33503.94000
    458      11045.50000
    459      12239.75000
    460      24109.12000
    461      46727.25000
    462      82651.56000
    463     105435.60000
    464      89921.50000
    465      56877.31000
    466      45523.38000
    467      58372.38000
    468      65812.75000
    469      52810.12000
    470      36176.44000
    471      37679.50000
    472      53396.19000
    473      57606.06000
    474      38328.25000
    475      15731.94000
    476      16000.81000
    477      42644.31000
    478      85439.25000
    479     139413.80000
    480     199122.20000
    481     248551.90000
    482     271865.50000
    483     273025.30000
    484     281650.90000
    485     332934.20000
    486     427934.70000
    487     512610.70000
    488     516261.10000
    489     422792.10000
    490     294039.70000
    491     210499.60000
    492     194699.80000
    493     207484.70000
    494     212829.10000
    495     217272.20000
    496     237890.20000
    497     265885.20000
    498     283019.90000
    499     287550.60000
    500     283042.80000
    501     266338.90000
    502     243524.70000
    503     232156.80000
    504     233679.80000
    505     227476.40000
    506     203504.80000
    507     178630.90000
    508     172938.40000
    509     188017.50000
    510     212693.40000
    511     237350.90000
    512     262004.90000
    513     298433.80000
    514     358759.90000
    515     435396.90000
    516     499599.40000
    517     526696.40000
    518     519621.20000
    519     503632.40000
    520     501654.60000
    521     517871.90000
    522     540647.20000
    523     551138.90000
    524     531444.60000
    525     479360.00000
    526     418123.40000
    527     377983.20000
    528     368082.80000
    529     380044.10000
    530     410704.80000
    531     462096.10000
    532     525514.80000
    533     588273.90000
    534     658182.30000
    535     762763.30000
    536     914629.80000
    537    1089929.00000
    538    1255486.00000
    539    1401882.00000
    540    1537698.00000
    541    1680713.00000
    542    1870100.00000
    543    2177038.00000
    544    2766202.00000
    545    3985287.00000
    546    6140903.00000
    547    8869463.00000
    548    10913840.00000
    549    11027470.00000
    550    9171486.00000
    551    6505186.00000
    552    4229376.00000
    553    2754131.00000
    554    1886052.00000
    555    1356618.00000
    556    1022836.00000
    557     810944.80000
    558     662878.30000
    559     539437.20000
    560     436481.70000
    561     371075.60000
    562     342784.60000
    563     326424.50000
    564     302263.90000
    565     270374.10000
    566     242413.60000
    567     232372.00000
    568     240500.50000
    569     246756.80000
    570     234985.00000
    571     210823.90000
    572     188077.40000
    573     178437.20000
    574     189756.00000
    575     210616.20000
    576     213277.80000
    577     190144.10000
    578     160941.90000
    579     135790.20000
    580     107359.80000
    581      83014.88000
    582      85842.75000
    583     116828.10000
    584     145426.70000
    585     146666.10000
    586     129679.80000
    587     118912.00000
    588     117889.00000
    589     108362.20000
    590      82301.88000
    591      54421.06000
    592      40038.56000
    593      39035.75000
    594      44810.06000
    595      52695.44000
    596      56731.19000
    597      50450.06000
    598      34365.81000
    599      18550.88000
    600      16619.06000
    601      33518.50000
    602      56368.06000
    603      64716.38000
    604      54205.19000
    605      40016.88000
    606      33985.06000
    607      32334.50000
    608      27996.00000
    609      19809.19000
    610      10178.00000
    611       6020.68800
    612      13127.19000
    613      20698.38000
    614      11605.38000
    615      -6201.93800
    616      -9215.06200
    617       -337.75000
    618      -1782.93800
    619     -10725.00000
    620      -6895.18800
    621       5551.18800
    622       8699.18800
    623       7135.75000
    624      12262.88000
    625      12798.44000
    626      -1908.25000
    627     -13447.19000
    628      -2062.31200
    629      18252.56000
    630      18784.88000
    631      -3750.87500
    632     -23613.38000
    633     -16614.31000
    634      12454.19000
    635      32408.06000
    636      20955.38000
    637      -3693.43800
    638      -3098.87500
    639      27246.56000
    640      49886.12000
    641      40170.25000
    642      18129.44000
    643      10803.44000
    644      15098.62000
    645      18183.88000
    646      24709.00000
    647      41207.25000
    648      55739.38000
    649      51725.31000
    650      29213.62000
    651       3715.18800
    652      -7584.00000
    653       1847.62500
    654      22661.75000
    655      38040.94000
    656      38138.25000
    657      23709.38000
    658       1341.00000
    659     -18008.12000
    660     -22789.38000
    661     -12351.62000
    662      -1266.25000
    663      -4632.81200
    664     -19502.06000
    665     -28431.12000
    666     -23414.12000
    667     -15462.88000
    668     -13007.19000
    669      -5063.50000
    670      20140.62000
    671      51945.50000
    672      68101.94000
    673      61506.44000
    674      46580.06000
    675      42420.06000
    676      49798.25000
    677      46049.12000
    678      13690.25000
    679     -29052.69000
    680     -45303.19000
    681     -22843.75000
    682      19599.06000
    683      58773.12000
    684      78324.75000
    685      67988.44000
    686      33718.06000
    687      -1911.00000
    688     -23403.31000
    689     -35033.50000
    690     -42548.44000
    691     -36545.88000
    692      -5893.06200
    693      38328.75000
    694      65298.06000
    695      56872.94000
    696      29661.00000
    697      13358.25000
    698      13450.00000
    699      10174.56000
    700     -10138.94000
    701     -39159.44000
    702     -59889.75000
    703     -62216.25000
    704     -45867.25000
    705     -19726.69000
    706       -202.87500
    707       -153.12500
    708     -13991.06000
    709     -21466.00000
    710     -13195.38000
    711      -2358.18800
    712      -1119.62500
    713       -187.62500
    714      11723.44000
    715      23195.50000
    716      16887.12000
    717       -115.25000
    718      -4528.87500
    719       9559.87500
    720      22010.75000
    721      11465.56000
    722     -20605.44000
    723     -51609.44000
    724     -58360.25000
    725     -35098.44000
    726       1717.25000
    727      23231.94000
    728      11497.00000
    729     -21589.50000
    730     -46509.62000
    731     -47626.88000
    732     -31766.12000
    733     -11602.69000
    734       5058.00000
    735      16332.00000
    736      25798.94000
    737      31940.94000
    738      22757.94000
    739       -726.81250
    740     -10619.88000
    741      12470.56000
    742      47594.88000
    743      60127.06000
    744      41492.62000
    745       8428.87500
    746     -16857.25000
    747     -20304.12000
    748      -5601.37500
    749      11856.62000
    750      25305.81000
    751      37204.94000
    752      42930.94000
    753      37099.81000
    754      30370.25000
    755      35024.06000
    756      39345.25000
    757      20713.12000
    758     -17252.00000
    759     -42468.75000
    760     -36722.69000
    761     -22808.25000
    762     -32884.50000
    763     -61858.44000
    764     -74923.62000
    765     -54974.62000
    766     -19295.75000
    767       7237.12500
    768      16054.69000
    769      12797.62000
    770       4078.87500
    771      -9178.25000
    772     -26261.12000
    773     -40057.69000
    774     -43752.62000
    775     -38552.38000
    776     -26456.06000
    777      -6475.43800
    778      14390.50000
    779      23273.69000
    780      21146.00000
    781      20339.75000
    782      20193.06000
    783       8750.06200
    784      -9752.37500
    785     -14284.19000
    786        398.93750
    787       9908.56200
    788     -10591.12000
    789     -52186.12000
    790     -79820.69000
    791     -73811.19000
    792     -49814.62000
    793     -32057.31000
    794     -23736.56000
    795     -13609.75000
    796       6076.18800
    797      36046.38000
    798      65688.31000
    799      71581.06000
    800      43255.19000
    801       4300.93800
    802     -15788.75000
    803     -14669.50000
    804       -680.75000
    805      25691.19000
    806      48625.19000
    807      35056.19000
    808     -15200.62000
    809     -55008.50000
    810     -47964.19000
    811      -7317.56200
    812      34117.69000
    813      59099.44000
    814      64877.19000
    815      54353.75000
    816      35189.50000
    817      17621.81000
    818      12503.00000
    819      25872.31000
    820      47607.94000
    821      56919.31000
    822      46095.38000
    823      24504.19000
    824        112.43750
    825     -22303.88000
    826     -32007.19000
    827     -25245.25000
    828     -15782.94000
    829     -11786.19000
    830       -220.12500
    831      26398.00000
    832      50552.88000
    833      56060.12000
    834      50909.94000
    835      46875.88000
    836      38504.56000
    837      19462.31000
    838       -142.93750
    839      -9368.43800
    840     -12794.00000
    841     -16424.12000
    842     -13830.94000
    843       -893.56250
    844      11336.38000
    845      11992.88000
    846       5087.06200
    847       -946.25000
    848      -6005.93800
    849     -14913.12000
    850     -28602.69000
    851     -38351.38000
    852     -29579.81000
    853      -1539.68800
    854      23339.12000
    855      26921.31000
    856      18183.88000
    857       8941.43800
    858      -7971.06200
    859     -31816.25000
    860     -37762.81000
    861     -16389.81000
    862       3032.81200
    863      -5074.18800
    864     -26550.88000
    865     -34740.88000
    866     -27433.75000
    867     -18924.44000
    868     -15918.75000
    869     -17644.62000
    870     -27430.00000
    871     -47050.75000
    872     -63794.25000
    873     -60750.19000
    874     -41885.69000
    875     -28302.12000
    876     -26527.00000
    877     -22123.94000
    878      -7480.75000
    879       7167.93800
    880      12537.94000
    881       8589.81200
    882      -4979.68800
    883     -27558.44000
    884     -48230.31000
    885     -51241.38000
    886     -32692.62000
    887      -7170.56200
    888       5332.62500
    889       1842.56200
    890        -73.87500
    891      11879.94000
    892      26680.56000
    893      28601.31000
    894      20029.06000
    895      12662.06000
    896       9238.50000
    897       5037.12500
    898      -2128.43800
    899      -9996.75000
    900     -14884.62000
    901     -16993.50000
    902     -23187.44000
    903     -35912.25000
    904     -40842.69000
    905     -20814.31000
    906      16318.00000
    907      39967.75000
    908      30999.12000
    909       1238.62500
    910     -22994.19000
    911     -26794.38000
    912     -15805.50000
    913      -7222.75000
    914     -10362.12000
    915     -14634.31000
    916      -5158.81200
    917      11605.00000
    918      14178.19000
    919      -2030.56200
    920     -18210.25000
    921     -17897.31000
    922      -2384.25000
    923      16884.56000
    924      26959.75000
    925      19898.62000
    926       2450.25000
    927      -8272.62500
    928      -6517.62500
    929      -5660.25000
    930     -17213.50000
    931     -32618.56000
    932     -35387.62000
    933     -24532.12000
    934     -14700.31000
    935     -15187.81000
    936     -20518.50000
    937     -21834.31000
    938     -16013.81000
    939      -2812.87500
    940      14887.44000
    941      26839.75000
    942      23348.31000
    943       9116.06200
    944       -513.18750
    945        693.00000
    946       3306.81200
    947       -185.06250
    948      -1865.87500
    949       7038.62500
    950      17506.88000
    951      15726.12000
    952       7143.93800
    953       6906.75000
    954      12952.06000
    955      11520.88000
    956       3581.75000
    957       1376.56200
    958       3408.87500
    959      -2711.00000
    960     -14197.94000
    961     -13829.44000
    962        916.18750
    963      10628.94000
    964       1925.18800
    965     -15379.38000
    966     -26156.50000
    967     -27931.50000
    968     -23114.19000
    969      -9684.43800
    970       9566.06200
    971      20640.12000
    972      11670.81000
    973     -13194.31000
    974     -37974.62000
    975     -48852.44000
    976     -43051.50000
    977     -29108.06000
    978     -18936.88000
    979     -15916.62000
    980     -13382.44000
    981      -9358.81200
    982     -14921.12000
    983     -35494.00000
    984     -52548.94000
    985     -44139.31000
    986     -19058.56000
    987      -7046.87500
    988     -16510.69000
    989     -24871.38000
    990     -12295.31000
    991      13404.50000
    992      28350.19000
    993      19255.31000
    994       -632.06250
    995      -2323.62500
    996      22998.50000
    997      45351.81000
    998      33621.75000
    999       3432.18800
   1000      -5076.68800
   1001       9093.81200
   1002       8683.25000
   1003     -17066.25000
   1004     -35078.44000
   1005     -22939.19000
   1006       2235.12500
   1007      17292.81000
   1008      19181.38000
   1009      12262.44000
   1010      -1096.12500
   1011     -14186.62000
   1012     -19084.44000
   1013     -15209.44000
   1014      -7314.93800
   1015       -808.50000
   1016       -934.43750
   1017     -10229.00000
   1018     -27497.38000
   1019     -48294.38000
   1020     -61201.12000
   1021     -51701.56000
   1022     -20534.69000
   1023      10383.25000
   1024      18876.31000
   1025       1295.93800
   1026     -28937.31000
   1027     -51128.69000
   1028     -51348.12000
   1029     -35232.81000
   1030     -17922.44000
   1031      -1502.18800
   1032      20327.31000
   1033      40420.56000
   1034      42971.31000
   1035      25530.44000
   1036       -636.50000
   1037     -24762.56000
   1038     -40332.06000
   1039     -44573.75000
   1040     -40367.00000
   1041     -32702.06000
   1042     -24587.75000
   1043     -19491.12000
   1044     -19611.81000
   1045     -20202.94000
   1046     -15181.00000
   1047      -7700.31200
   1048      -6295.43800
   1049     -12562.81000
   1050     -19517.12000
   1051     -19249.62000
   1052      -8813.50000
   1053       7622.37500
   1054      20689.62000
   1055      24068.19000
   1056      21209.56000
   1057      18138.06000
   1058      11886.75000
   1059      -3561.75000
   1060     -22088.38000
   1061     -30882.94000
   1062     -28987.00000
   1063     -25012.69000
   1064     -22985.50000
   1065     -25020.31000
   1066     -34168.06000
   1067     -40416.06000
   1068     -25263.81000
   1069       6059.37500
   1070      22317.00000
   1071       8281.62500
   1072     -14469.62000
   1073     -19341.62000
   1074     -10323.12000
   1075     -15181.94000
   1076     -45030.88000
   1077     -70283.62000
   1078     -54017.38000
   1079      -7008.06200
   1080      20330.94000
   1081       6167.93800
   1082     -16726.00000
   1083     -12112.81000
   1084      14612.12000
   1085      34520.88000
   1086      34542.12000
   1087      25683.56000
   1088      23364.62000
   1089      29405.31000
   1090      33672.44000
   1091      28893.75000
   1092      17993.00000
   1093       7406.87500
   1094       1218.18800
   1095       2881.25000
   1096      12331.88000
   1097      19092.81000
   1098      10750.94000
   1099      -6729.62500
   1100     -11567.12000
   1101       4531.62500
   1102      25066.12000
   1103      33021.75000
   1104      29301.81000
   1105      22030.00000
   1106      15031.19000
   1107       9057.81200
   1108        519.56250
   1109     -17005.38000
   1110     -38242.62000
   1111     -43062.81000
   1112     -19973.69000
   1113      15436.00000
   1114      34465.81000
   1115      25549.00000
   1116       6883.43800
   1117       5439.68800
   1118      23429.62000
   1119      35346.31000
   1120      20432.81000
   1121     -15150.50000
   1122     -47562.19000
   1123     -52344.62000
   1124     -20937.88000
   1125      21698.00000
   1126      30441.81000
   1127      -7116.93800
   1128     -47302.69000
   1129     -42498.69000
   1130      -1611.37500
   1131      25811.69000
   1132      15054.94000
   1133     -10844.50000
   1134     -23121.25000
   1135     -25078.75000
   1136     -35056.38000
   1137     -51650.44000
   1138     -55686.50000
   1139     -37588.88000
   1140      -7458.68800
   1141      15728.00000
   1142      17017.94000
   1143      -3297.37500
   1144     -26322.50000
   1145     -31399.38000
   1146     -18542.81000
   1147      -5488.31200
   1148      -2826.68800
   1149      -1251.25000
   1150      13183.69000
   1151      36420.19000
   1152      48494.69000
   1153      41541.69000
   1154      32456.38000
   1155      34955.12000
   1156      35947.88000
   1157      20777.38000
   1158       2902.56200
   1159        408.25000
   1160       3115.56200
   1161      -5717.75000
   1162     -15306.69000
   1163      -6383.43800
   1164      13029.12000
   1165      17761.12000
   1166      -1927.31200
   1167     -34418.69000
   1168     -61503.25000
   1169     -70853.88000
   1170     -62700.94000
   1171     -46904.19000
   1172     -30996.88000
   1173     -16305.88000
   1174      -5631.31200
   1175      -6000.18800
   1176     -21637.62000
   1177     -46271.19000
   1178     -63571.06000
   1179     -60790.50000
   1180     -43340.38000
   1181     -26267.81000
   1182     -14458.75000
   1183      -7386.56200
   1184     -14104.81000
   1185     -38893.31000
   1186     -62290.00000
   1187     -64278.62000
   1188     -54172.62000
   1189     -50219.81000
   1190     -45667.75000
   1191     -25149.00000
   1192       1617.87500
   1193      13214.19000
   1194       9180.00000
   1195       2253.50000
   1196      -6919.50000
   1197     -23013.56000
   1198     -40375.44000
   1199     -53673.88000
   1200     -66167.69000
   1201     -74266.81000
   1202     -65623.69000
   1203     -43156.12000
   1204     -29238.88000
   1205     -36524.31000
   1206     -49373.56000
   1207     -42156.50000
   1208     -11623.81000
   1209      15256.62000
   1210      12058.88000
   1211     -13790.00000
   1212     -33213.69000
   1213     -33473.00000
   1214     -24229.75000
   1215     -15061.62000
   1216      -7163.18800
   1217       1219.12500
   1218      11805.25000
   1219      19717.62000
   1220      14376.12000
   1221      -1184.25000
   1222      -7926.25000
   1223       -350.12500
   1224       4311.87500
   1225      -5449.68800
   1226     -22531.06000
   1227     -36510.44000
   1228     -38605.00000
   1229     -20270.69000
   1230      12482.38000
   1231      36722.62000
   1232      37370.25000
   1233      19018.88000
   1234      -7892.43800
   1235     -33490.88000
