      1     -34915.98000
      2     -29500.55000
      3     -42152.09000
      4     -47777.30000
      5     -29073.15000
      6      -7309.52300
      7      -4766.14100
      8     -11081.81000
      9      -9729.30500
     10      -5990.27300
     11     -11494.89000
     12     -25946.81000
     13     -41034.84000
     14     -44150.61000
     15     -23388.18000
     16      13030.01000
     17      33111.62000
     18      17475.56000
     19     -11966.80000
     20     -21527.13000
     21     -12781.32000
     22     -14758.62000
     23     -37066.89000
     24     -57784.94000
     25     -55137.48000
     26     -30872.19000
     27      -4867.35900
     28       2659.32000
     29      -9383.17200
     30     -19130.52000
     31      -9521.08600
     32       6360.89100
     33       5071.12500
     34     -11088.27000
     35     -18156.23000
     36      -5146.15600
     37      11677.09000
     38       9686.40600
     39     -12417.30000
     40     -32886.74000
     41     -34467.68000
     42     -26138.98000
     43     -27630.95000
     44     -39535.20000
     45     -43548.89000
     46     -29601.96000
     47      -8140.74200
     48       5831.34400
     49       7742.31200
     50       -877.92970
     51     -17903.66000
     52     -34302.45000
     53     -36396.01000
     54     -24356.30000
     55     -14582.14000
     56     -15846.74000
     57     -19519.32000
     58     -19586.53000
     59     -21761.31000
     60     -25864.86000
     61     -19891.34000
     62       -639.22660
     63      16214.96000
     64      14866.92000
     65      -3548.32800
     66     -27663.15000
     67     -48091.98000
     68     -56001.52000
     69     -40930.45000
     70      -2676.10900
     71      38327.39000
     72      53459.76000
     73      32045.88000
     74      -7454.02300
     75     -33723.61000
     76     -30951.89000
     77      -9460.23800
     78      11806.07000
     79      23420.94000
     80      20983.41000
     81       -872.64450
     82     -35176.48000
     83     -57468.44000
     84     -50049.93000
     85     -22973.59000
     86      -2663.90600
     87      -7025.84800
     88     -32093.55000
     89     -55234.89000
     90     -55943.79000
     91     -36733.78000
     92     -14290.44000
     93       4529.87100
     94      18604.09000
     95      15841.36000
     96     -10689.91000
     97     -40740.15000
     98     -50153.89000
     99     -43781.68000
    100     -39638.54000
    101     -38581.15000
    102     -33392.47000
    103     -27900.94000
    104     -27417.71000
    105     -27900.61000
    106     -25545.04000
    107     -20991.61000
    108     -13070.71000
    109      -2905.39800
    110       1323.12900
    111      -5832.68800
    112     -21352.88000
    113     -40800.97000
    114     -58789.30000
    115     -66366.71000
    116     -61217.51000
    117     -52274.20000
    118     -44374.60000
    119     -31878.57000
    120     -15217.95000
    121      -6419.14800
    122     -10611.96000
    123     -16887.81000
    124     -13369.32000
    125       -605.82030
    126      10884.18000
    127       8135.48400
    128     -14591.40000
    129     -43456.09000
    130     -49852.75000
    131     -22794.10000
    132      10581.64000
    133      16043.89000
    134      -1692.30500
    135      -8411.46500
    136       6517.90200
    137      17889.46000
    138      10729.99000
    139       3896.07800
    140      11886.76000
    141      16179.10000
    142      -2264.21500
    143     -30055.89000
    144     -44877.09000
    145     -46862.48000
    146     -44141.86000
    147     -30931.18000
    148      -1340.30900
    149      31668.75000
    150      46410.37000
    151      33564.77000
    152       3902.35500
    153     -21179.55000
    154     -29750.73000
    155     -27452.97000
    156     -22062.57000
    157     -14651.92000
    158     -13311.89000
    159     -30774.27000
    160     -56751.33000
    161     -60503.10000
    162     -32887.04000
    163        654.64450
    164      17250.61000
    165      19111.26000
    166      13248.04000
    167      -1221.06200
    168     -17180.23000
    169     -20343.04000
    170     -15760.33000
    171     -23569.61000
    172     -40794.27000
    173     -41966.31000
    174     -24208.07000
    175     -12692.51000
    176     -15984.33000
    177     -16371.43000
    178      -7530.71100
    179      -4475.77700
    180     -13674.85000
    181     -22247.48000
    182     -19336.39000
    183     -11781.39000
    184     -13800.37000
    185     -24607.43000
    186     -25182.94000
    187      -5216.91000
    188      18019.11000
    189      21248.61000
    190       3076.26200
    191     -20998.37000
    192     -38023.94000
    193     -44002.22000
    194     -40076.66000
    195     -28064.86000
    196     -12022.64000
    197      -3794.64800
    198     -13122.84000
    199     -29660.54000
    200     -35056.20000
    201     -30768.57000
    202     -29827.83000
    203     -30513.30000
    204     -23838.37000
    205     -13465.03000
    206      -9232.06600
    207     -14998.42000
    208     -28952.33000
    209     -41774.68000
    210     -40966.12000
    211     -28034.88000
    212     -16219.45000
    213      -7655.98000
    214       5719.14100
    215      19605.23000
    216      18487.50000
    217      -1599.28100
    218     -26693.79000
    219     -39613.11000
    220     -35013.39000
    221     -21873.86000
    222     -12810.09000
    223     -12101.22000
    224     -15641.00000
    225     -17725.17000
    226     -14110.29000
    227      -3850.02000
    228       9589.88300
    229      21954.10000
    230      30234.56000
    231      28295.09000
    232       8120.73800
    233     -26727.86000
    234     -54422.84000
    235     -52566.90000
    236     -23925.12000
    237       4908.59000
    238      12881.14000
    239       2320.60900
    240     -13858.64000
    241     -27721.87000
    242     -36262.72000
    243     -40260.04000
    244     -44496.45000
    245     -50076.48000
    246     -51893.52000
    247     -49551.12000
    248     -49619.81000
    249     -54022.19000
    250     -57970.35000
    251     -57595.01000
    252     -51402.80000
    253     -41387.86000
    254     -35507.18000
    255     -37037.72000
    256     -35888.00000
    257     -25675.36000
    258     -18472.17000
    259     -26406.77000
    260     -41664.65000
    261     -48415.06000
    262     -42378.07000
    263     -31574.04000
    264     -26754.46000
    265     -31473.74000
    266     -37349.40000
    267     -35073.85000
    268     -28594.63000
    269     -27258.82000
    270     -29933.67000
    271     -30012.24000
    272     -28842.40000
    273     -31625.53000
    274     -35869.63000
    275     -33619.95000
    276     -23524.30000
    277     -15523.11000
    278     -18526.09000
    279     -24018.12000
    280     -13866.16000
    281       9658.46500
    282      17799.18000
    283      -6913.54700
    284     -40853.83000
    285     -46590.68000
    286     -23590.94000
    287      -9076.34800
    288     -25138.88000
    289     -48961.48000
    290     -48540.52000
    291     -25766.71000
    292      -4476.21500
    293       4889.49600
    294       7904.89800
    295       8087.80100
    296       4485.91800
    297       -463.14840
    298      -1739.96500
    299       -514.25390
    300      -8618.03900
    301     -34478.61000
    302     -61084.61000
    303     -57251.34000
    304     -22035.69000
    305       6587.87300
    306       1833.83400
    307     -19240.11000
    308     -27093.80000
    309     -17958.40000
    310      -5655.06100
    311       3594.06100
    312      12280.59000
    313      19402.86000
    314      20362.64000
    315      14510.82000
    316       3681.97500
    317     -11894.69000
    318     -27456.04000
    319     -31884.63000
    320     -25842.89000
    321     -29818.27000
    322     -53884.52000
    323     -72925.66000
    324     -59437.00000
    325     -28374.76000
    326     -15932.89000
    327     -24664.98000
    328     -27468.05000
    329     -17826.00000
    330     -14522.06000
    331     -21574.29000
    332     -24888.64000
    333     -23898.89000
    334     -28082.64000
    335     -29343.78000
    336     -14507.84000
    337       3734.09000
    338       1461.52000
    339     -18837.92000
    340     -32084.93000
    341     -26761.71000
    342     -14980.12000
    343      -7029.69100
    344       3683.99200
    345      20745.11000
    346      28126.73000
    347      13547.76000
    348      -7482.90200
    349     -15156.72000
    350     -15359.66000
    351     -20079.92000
    352     -20245.11000
    353      -5846.86700
    354       8841.93900
    355       5442.24400
    356     -11707.57000
    357     -26566.70000
    358     -33572.14000
    359     -38623.68000
    360     -48530.84000
    361     -63363.12000
    362     -73922.38000
    363     -70192.70000
    364     -55669.23000
    365     -44355.14000
    366     -39021.46000
    367     -23687.78000
    368      13100.19000
    369      56987.46000
    370      81076.52000
    371      74395.14000
    372      48962.60000
    373      25643.91000
    374      19607.53000
    375      29846.68000
    376      37791.92000
    377      26995.48000
    378       5389.38400
    379      -5428.90100
    380      -1004.93700
    381       4035.84000
    382       1791.98500
    383      -1902.61200
    384      -3897.42900
    385      -4499.62100
    386       5547.34400
    387      33937.09000
    388      62962.27000
    389      62508.95000
    390      30465.88000
    391      -2474.43400
    392     -11409.03000
    393       -852.59770
    394      11983.12000
    395      18584.52000
    396      21025.82000
    397      27511.10000
    398      46165.56000
    399      70835.65000
    400      76641.84000
    401      46217.30000
    402       -505.29790
    403     -20648.71000
    404       3124.18700
    405      42086.00000
    406      55184.90000
    407      32140.46000
    408      -2700.17300
    409     -21158.93000
    410     -18996.24000
    411     -14251.28000
    412     -19622.97000
    413     -23022.57000
    414      -5736.29900
    415      26951.57000
    416      50289.54000
    417      49632.69000
    418      27656.40000
    419      -6697.16300
    420     -36022.61000
    421     -36233.87000
    422      -2781.74500
    423      37044.84000
    424      53832.81000
    425      45390.80000
    426      28892.83000
    427      19085.05000
    428      21240.60000
    429      34397.84000
    430      52016.40000
    431      62782.65000
    432      61147.02000
    433      58179.64000
    434      66513.08000
    435      75146.09000
    436      66430.78000
    437      53212.93000
    438      59460.93000
    439      73100.67000
    440      66404.61000
    441      47720.29000
    442      43023.71000
    443      47247.59000
    444      41361.33000
    445      35274.27000
    446      53620.45000
    447      95177.13000
    448     132248.30000
    449     143011.40000
    450     131686.80000
    451     117108.10000
    452     109841.60000
    453     111857.40000
    454     130832.70000
    455     169839.80000
    456     208081.00000
    457     219838.60000
    458     208770.60000
    459     200848.60000
    460     211362.20000
    461     237111.30000
    462     270944.30000
    463     309966.90000
    464     354278.00000
    465     403478.90000
    466     450151.70000
    467     477223.10000
    468     469602.60000
    469     433075.80000
    470     394421.20000
    471     372918.60000
    472     359010.60000
    473     336198.10000
    474     314872.90000
    475     317129.90000
    476     332681.40000
    477     326482.20000
    478     294768.00000
    479     273617.10000
    480     278765.30000
    481     278489.70000
    482     246249.80000
    483     204939.60000
    484     199477.70000
    485     251971.90000
    486     353356.20000
    487     473775.70000
    488     575419.50000
    489     631452.70000
    490     638645.60000
    491     613935.90000
    492     583526.70000
    493     569192.10000
    494     577020.70000
    495     602122.10000
    496     643010.80000
    497     708824.00000
    498     810586.40000
    499     942082.50000
    500    1083858.00000
    501    1243359.00000
    502    1471002.00000
    503    1870179.00000
    504    2707734.00000
    505    4405600.00000
    506    7014620.00000
    507    9598468.00000
    508    10653620.00000
    509    9502648.00000
    510    6977420.00000
    511    4499451.00000
    512    2826423.00000
    513    1882693.00000
    514    1356196.00000
    515    1053022.00000
    516     862302.60000
    517     710282.60000
    518     576037.10000
    519     466513.80000
    520     382091.10000
    521     317488.90000
    522     269441.40000
    523     238107.30000
    524     223777.20000
    525     216255.20000
    526     198140.30000
    527     169125.30000
    528     149641.60000
    529     149883.60000
    530     154765.60000
    531     147609.30000
    532     129807.20000
    533     110797.60000
    534      96503.93000
    535      93048.18000
    536     105031.50000
    537     123592.60000
    538     129377.00000
    539     115211.20000
    540      97180.10000
    541      95580.93000
    542     111159.30000
    543     128974.50000
    544     139603.20000
    545     143195.90000
    546     137989.20000
    547     121363.00000
    548      97792.42000
    549      72922.66000
    550      50779.42000
    551      44177.60000
    552      63476.96000
    553      88374.90000
    554      84459.36000
    555      53855.11000
    556      33534.99000
    557      41647.29000
    558      60130.80000
    559      68044.52000
    560      63086.08000
    561      54464.98000
    562      52153.37000
    563      57886.74000
    564      64103.28000
    565      69048.55000
    566      82029.32000
    567     103810.30000
    568     119651.40000
    569     120002.40000
    570     107896.60000
    571      84652.12000
    572      52655.82000
    573      28638.07000
    574      26278.88000
    575      29701.68000
    576      12313.34000
    577     -20783.69000
    578     -37424.43000
    579     -26538.00000
    580     -12616.04000
    581     -13709.36000
    582     -14777.25000
    583        169.67580
    584      18632.11000
    585      25571.93000
    586      30206.85000
    587      40846.27000
    588      41519.30000
    589      19415.39000
    590     -10350.09000
    591     -25876.89000
    592     -19999.09000
    593       4993.69100
    594      36626.19000
    595      50376.42000
    596      36803.34000
    597      18933.33000
    598      18139.57000
    599      23476.45000
    600      16693.14000
    601       1164.52700
    602     -12814.59000
    603     -25070.79000
    604     -35234.47000
    605     -38744.18000
    606     -37238.59000
    607     -33683.06000
    608     -23016.17000
    609      -5532.56600
    610       2269.50600
    611     -10386.25000
    612     -25987.10000
    613     -17627.09000
    614      12250.29000
    615      30012.46000
    616      13958.72000
    617     -17171.17000
    618     -31982.49000
    619     -24692.62000
    620      -7065.12700
    621      15349.99000
    622      36641.91000
    623      44357.52000
    624      37922.73000
    625      28288.96000
    626      14953.64000
    627      -4530.88100
    628     -10739.49000
    629      11447.08000
    630      36663.95000
    631      31326.24000
    632       7273.48200
    633       3895.02500
    634      28833.66000
    635      50230.61000
    636      43229.72000
    637      18094.31000
    638       -952.03320
    639      -6148.49000
    640      -6083.07200
    641      -8891.66400
    642     -17805.82000
    643     -31160.56000
    644     -36150.04000
    645     -19082.62000
    646       8575.58200
    647      17776.75000
    648       5846.45700
    649       3499.18800
    650      24546.43000
    651      41526.43000
    652      31403.25000
    653      13489.81000
    654      15012.29000
    655      25850.06000
    656      19814.20000
    657        501.53910
    658     -10459.09000
    659     -15886.66000
    660     -32832.48000
    661     -48811.39000
    662     -34504.43000
    663        482.34960
    664      12563.64000
    665     -10411.78000
    666     -35402.71000
    667     -39831.70000
    668     -32888.18000
    669     -20123.32000
    670       3053.59800
    671      21690.34000
    672      11673.36000
    673     -20957.64000
    674     -47008.23000
    675     -52707.40000
    676     -45464.15000
    677     -35109.02000
    678     -28180.16000
    679     -27045.48000
    680     -25644.34000
    681     -18054.83000
    682     -10682.14000
    683     -13971.58000
    684     -25211.79000
    685     -29926.53000
    686     -19749.41000
    687      -3998.06600
    688       -935.28910
    689     -16166.64000
    690     -34386.20000
    691     -39167.50000
    692     -35704.19000
    693     -40876.27000
    694     -52715.15000
    695     -49060.90000
    696     -23551.77000
    697      -2362.01200
    698      -8281.06200
    699     -26072.50000
    700     -27090.35000
    701     -14532.18000
    702     -15093.52000
    703     -33298.76000
    704     -45770.48000
    705     -40796.29000
    706     -33230.68000
    707     -35379.26000
    708     -41300.75000
    709     -45065.92000
    710     -47391.17000
    711     -41599.63000
    712     -21197.37000
    713       -747.27730
    714      -1023.50000
    715     -17611.88000
    716     -28708.67000
    717     -25130.25000
    718     -12869.07000
    719        482.56640
    720       6423.12500
    721      -2439.34800
    722     -20777.80000
    723     -33447.60000
    724     -34396.66000
    725     -31770.31000
    726     -33372.30000
    727     -36340.31000
    728     -33096.50000
    729     -22350.74000
    730     -11970.95000
    731     -11259.95000
    732     -20262.01000
    733     -29229.64000
    734     -31109.13000
    735     -29084.39000
    736     -25397.50000
    737     -13111.73000
    738       7199.52700
    739      16121.94000
    740       1902.94100
    741     -15058.05000
    742      -8901.52000
    743      13737.73000
    744      27193.60000
    745      24991.04000
    746      20369.31000
    747      18535.44000
    748      11435.39000
    749      -2529.38300
    750     -11180.60000
    751      -5400.51600
    752       6415.92600
    753       8117.47700
    754      -3899.64500
    755     -16183.08000
    756     -12904.51000
    757       6864.91400
    758      24425.84000
    759      18619.81000
    760      -6620.01200
    761     -22915.59000
    762     -15350.69000
    763      -1660.46900
    764       -399.79300
    765      -5686.41400
    766      -9280.97300
    767     -16367.80000
    768     -24047.00000
    769     -19681.88000
    770     -10654.14000
    771     -16242.67000
    772     -28614.87000
    773     -24768.34000
    774     -10252.57000
    775      -7552.14500
    776     -14864.17000
    777     -14994.85000
    778      -5982.55100
    779       5084.15600
    780      14984.19000
    781      15883.73000
    782       1500.78900
    783     -14962.24000
    784     -17079.11000
    785     -12812.89000
    786     -17936.45000
    787     -24491.55000
    788     -14727.62000
    789       3536.69100
    790       1787.49200
    791     -29962.88000
    792     -65939.41000
    793     -72244.20000
    794     -46561.98000
    795     -22343.44000
    796     -27585.16000
    797     -46758.39000
    798     -40263.35000
    799       -909.01950
    800      32912.89000
    801      29306.18000
    802       3241.08600
    803     -12013.82000
    804     -11781.08000
    805     -14133.36000
    806     -22264.87000
    807     -20709.44000
    808      -5027.29700
    809       9839.23800
    810      13970.98000
    811      14653.59000
    812      19552.92000
    813      25768.63000
    814      29605.26000
    815      29855.40000
    816      20489.89000
    817      -2074.52700
    818     -25285.95000
    819     -30660.64000
    820     -16136.47000
    821       3210.67600
    822      13025.27000
    823      12093.62000
    824       9828.84400
    825      11370.86000
    826       6093.78900
    827     -18454.07000
    828     -51092.86000
    829     -63225.06000
    830     -44382.75000
    831     -15335.10000
    832      -1784.58200
    833      -8532.76600
    834     -22463.63000
    835     -29344.49000
    836     -24223.99000
    837     -12727.59000
    838      -5815.04300
    839     -10182.91000
    840     -22151.08000
    841     -31003.92000
    842     -28239.12000
    843     -15390.43000
    844      -4321.95700
    845      -5648.23400
    846     -14211.40000
    847     -14067.48000
    848      -2448.44100
    849       2470.67200
    850     -13266.98000
    851     -36188.24000
    852     -38770.94000
    853     -12764.03000
    854      18338.99000
    855      22837.52000
    856      -4417.11300
    857     -36624.41000
    858     -47567.57000
    859     -39139.66000
    860     -28250.39000
    861     -20894.20000
    862     -13275.64000
    863      -5668.99200
    864        -28.94141
    865       5690.92200
    866      10450.78000
    867       9104.22700
    868       3873.39800
    869       2948.56200
    870       5352.31200
    871       2994.77300
    872      -2599.39800
    873      -2729.70300
    874       -208.06250
    875      -8588.91400
    876     -31226.32000
    877     -54001.38000
    878     -60463.12000
    879     -46704.59000
    880     -22740.80000
    881      -5507.87500
    882      -6695.57800
    883     -21301.99000
    884     -33155.26000
    885     -35185.66000
    886     -33624.08000
    887     -28975.63000
    888     -12782.63000
    889       9486.26600
    890      18403.84000
    891      13934.68000
    892      18352.30000
    893      33525.94000
    894      31092.41000
    895       1634.05500
    896     -22465.85000
    897     -14596.69000
    898       6369.21900
    899       6423.10200
    900     -15967.59000
    901     -33277.30000
    902     -25645.61000
    903       1272.64100
    904      24714.62000
    905      22211.86000
    906      -7693.42200
    907     -37127.73000
    908     -37394.07000
    909     -18755.34000
    910     -18721.28000
    911     -46129.67000
    912     -65881.26000
    913     -50341.79000
    914     -16908.98000
    915       1701.39100
    916        359.11720
    917      -3041.32000
    918       1441.20300
    919       5429.57800
    920      -4318.36700
    921     -29315.87000
    922     -53683.56000
    923     -57342.09000
    924     -37370.90000
    925      -9682.35200
    926      11069.97000
    927      22222.30000
    928      24550.35000
    929      15561.02000
    930      -7058.70300
    931     -40089.33000
    932     -69850.98000
    933     -76375.24000
    934     -54459.67000
    935     -25912.75000
    936     -17394.62000
    937     -29915.04000
    938     -39903.94000
    939     -27963.23000
    940      -3539.85200
    941       2641.50800
    942     -20505.72000
    943     -42562.31000
    944     -33067.70000
    945      -7226.47700
    946       3875.79700
    947       5504.20300
    948      18425.63000
    949      30311.87000
    950      15005.06000
    951     -19327.66000
    952     -42772.91000
    953     -46891.16000
    954     -42151.38000
    955     -30776.42000
    956     -13463.59000
    957      -8467.91400
    958     -31664.05000
    959     -63792.09000
    960     -67665.59000
    961     -38883.48000
    962     -11595.32000
    963     -10367.34000
    964     -24444.69000
    965     -35841.76000
    966     -44235.76000
    967     -53361.75000
    968     -55745.98000
    969     -41585.82000
    970     -11680.46000
    971      18863.94000
    972      25165.58000
    973      -6088.77300
    974     -52733.98000
    975     -72728.92000
    976     -51089.48000
    977     -13920.18000
    978       6885.85200
    979       3184.56200
    980     -15464.78000
    981     -35021.63000
    982     -40269.74000
    983     -23244.36000
    984       4001.51600
    985      16636.23000
    986       4376.64800
    987     -16129.28000
    988     -22718.47000
    989     -11977.26000
    990       5528.03900
    991      20478.91000
    992      24417.95000
    993      10421.88000
    994     -13468.34000
    995     -28703.11000
    996     -31746.09000
    997     -34289.24000
    998     -36170.76000
    999     -25578.34000
   1000      -8232.76600
   1001      -6513.89800
   1002     -24401.12000
   1003     -37737.64000
   1004     -26119.22000
   1005       1303.25800
   1006      17347.04000
   1007       5996.47700
   1008     -21755.62000
   1009     -36805.77000
   1010     -16654.51000
   1011      33104.22000
   1012      78251.52000
   1013      82512.71000
   1014      43774.12000
   1015        212.39840
   1016     -13328.47000
   1017      -8978.46900
   1018     -21474.85000
   1019     -45413.23000
   1020     -38471.98000
   1021       5783.42200
   1022      37744.46000
   1023      23607.27000
   1024     -10448.94000
   1025     -28674.50000
   1026     -32745.34000
   1027     -35283.09000
   1028     -32617.23000
   1029     -25806.56000
   1030     -26740.41000
   1031     -28285.07000
   1032      -9983.31200
   1033      19293.89000
   1034      27981.18000
   1035      13657.37000
   1036       4056.29700
   1037       8115.40600
   1038       9847.63300
   1039       5097.43000
   1040       3088.28100
   1041       -345.67190
   1042     -15505.80000
   1043     -35397.54000
   1044     -44857.62000
   1045     -40309.52000
   1046     -26817.41000
   1047     -10989.01000
   1048      -1140.09400
   1049       -213.78120
   1050      -2551.11700
   1051      -6087.53900
   1052     -14660.49000
   1053     -23728.14000
   1054     -22399.21000
   1055     -10957.95000
   1056       2656.46900
   1057      18497.23000
   1058      35012.82000
   1059      32443.73000
   1060      -5712.49200
   1061     -57045.28000
   1062     -74551.97000
   1063     -41341.35000
   1064      10358.68000
   1065      38854.84000
   1066      33842.23000
   1067      16473.49000
   1068      13173.99000
   1069      29386.97000
   1070      44078.86000
   1071      35431.05000
   1072       7844.38300
   1073     -18498.88000
   1074     -33635.34000
   1075     -38441.91000
   1076     -33636.66000
   1077     -21073.42000
   1078      -4071.90600
   1079      14176.68000
   1080      22684.62000
   1081       9284.67200
   1082     -14367.53000
   1083     -20884.37000
   1084      -7309.05500
   1085       5682.98400
   1086      13734.59000
   1087      28649.13000
   1088      42427.52000
   1089      30885.42000
   1090      -7546.09400
   1091     -44894.66000
   1092     -54603.60000
   1093     -35429.45000
   1094      -7864.26600
   1095       9419.03900
   1096      19862.84000
   1097      36258.25000
   1098      48266.77000
   1099      28827.35000
   1100     -19481.34000
   1101     -57806.62000
   1102     -65435.75000
   1103     -64204.30000
   1104     -71270.27000
   1105     -69655.81000
   1106     -47161.75000
   1107     -21180.99000
   1108      -3859.36700
   1109      12771.78000
   1110      21527.11000
   1111       -878.94530
   1112     -45156.70000
   1113     -67005.66000
   1114     -46329.89000
   1115      -9691.10900
   1116      11565.01000
   1117      10647.76000
   1118      -7622.90600
   1119     -35185.17000
   1120     -52771.55000
   1121     -43424.26000
   1122     -20383.59000
   1123     -15161.23000
   1124     -29513.30000
   1125     -29024.91000
   1126        369.76560
   1127      22951.61000
   1128       4979.96100
   1129     -35213.74000
   1130     -58842.98000
   1131     -60277.91000
   1132     -57303.35000
   1133     -51437.41000
   1134     -31811.80000
   1135      -4293.07800
   1136      14013.05000
   1137      23496.32000
   1138      38640.23000
   1139      55223.91000
   1140      47989.99000
   1141      11115.43000
   1142     -23790.84000
   1143     -27710.14000
   1144     -10981.02000
   1145         23.35156
   1146       1874.75000
   1147       6447.81200
   1148      11926.90000
   1149       6639.77300
   1150      -8372.93800
   1151     -20849.95000
   1152     -24452.70000
   1153     -20015.07000
   1154      -7968.73400
   1155       5933.45300
   1156       7297.47700
   1157      -7117.35200
   1158     -16951.69000
   1159      -6781.89100
   1160       6122.19500
   1161      -2054.50800
   1162     -24071.73000
   1163     -38090.64000
   1164     -41014.27000
   1165     -36085.01000
   1166     -14191.34000
   1167      21541.08000
   1168      41924.10000
   1169      31030.71000
   1170       9639.82800
   1171      -1833.89100
   1172      -9998.99200
   1173     -21578.85000
   1174     -25527.73000
   1175     -18148.89000
   1176     -15391.16000
   1177     -26267.20000
   1178     -37943.09000
   1179     -37113.56000
   1180     -28053.20000
   1181     -20945.32000
   1182     -14465.18000
   1183       1252.35900
   1184      28484.12000
   1185      54400.35000
   1186      61449.52000
   1187      45182.77000
   1188      21033.36000
   1189       9999.55500
   1190      15542.55000
   1191      20545.94000
   1192      13915.81000
   1193       9658.25800
   1194      22769.46000
   1195      37678.47000
   1196      27682.50000
   1197      -1772.97700
   1198     -20840.10000
   1199     -20435.59000
   1200     -17447.11000
   1201     -20690.45000
   1202     -22152.11000
   1203     -17351.01000
   1204     -10701.23000
   1205      -6438.37500
   1206      -6787.48400
   1207      -9362.44500
   1208      -4313.03900
   1209      11758.38000
   1210      24898.22000
   1211      24140.65000
   1212      20903.85000
   1213      29210.84000
   1214      39375.48000
   1215      29817.94000
   1216      -3585.38300
   1217     -40739.61000
   1218     -53963.28000
   1219     -30301.16000
   1220      14393.37000
   1221      44781.05000
   1222      37688.66000
   1223       3896.00800
   1224     -25257.73000
   1225     -29367.71000
   1226     -12940.84000
   1227       6654.57000
   1228      14755.01000
   1229       4598.58600
   1230     -18293.94000
   1231     -33589.56000
   1232     -23998.85000
   1233        896.97660
   1234      16110.39000
   1235      14624.55000
