      1      14311.94000
      2      10760.19000
      3     -18886.59000
      4     -61379.05000
      5     -95495.01000
      6    -110947.00000
      7    -104853.40000
      8     -75029.07000
      9     -30477.56000
     10       2210.59400
     11      -1626.57000
     12     -37445.74000
     13     -70483.34000
     14     -68925.68000
     15     -38196.77000
     16     -14369.83000
     17     -22535.25000
     18     -51763.69000
     19     -74588.63000
     20     -80430.76000
     21     -81187.34000
     22     -87696.63000
     23     -92133.03000
     24     -82781.72000
     25     -68868.27000
     26     -71414.31000
     27     -87768.88000
     28     -87654.18000
     29     -53834.52000
     30      -7694.23400
     31      17187.76000
     32      13197.80000
     33      -1166.68800
     34     -10064.49000
     35     -16358.47000
     36     -29452.04000
     37     -48917.29000
     38     -66675.53000
     39     -76316.38000
     40     -71864.81000
     41     -48292.84000
     42     -14893.05000
     43       3419.88300
     44      -9702.43800
     45     -44378.34000
     46     -75769.83000
     47     -84109.83000
     48     -64937.38000
     49     -31035.58000
     50      -3650.50800
     51       2839.19500
     52     -13484.52000
     53     -44952.62000
     54     -74847.66000
     55     -84743.19000
     56     -71088.90000
     57     -46879.09000
     58     -25105.28000
     59     -10283.55000
     60      -3108.61700
     61      -2704.51600
     62      -8479.41400
     63     -23877.52000
     64     -49160.39000
     65     -69650.63000
     66     -64389.98000
     67     -31262.98000
     68       5015.89800
     69      15144.91000
     70      -6637.96900
     71     -39049.07000
     72     -56291.12000
     73     -50050.68000
     74     -32290.15000
     75     -23228.17000
     76     -34475.34000
     77     -57599.14000
     78     -72305.77000
     79     -68521.79000
     80     -53648.38000
     81     -39424.66000
     82     -32660.66000
     83     -36750.12000
     84     -49437.22000
     85     -60042.05000
     86     -58367.09000
     87     -44773.59000
     88     -27554.93000
     89     -15546.97000
     90     -16349.59000
     91     -34030.29000
     92     -62763.83000
     93     -86239.98000
     94     -88451.52000
     95     -66038.89000
     96     -31196.35000
     97      -4460.00800
     98      -2155.93800
     99     -25613.05000
    100     -60026.19000
    101     -84916.97000
    102     -87776.96000
    103     -70265.96000
    104     -43388.96000
    105     -18451.05000
    106      -4994.20300
    107     -12418.78000
    108     -41297.22000
    109     -72468.33000
    110     -80215.45000
    111     -61664.76000
    112     -41058.05000
    113     -40988.98000
    114     -58166.12000
    115     -70853.97000
    116     -65772.62000
    117     -52148.88000
    118     -44271.12000
    119     -38108.12000
    120     -23662.36000
    121     -13081.55000
    122     -26786.62000
    123     -54694.77000
    124     -65111.55000
    125     -50977.95000
    126     -34990.86000
    127     -31729.35000
    128     -36101.88000
    129     -45625.59000
    130     -63787.23000
    131     -82848.94000
    132     -87944.94000
    133     -77893.27000
    134     -65351.93000
    135     -60275.62000
    136     -63586.62000
    137     -68288.73000
    138     -61975.70000
    139     -40930.52000
    140     -20145.80000
    141     -13324.32000
    142     -13824.82000
    143     -15162.84000
    144     -29901.47000
    145     -64544.98000
    146     -99597.66000
    147    -115594.30000
    148    -113461.90000
    149     -98989.91000
    150     -76925.46000
    151     -61470.89000
    152     -62132.48000
    153     -67586.62000
    154     -68737.20000
    155     -75153.58000
    156     -86133.63000
    157     -77890.59000
    158     -42344.48000
    159      -7453.88300
    160      -2927.00000
    161     -30119.16000
    162     -67362.05000
    163     -85258.62000
    164     -68580.96000
    165     -38924.49000
    166     -32977.27000
    167     -48911.80000
    168     -48780.83000
    169     -21763.80000
    170      -3184.88300
    171     -17800.05000
    172     -43782.91000
    173     -50725.20000
    174     -42723.19000
    175     -42736.97000
    176     -53531.73000
    177     -57092.69000
    178     -44763.40000
    179     -27960.06000
    180     -20095.41000
    181     -22602.09000
    182     -27693.59000
    183     -26103.20000
    184     -16235.70000
    185      -8092.28900
    186      -9401.51600
    187     -12708.45000
    188     -10368.38000
    189     -10603.73000
    190     -20755.09000
    191     -30088.62000
    192     -28229.44000
    193     -23733.59000
    194     -26620.88000
    195     -29721.34000
    196     -24505.05000
    197     -21310.36000
    198     -34855.64000
    199     -56741.36000
    200     -62039.45000
    201     -43019.36000
    202     -17652.45000
    203      -2216.64100
    204       3497.75000
    205        405.84380
    206     -16735.08000
    207     -43062.94000
    208     -59952.06000
    209     -55387.97000
    210     -38361.58000
    211     -29907.14000
    212     -41065.56000
    213     -60249.17000
    214     -70113.95000
    215     -76144.83000
    216     -96664.03000
    217    -122063.70000
    218    -118408.10000
    219     -81343.31000
    220     -48286.61000
    221     -43871.19000
    222     -52383.59000
    223     -55381.72000
    224     -55413.91000
    225     -53540.47000
    226     -44442.09000
    227     -38440.30000
    228     -49017.36000
    229     -62623.30000
    230     -58941.61000
    231     -48147.61000
    232     -50469.55000
    233     -57037.81000
    234     -47001.94000
    235     -25085.25000
    236     -12113.22000
    237     -12374.28000
    238     -12928.44000
    239      -7927.03100
    240      -8189.96900
    241     -23277.98000
    242     -42657.70000
    243     -47743.75000
    244     -38778.52000
    245     -31449.30000
    246     -30409.48000
    247     -27838.41000
    248     -23406.58000
    249     -25293.83000
    250     -36239.19000
    251     -50505.06000
    252     -58472.81000
    253     -52784.75000
    254     -38834.25000
    255     -31598.53000
    256     -33070.42000
    257     -28412.80000
    258     -13533.11000
    259      -5260.98400
    260     -12096.64000
    261     -17943.58000
    262     -11147.20000
    263      -8518.60900
    264     -27797.56000
    265     -52619.47000
    266     -52520.84000
    267     -28652.72000
    268     -12256.66000
    269     -22293.50000
    270     -47620.77000
    271     -66403.25000
    272     -66270.34000
    273     -51106.14000
    274     -37816.06000
    275     -39773.80000
    276     -51244.70000
    277     -55458.48000
    278     -43966.64000
    279     -22399.06000
    280      -3988.12500
    281       1259.25000
    282      -1930.31200
    283        636.56250
    284       9092.84400
    285       7818.20300
    286      -3867.06200
    287      -4571.79700
    288      10840.48000
    289      14388.14000
    290     -13203.52000
    291     -50805.52000
    292     -67896.86000
    293     -62785.22000
    294     -51057.58000
    295     -39123.94000
    296     -25520.97000
    297     -11897.23000
    298      -4576.56200
    299     -13867.91000
    300     -43539.00000
    301     -73279.42000
    302     -73930.31000
    303     -49111.06000
    304     -32644.73000
    305     -36699.52000
    306     -36590.67000
    307     -16500.58000
    308       3389.76600
    309      -1339.17200
    310     -24431.73000
    311     -39641.53000
    312     -33169.66000
    313     -15096.31000
    314      -5537.68800
    315     -16718.97000
    316     -43115.25000
    317     -62833.19000
    318     -56826.02000
    319     -33239.17000
    320     -21621.48000
    321     -35632.83000
    322     -55468.02000
    323     -55485.33000
    324     -35870.28000
    325     -17528.45000
    326     -13734.78000
    327     -16749.81000
    328     -13062.03000
    329      -4649.75000
    330      -5819.81200
    331     -22044.78000
    332     -44683.39000
    333     -63978.53000
    334     -73598.77000
    335     -67020.80000
    336     -45405.73000
    337     -24528.89000
    338     -19585.08000
    339     -27688.09000
    340     -35901.73000
    341     -39414.34000
    342     -39931.31000
    343     -33320.66000
    344     -14129.53000
    345       8626.71900
    346      14973.19000
    347       -801.39060
    348     -19256.75000
    349     -19459.89000
    350      -6795.42200
    351      -4064.39100
    352     -17707.80000
    353     -29737.95000
    354     -26846.52000
    355     -18823.75000
    356     -18803.92000
    357     -22625.66000
    358     -20315.91000
    359     -14910.30000
    360     -16260.03000
    361     -23355.38000
    362     -24418.28000
    363     -14567.77000
    364      -5102.20300
    365      -8687.98400
    366     -21400.14000
    367     -30708.69000
    368     -35925.45000
    369     -44319.88000
    370     -51511.91000
    371     -45590.83000
    372     -28933.00000
    373     -17281.00000
    374     -16620.00000
    375     -18345.20000
    376     -19879.22000
    377     -32239.53000
    378     -58094.98000
    379     -77063.19000
    380     -67525.80000
    381     -33776.17000
    382       1505.29700
    383      23871.30000
    384      33747.05000
    385      33665.67000
    386      22897.75000
    387       5774.10900
    388      -6099.12500
    389      -8365.59400
    390     -11747.97000
    391     -22565.41000
    392     -26158.12000
    393      -8689.32800
    394      16683.88000
    395      25742.77000
    396      13010.39000
    397      -8009.07800
    398     -20290.73000
    399     -13591.39000
    400       6924.89100
    401      26033.84000
    402      38768.64000
    403      49228.06000
    404      50578.12000
    405      32774.00000
    406       5699.18800
    407     -12166.41000
    408     -18650.97000
    409     -22867.17000
    410     -30652.48000
    411     -43485.33000
    412     -52859.77000
    413     -40581.55000
    414      -7237.26600
    415      16195.61000
    416      10162.78000
    417      -4076.12500
    418      -3241.84400
    419        145.43750
    420     -11836.59000
    421     -25538.78000
    422     -20467.28000
    423      -3795.79700
    424       8773.79700
    425      21729.19000
    426      43389.36000
    427      61020.61000
    428      55414.08000
    429      31160.12000
    430      16793.67000
    431      31975.45000
    432      58856.06000
    433      59986.45000
    434      30047.91000
    435       6011.40600
    436      13077.75000
    437      31505.44000
    438      36508.47000
    439      36583.25000
    440      47426.64000
    441      57164.81000
    442      44789.02000
    443      14407.48000
    444     -11263.03000
    445     -20286.33000
    446     -15248.39000
    447       5298.03100
    448      45553.19000
    449      90444.48000
    450     109284.70000
    451      94081.16000
    452      74019.95000
    453      75122.91000
    454      84744.77000
    455      78102.42000
    456      62312.81000
    457      62080.02000
    458      72974.39000
    459      67089.23000
    460      41516.59000
    461      23799.77000
    462      29623.14000
    463      47810.00000
    464      62789.98000
    465      65326.41000
    466      51579.66000
    467      32821.98000
    468      30070.78000
    469      44991.97000
    470      55727.58000
    471      50368.86000
    472      43897.81000
    473      52819.77000
    474      70317.33000
    475      79151.25000
    476      80046.83000
    477      89475.11000
    478     109941.60000
    479     124480.80000
    480     123622.20000
    481     114338.10000
    482     102805.50000
    483      95216.45000
    484     106705.20000
    485     138292.50000
    486     161094.00000
    487     154633.10000
    488     139487.10000
    489     142818.30000
    490     157823.00000
    491     165380.10000
    492     170214.90000
    493     187784.80000
    494     213647.80000
    495     232960.30000
    496     249820.60000
    497     281179.80000
    498     324108.80000
    499     355521.40000
    500     366709.30000
    501     373181.60000
    502     388019.80000
    503     410101.90000
    504     437820.90000
    505     470062.90000
    506     499210.00000
    507     521485.20000
    508     541026.50000
    509     553824.10000
    510     553090.50000
    511     554980.30000
    512     581723.00000
    513     617680.80000
    514     624263.40000
    515     598191.50000
    516     573195.00000
    517     568610.10000
    518     576490.90000
    519     590503.00000
    520     609829.60000
    521     622097.20000
    522     613240.60000
    523     588103.20000
    524     564132.10000
    525     554519.20000
    526     565403.80000
    527     594267.40000
    528     626151.20000
    529     645923.80000
    530     653165.40000
    531     653540.60000
    532     645653.30000
    533     632442.20000
    534     632187.60000
    535     658657.20000
    536     702488.60000
    537     749807.20000
    538     805826.30000
    539     879159.60000
    540     954737.80000
    541    1007178.00000
    542    1037609.00000
    543    1075686.00000
    544    1142389.00000
    545    1230224.00000
    546    1326104.00000
    547    1434400.00000
    548    1564612.00000
    549    1714833.00000
    550    1887608.00000
    551    2103788.00000
    552    2374036.00000
    553    2671519.00000
    554    2962669.00000
    555    3245736.00000
    556    3521081.00000
    557    3739810.00000
    558    3827868.00000
    559    3756165.00000
    560    3553581.00000
    561    3264934.00000
    562    2931581.00000
    563    2597289.00000
    564    2292158.00000
    565    2014143.00000
    566    1752328.00000
    567    1518828.00000
    568    1333503.00000
    569    1190614.00000
    570    1067992.00000
    571     960948.30000
    572     879521.40000
    573     816547.60000
    574     746529.80000
    575     658810.10000
    576     570863.90000
    577     504673.80000
    578     464672.20000
    579     439407.60000
    580     414406.40000
    581     384662.30000
    582     359497.40000
    583     350127.20000
    584     352834.90000
    585     353683.80000
    586     346874.50000
    587     337432.50000
    588     328552.70000
    589     316326.30000
    590     295998.80000
    591     268705.90000
    592     242695.80000
    593     226814.50000
    594     220050.40000
    595     210309.40000
    596     188129.30000
    597     160074.90000
    598     143350.20000
    599     146188.80000
    600     159533.80000
    601     171080.50000
    602     177746.30000
    603     177659.70000
    604     163494.10000
    605     135210.00000
    606     106367.80000
    607      87670.11000
    608      78032.20000
    609      77630.52000
    610      92023.42000
    611     117286.50000
    612     137574.60000
    613     143641.90000
    614     142346.60000
    615     143536.50000
    616     145425.50000
    617     138136.30000
    618     118688.80000
    619      96079.27000
    620      79380.56000
    621      67058.27000
    622      54252.55000
    623      46007.34000
    624      52655.36000
    625      70731.83000
    626      81426.39000
    627      77358.55000
    628      76935.98000
    629      95962.58000
    630     121821.50000
    631     137229.30000
    632     146677.20000
    633     153407.30000
    634     141151.30000
    635     109685.70000
    636      93605.44000
    637     112881.60000
    638     137934.30000
    639     132528.40000
    640     103225.50000
    641      84465.12000
    642      93229.81000
    643     111455.60000
    644     108095.70000
    645      77111.88000
    646      46407.78000
    647      41003.75000
    648      55380.09000
    649      76584.00000
    650     105961.00000
    651     136556.30000
    652     142236.00000
    653     114725.30000
    654      80732.03000
    655      61944.77000
    656      50168.83000
    657      36855.38000
    658      31187.28000
    659      36008.05000
    660      41826.88000
    661      53447.36000
    662      85290.20000
    663     123461.70000
    664     129443.00000
    665      90401.36000
    666      38341.62000
    667      13958.14000
    668      29186.84000
    669      63929.62000
    670      87164.20000
    671      83919.92000
    672      66590.58000
    673      56975.31000
    674      61361.12000
    675      70127.33000
    676      74102.25000
    677      71270.14000
    678      63459.20000
    679      55757.36000
    680      53804.94000
    681      53574.16000
    682      41292.11000
    683      13583.61000
    684     -11159.61000
    685     -13698.45000
    686       3722.21900
    687      25433.91000
    688      36238.42000
    689      21690.92000
    690     -17892.69000
    691     -49026.42000
    692     -36559.55000
    693       3666.07800
    694      22719.73000
    695       5758.45300
    696     -18786.81000
    697     -27278.30000
    698     -20255.83000
    699      -8118.03100
    700      -5326.29700
    701     -18324.48000
    702     -25821.22000
    703      -2914.03100
    704      32434.64000
    705      38055.50000
    706       8556.75000
    707     -26424.06000
    708     -52824.28000
    709     -74387.70000
    710     -81726.49000
    711     -65729.59000
    712     -43648.16000
    713     -33520.88000
    714     -26358.12000
    715     -13156.91000
    716      -5986.75000
    717      -6739.71900
    718       5364.59400
    719      32305.59000
    720      44989.03000
    721      30733.48000
    722      10727.78000
    723      -2495.65600
    724     -20716.95000
    725     -41711.55000
    726     -39526.88000
    727      -8599.70300
    728      18241.39000
    729      12712.94000
    730     -13492.83000
    731     -30799.47000
    732     -30351.05000
    733     -25678.88000
    734     -26660.98000
    735     -26745.19000
    736     -15592.78000
    737       4057.93800
    738      17260.22000
    739      13660.67000
    740      -3581.67200
    741     -27202.41000
    742     -49822.64000
    743     -53396.47000
    744     -22371.06000
    745      18052.73000
    746      15608.53000
    747     -33597.09000
    748     -69235.22000
    749     -52908.56000
    750     -17231.12000
    751      -3240.78100
    752      -7140.71900
    753     -13521.11000
    754     -25903.55000
    755     -44725.73000
    756     -58582.12000
    757     -62908.16000
    758     -57158.91000
    759     -37293.31000
    760     -15387.89000
    761     -18978.38000
    762     -48752.12000
    763     -68710.59000
    764     -55681.23000
    765     -26235.66000
    766      -2687.71900
    767      12959.64000
    768      20274.47000
    769       9936.85900
    770     -14556.80000
    771     -32430.05000
    772     -33260.42000
    773     -25274.88000
    774     -12146.56000
    775      11978.78000
    776      39580.83000
    777      47248.05000
    778      24498.02000
    779     -11907.67000
    780     -38614.20000
    781     -48359.00000
    782     -45618.86000
    783     -31052.39000
    784      -5404.81200
    785      15004.59000
    786       9080.95300
    787     -17405.94000
    788     -34560.62000
    789     -30811.48000
    790     -25439.97000
    791     -27475.84000
    792     -15624.25000
    793      18507.59000
    794      38946.95000
    795      11941.58000
    796     -37238.61000
    797     -54460.39000
    798     -31146.52000
    799      -6189.89100
    800       -870.45310
    801       2373.70300
    802      15104.66000
    803      19404.30000
    804      -1997.14100
    805     -41144.59000
    806     -76507.27000
    807     -90712.95000
    808     -77925.36000
    809     -49079.27000
    810     -26737.67000
    811     -23857.16000
    812     -33350.31000
    813     -45465.23000
    814     -61403.28000
    815     -78754.59000
    816     -81344.72000
    817     -60979.81000
    818     -34009.39000
    819     -19735.16000
    820     -16574.91000
    821     -12773.52000
    822      -7207.10900
    823      -7845.59400
    824     -16904.66000
    825     -24752.17000
    826     -20435.03000
    827      -7439.85900
    828        646.98440
    829       2176.42200
    830       7447.75000
    831      13379.45000
    832       3170.46900
    833     -23507.25000
    834     -46701.23000
    835     -57269.31000
    836     -65663.88000
    837     -74912.20000
    838     -70443.89000
    839     -45533.33000
    840     -16142.31000
    841        356.64060
    842       3413.17200
    843      -3819.25000
    844     -24777.20000
    845     -52798.78000
    846     -65949.53000
    847     -55487.08000
    848     -41318.14000
    849     -44986.30000
    850     -61041.44000
    851     -65627.88000
    852     -46872.38000
    853     -19668.19000
    854      -6623.50000
    855      -8392.75000
    856      -9009.25000
    857      -8833.53100
    858     -23977.66000
    859     -50077.77000
    860     -60271.73000
    861     -46534.31000
    862     -31349.25000
    863     -30624.19000
    864     -33328.50000
    865     -27595.84000
    866     -22700.83000
    867     -29852.27000
    868     -39401.09000
    869     -37169.69000
    870     -30063.94000
    871     -31643.53000
    872     -35027.97000
    873     -27523.58000
    874     -18571.92000
    875     -23220.98000
    876     -32581.56000
    877     -30360.27000
    878     -22967.78000
    879     -26615.23000
    880     -40503.98000
    881     -54385.00000
    882     -65487.70000
    883     -71236.80000
    884     -63429.34000
    885     -43044.16000
    886     -23996.52000
    887     -13195.36000
    888      -3710.73400
    889       7223.65600
    890      11188.58000
    891       4022.40600
    892      -7355.34400
    893     -17799.52000
    894     -30662.06000
    895     -46343.70000
    896     -52730.84000
    897     -36413.50000
    898      -3211.35900
    899      21983.78000
    900      21734.06000
    901       3753.10900
    902     -14520.27000
    903     -27116.38000
    904     -36878.91000
    905     -44235.95000
    906     -48284.22000
    907     -49359.53000
    908     -44365.14000
    909     -28627.08000
    910      -6962.71900
    911       5665.00000
    912       1576.73400
    913      -8139.50000
    914     -10241.56000
    915     -12365.30000
    916     -32223.28000
    917     -65209.59000
    918     -84815.23000
    919     -78034.64000
    920     -59642.77000
    921     -47924.95000
    922     -43138.52000
    923     -33175.58000
    924     -11561.53000
    925      11299.91000
    926      16641.39000
    927        185.42190
    928     -22615.14000
    929     -38605.38000
    930     -48139.02000
    931     -50496.73000
    932     -40138.59000
    933     -23249.25000
    934     -16489.64000
    935     -23897.31000
    936     -33346.66000
    937     -38251.53000
    938     -46197.50000
    939     -63357.34000
    940     -83187.86000
    941     -93261.12000
    942     -85257.25000
    943     -59713.41000
    944     -28961.86000
    945     -11950.17000
    946     -16996.08000
    947     -33068.64000
    948     -43370.03000
    949     -39473.75000
    950     -21546.06000
    951       -440.64060
    952       1957.81200
    953     -22685.61000
    954     -46597.75000
    955     -34654.50000
    956       6047.75000
    957      31808.53000
    958      18175.91000
    959     -12870.66000
    960     -26264.61000
    961     -17229.98000
    962      -8914.89100
    963     -14717.23000
    964     -22989.22000
    965     -23468.58000
    966     -26801.64000
    967     -44318.30000
    968     -66614.44000
    969     -76644.56000
    970     -71024.09000
    971     -57809.66000
    972     -43407.98000
    973     -30303.89000
    974     -22414.98000
    975     -24382.33000
    976     -32104.53000
    977     -30837.88000
    978     -14193.84000
    979       -396.48440
    980     -11487.33000
    981     -38030.39000
    982     -47852.05000
    983     -31598.86000
    984     -12648.72000
    985      -6309.20300
    986      -1343.73400
    987       6883.85900
    988       1112.57800
    989     -22125.42000
    990     -37838.73000
    991     -32907.06000
    992     -25094.03000
    993     -26275.53000
    994     -24332.50000
    995     -15616.88000
    996     -19853.44000
    997     -48263.48000
    998     -81264.06000
    999     -89197.98000
   1000     -65582.28000
   1001     -34588.38000
   1002     -24720.36000
   1003     -36580.34000
   1004     -44962.17000
   1005     -33068.55000
   1006     -12839.19000
   1007      -8084.37500
   1008     -24240.55000
   1009     -40715.34000
   1010     -36746.16000
   1011     -18510.03000
   1012      -7604.04700
   1013     -11402.81000
   1014     -24753.41000
   1015     -46332.72000
   1016     -68267.42000
   1017     -69036.06000
   1018     -44153.23000
   1019     -22335.02000
   1020     -25509.67000
   1021     -34105.78000
   1022     -17322.66000
   1023      17357.67000
   1024      30304.86000
   1025       2610.15600
   1026     -38101.28000
   1027     -53122.83000
   1028     -38268.11000
   1029     -20107.12000
   1030     -18600.36000
   1031     -28680.28000
   1032     -31765.08000
   1033     -15241.00000
   1034      14732.42000
   1035      37527.69000
   1036      38940.30000
   1037      22818.97000
   1038      -1158.14100
   1039     -29575.28000
   1040     -57582.67000
   1041     -71101.22000
   1042     -59874.42000
   1043     -34375.86000
   1044     -17230.03000
   1045     -17886.36000
   1046     -26814.77000
   1047     -32826.83000
   1048     -32118.05000
   1049     -24364.75000
   1050     -16287.06000
   1051     -20502.80000
   1052     -34357.52000
   1053     -34782.33000
   1054     -11579.81000
   1055      12959.83000
   1056      15189.66000
   1057       2377.82800
   1058      -1655.42200
   1059      11099.52000
   1060      27639.55000
   1061      32400.92000
   1062      21005.75000
   1063        525.54690
   1064     -14615.58000
   1065     -10511.69000
   1066       9673.39100
   1067      20688.83000
   1068       3198.53100
   1069     -29272.25000
   1070     -50187.11000
   1071     -55308.12000
   1072     -56270.22000
   1073     -55030.25000
   1074     -48149.03000
   1075     -40617.08000
   1076     -35601.72000
   1077     -25680.47000
   1078      -8211.39100
   1079       4173.81200
   1080      -1481.59400
   1081     -20656.92000
   1082     -34555.03000
   1083     -30770.22000
   1084     -19087.56000
   1085     -19903.70000
   1086     -35595.72000
   1087     -46889.11000
   1088     -42156.09000
   1089     -32376.23000
   1090     -29346.12000
   1091     -29527.45000
   1092     -28582.30000
   1093     -29911.39000
   1094     -29522.25000
   1095     -15997.83000
   1096       5193.70300
   1097      11343.88000
   1098      -6543.62500
   1099     -34519.48000
   1100     -57935.97000
   1101     -69384.11000
   1102     -59484.81000
   1103     -25674.17000
   1104      13074.80000
   1105      29670.16000
   1106      15063.45000
   1107     -14685.48000
   1108     -29877.94000
   1109     -11193.09000
   1110      24941.61000
   1111      38489.94000
   1112      17831.30000
   1113      -3567.95300
   1114       -987.12500
   1115       3067.62500
   1116     -18600.44000
   1117     -48439.05000
   1118     -50861.31000
   1119     -24240.19000
   1120       4832.00000
   1121      18889.09000
   1122      15768.17000
   1123      -2649.64100
   1124     -25996.38000
   1125     -36858.64000
   1126     -30911.70000
   1127     -20578.28000
   1128     -15934.69000
   1129     -18290.84000
   1130     -26432.98000
   1131     -32591.41000
   1132     -26356.83000
   1133     -15284.47000
   1134     -18119.02000
   1135     -29097.52000
   1136     -23249.27000
   1137      -4065.64100
   1138      -2922.00000
   1139     -22950.53000
   1140     -30631.94000
   1141     -14928.31000
   1142      -6682.20300
   1143     -21308.05000
   1144     -26930.78000
   1145       3463.12500
   1146      42538.28000
   1147      45734.75000
   1148      17437.72000
   1149       2766.68800
   1150      19778.28000
   1151      36697.59000
   1152      22668.97000
   1153     -10891.14000
   1154     -32440.83000
   1155     -28982.17000
   1156      -9305.00000
   1157      10824.88000
   1158      14936.38000
   1159      -5753.54700
   1160     -39592.09000
   1161     -61514.52000
   1162     -58722.89000
   1163     -41543.56000
   1164     -28910.06000
   1165     -30979.61000
   1166     -43781.88000
   1167     -52885.89000
   1168     -45245.98000
   1169     -24393.70000
   1170      -9155.03100
   1171     -10891.94000
   1172     -19439.08000
   1173     -19865.88000
   1174     -13460.41000
   1175     -11711.84000
   1176     -19266.66000
   1177     -32053.23000
   1178     -42872.22000
   1179     -44739.84000
   1180     -39550.91000
   1181     -39163.06000
   1182     -44785.36000
   1183     -39796.02000
   1184     -19745.69000
   1185      -6758.12500
   1186     -14292.95000
   1187     -24538.67000
   1188     -19096.19000
   1189      -4820.37500
   1190       3567.75000
   1191       1102.90600
   1192     -11053.94000
   1193     -25210.61000
   1194     -28464.58000
   1195     -21113.55000
   1196     -21008.67000
   1197     -37068.27000
   1198     -55270.09000
   1199     -60415.19000
   1200     -56060.53000
   1201     -54517.08000
   1202     -57494.14000
   1203     -56894.86000
   1204     -53267.34000
   1205     -60256.98000
   1206     -81369.03000
   1207     -96863.67000
   1208     -88840.97000
   1209     -62781.34000
   1210     -31098.06000
   1211       1562.75000
   1212      25574.00000
   1213      27246.28000
   1214      11400.44000
   1215      -1528.18800
   1216      -1819.00000
   1217       5111.40600
   1218      11257.97000
   1219       9124.43800
   1220      -3202.28100
   1221     -15525.64000
   1222     -20534.50000
   1223     -27900.97000
   1224     -43620.08000
   1225     -51062.41000
   1226     -34846.17000
   1227      -6766.71900
   1228      10647.56000
   1229      10992.41000
   1230       2061.25000
   1231      -7650.43800
   1232     -12081.52000
   1233      -9951.40600
   1234      -9065.53100
   1235     -18960.30000
