      1     -34835.45000
      2      -7477.78100
      3     -10637.84000
      4     -32245.92000
      5     -43520.70000
      6     -38383.31000
      7     -31080.30000
      8     -22020.14000
      9       4363.76600
     10      41349.43000
     11      52007.49000
     12      18897.39000
     13     -24591.57000
     14     -35128.02000
     15      -9283.10900
     16      28123.52000
     17      60779.22000
     18      81293.76000
     19      75423.28000
     20      35371.88000
     21     -18327.41000
     22     -50689.66000
     23     -47859.34000
     24     -26261.34000
     25      -9191.53900
     26      -7034.34400
     27     -17516.97000
     28     -30246.51000
     29     -30136.88000
     30      -9441.14800
     31      20468.94000
     32      37494.25000
     33      30512.23000
     34       9125.60900
     35      -8297.52300
     36     -15452.22000
     37     -24389.04000
     38     -45549.94000
     39     -68029.66000
     40     -74223.12000
     41     -66140.56000
     42     -56795.20000
     43     -45129.91000
     44     -23646.19000
     45       -150.36720
     46      10769.41000
     47       5784.06200
     48     -11937.58000
     49     -36033.51000
     50     -47391.67000
     51     -29318.78000
     52       1852.63300
     53      11730.77000
     54      -4259.16400
     55     -17408.85000
     56      -8117.60900
     57      15069.54000
     58      32636.65000
     59      29181.77000
     60       1526.89800
     61     -33822.59000
     62     -54997.21000
     63     -61323.53000
     64     -66238.26000
     65     -67188.67000
     66     -50723.59000
     67     -24875.07000
     68     -15910.47000
     69     -31192.68000
     70     -48433.68000
     71     -43960.03000
     72     -18008.77000
     73       8096.70300
     74      14405.42000
     75       3411.50800
     76      -4409.25000
     77       1793.00800
     78      11949.48000
     79      16372.01000
     80      20666.84000
     81      29089.93000
     82      30464.43000
     83      14290.65000
     84     -10670.68000
     85     -25820.28000
     86     -23487.00000
     87      -8828.18000
     88      12389.69000
     89      35406.10000
     90      47541.48000
     91      33388.34000
     92      -4627.08600
     93     -41640.69000
     94     -53447.79000
     95     -38070.36000
     96     -13196.82000
     97        752.15620
     98      -3614.25800
     99     -16362.63000
    100     -22864.56000
    101     -18382.73000
    102      -5241.80500
    103      13441.95000
    104      26440.74000
    105      17089.66000
    106     -11856.61000
    107     -32589.10000
    108     -26173.48000
    109      -6679.44500
    110        244.18750
    111     -11268.04000
    112     -27832.70000
    113     -38651.02000
    114     -44394.35000
    115     -45914.50000
    116     -37405.82000
    117     -18995.57000
    118      -4511.23400
    119      -3826.07000
    120      -8925.50000
    121      -9243.71100
    122      -6087.84400
    123      -2459.68000
    124       1773.90600
    125      -1927.91400
    126     -23599.90000
    127     -49710.19000
    128     -50106.54000
    129     -18015.29000
    130      16342.19000
    131      19037.46000
    132     -13077.55000
    133     -54868.47000
    134     -80172.04000
    135     -81570.55000
    136     -67430.68000
    137     -47156.83000
    138     -26668.68000
    139     -15362.17000
    140     -21478.46000
    141     -33051.40000
    142     -21258.83000
    143      20809.10000
    144      57786.12000
    145      51311.30000
    146       9613.66400
    147     -23216.20000
    148     -21345.25000
    149      -1314.13300
    150       7700.73400
    151        957.25780
    152      -4004.46900
    153       1967.38300
    154       8551.67200
    155       7672.18000
    156       6818.03900
    157      12760.25000
    158      19400.59000
    159      19328.98000
    160      12543.89000
    161       1279.71100
    162     -11008.62000
    163     -19910.09000
    164     -28940.16000
    165     -46151.34000
    166     -63940.84000
    167     -60973.88000
    168     -33431.77000
    169      -4536.87500
    170       5736.71100
    171       2172.17200
    172      -2457.09400
    173      -9026.00800
    174     -26464.70000
    175     -52940.55000
    176     -71094.48000
    177     -63371.66000
    178     -31276.55000
    179       4491.75000
    180      25559.77000
    181      29951.17000
    182      22636.53000
    183       6937.52300
    184      -9796.70300
    185     -19350.84000
    186     -23986.64000
    187     -28095.41000
    188     -27029.90000
    189     -22339.74000
    190     -28152.21000
    191     -43718.81000
    192     -49680.52000
    193     -46419.46000
    194     -56294.28000
    195     -76909.15000
    196     -75109.12000
    197     -35427.40000
    198      19681.75000
    199      56672.16000
    200      56769.98000
    201      27301.33000
    202      -3484.92200
    203     -17487.08000
    204     -24876.00000
    205     -34983.77000
    206     -34938.06000
    207     -19326.48000
    208      -9575.07000
    209     -19925.59000
    210     -33274.16000
    211     -31305.22000
    212     -23671.23000
    213     -29499.80000
    214     -47708.40000
    215     -60552.68000
    216     -54534.02000
    217     -27970.95000
    218       8097.99200
    219      28262.47000
    220      11429.55000
    221     -29452.53000
    222     -58853.54000
    223     -63089.15000
    224     -55664.05000
    225     -45094.80000
    226     -32464.73000
    227     -28069.73000
    228     -35987.53000
    229     -41863.57000
    230     -40407.89000
    231     -44850.81000
    232     -55753.95000
    233     -57833.11000
    234     -50926.06000
    235     -45990.96000
    236     -37160.95000
    237     -11361.71000
    238      25156.62000
    239      52006.98000
    240      54457.55000
    241      32179.94000
    242        381.05470
    243     -23320.06000
    244     -38255.65000
    245     -50722.50000
    246     -49750.08000
    247     -23542.41000
    248       6073.09400
    249       1990.32000
    250     -37130.55000
    251     -73916.88000
    252     -79344.41000
    253     -61149.89000
    254     -46323.55000
    255     -48014.34000
    256     -50735.88000
    257     -29773.10000
    258      10146.08000
    259      28565.95000
    260        300.85940
    261     -42110.16000
    262     -47019.79000
    263     -13598.02000
    264      13865.21000
    265      13113.37000
    266       2904.01600
    267      -2426.78900
    268     -13538.97000
    269     -34917.43000
    270     -49399.59000
    271     -45090.82000
    272     -34301.45000
    273     -35422.77000
    274     -49468.96000
    275     -62094.27000
    276     -60943.29000
    277     -44879.16000
    278     -20749.58000
    279       1238.36700
    280      10745.11000
    281       5054.96100
    282      -4708.86700
    283      -3018.79700
    284      11072.20000
    285      21413.23000
    286      15138.63000
    287       -951.92190
    288     -10824.99000
    289     -11560.01000
    290     -16065.47000
    291     -32762.34000
    292     -49384.30000
    293     -42606.16000
    294      -4792.18000
    295      41299.44000
    296      59848.68000
    297      35609.18000
    298     -13175.33000
    299     -54485.52000
    300     -69881.59000
    301     -64368.30000
    302     -55626.97000
    303     -53166.99000
    304     -48650.55000
    305     -31315.97000
    306      -7698.99200
    307       3614.15600
    308      -7713.71100
    309     -35917.37000
    310     -63427.59000
    311     -69198.66000
    312     -45482.01000
    313     -11006.59000
    314       4068.30500
    315     -10059.89000
    316     -34938.52000
    317     -47838.80000
    318     -44070.37000
    319     -33504.89000
    320     -24936.62000
    321     -19882.04000
    322     -14898.48000
    323      -4073.83600
    324      13874.83000
    325      28736.10000
    326      29641.46000
    327      19342.22000
    328       3249.00800
    329     -23548.69000
    330     -57073.02000
    331     -71766.96000
    332     -53746.47000
    333     -25351.38000
    334     -13323.20000
    335     -17594.98000
    336     -29951.18000
    337     -53712.92000
    338     -86321.01000
    339    -107292.80000
    340     -99979.34000
    341     -71893.73000
    342     -44910.69000
    343     -33117.79000
    344     -34517.55000
    345     -39491.63000
    346     -40797.94000
    347     -34776.20000
    348     -21089.33000
    349      -5134.93800
    350       6287.78900
    351      13427.98000
    352      18953.94000
    353      16812.29000
    354      -1238.85900
    355     -27311.04000
    356     -39166.09000
    357     -26053.91000
    358      -3769.50800
    359       4156.46900
    360      -4947.97700
    361     -14509.64000
    362     -15970.30000
    363     -18891.44000
    364     -32336.48000
    365     -50740.09000
    366     -61658.48000
    367     -58039.00000
    368     -43799.94000
    369     -31699.31000
    370     -29523.20000
    371     -30432.66000
    372     -28684.39000
    373     -34240.90000
    374     -50783.11000
    375     -55681.61000
    376     -31131.09000
    377       1119.07000
    378       7535.51600
    379      -9724.91400
    380     -22945.95000
    381     -22631.38000
    382     -22905.22000
    383     -30241.15000
    384     -32006.77000
    385     -19761.34000
    386      -6113.22700
    387      -4953.56200
    388      -6596.36700
    389       5936.71900
    390      24516.41000
    391      27019.26000
    392      12486.84000
    393      -5430.07800
    394     -27261.32000
    395     -55637.28000
    396     -70831.33000
    397     -55764.62000
    398     -31303.96000
    399     -31466.66000
    400     -54113.80000
    401     -65381.68000
    402     -47007.33000
    403     -16667.33000
    404      -1092.24200
    405      -5068.89100
    406     -14080.43000
    407     -18788.53000
    408     -22640.52000
    409     -26071.79000
    410     -21110.09000
    411      -9435.55500
    412      -8177.19500
    413     -24159.38000
    414     -36593.25000
    415     -21211.79000
    416      17572.42000
    417      52738.29000
    418      65381.96000
    419      57585.61000
    420      40903.38000
    421      23874.27000
    422      10688.27000
    423       3759.91400
    424       2356.58600
    425        411.26560
    426      -7828.91400
    427     -20082.82000
    428     -30891.50000
    429     -40352.95000
    430     -48511.66000
    431     -48824.61000
    432     -39598.40000
    433     -30951.01000
    434     -28765.61000
    435     -25847.59000
    436     -18126.32000
    437     -14067.80000
    438     -20570.62000
    439     -32818.41000
    440     -41568.05000
    441     -40776.50000
    442     -27062.45000
    443      -1382.32800
    444      23243.84000
    445      24093.21000
    446      -4632.45300
    447     -30566.74000
    448     -15430.07000
    449      30933.20000
    450      62339.20000
    451      61781.24000
    452      53884.61000
    453      52479.82000
    454      42772.28000
    455      20091.73000
    456       4654.00800
    457       9204.96100
    458      21846.77000
    459      27513.45000
    460      24820.53000
    461      16103.89000
    462      -1345.27300
    463     -23249.69000
    464     -31018.35000
    465     -11350.90000
    466      24571.31000
    467      54425.20000
    468      67314.04000
    469      63069.38000
    470      45419.08000
    471      27473.26000
    472      26498.68000
    473      42192.61000
    474      56750.38000
    475      62144.44000
    476      69122.55000
    477      84474.63000
    478      97840.62000
    479      99451.67000
    480      97160.60000
    481     105290.20000
    482     122510.00000
    483     131827.50000
    484     123448.50000
    485     108664.60000
    486     106133.60000
    487     120036.20000
    488     138987.00000
    489     152570.40000
    490     160659.50000
    491     167943.90000
    492     178518.50000
    493     198253.70000
    494     233360.50000
    495     280271.80000
    496     321203.30000
    497     338642.90000
    498     336092.20000
    499     338892.10000
    500     369773.70000
    501     428072.20000
    502     497310.60000
    503     565505.10000
    504     632138.20000
    505     704823.00000
    506     796862.10000
    507     916099.90000
    508    1049570.00000
    509    1172800.00000
    510    1278818.00000
    511    1383056.00000
    512    1495363.00000
    513    1602237.00000
    514    1679720.00000
    515    1711798.00000
    516    1694417.00000
    517    1633319.00000
    518    1545031.00000
    519    1453834.00000
    520    1377563.00000
    521    1312927.00000
    522    1240900.00000
    523    1150932.00000
    524    1056508.00000
    525     984387.10000
    526     950045.80000
    527     941127.50000
    528     923516.60000
    529     872272.80000
    530     801068.20000
    531     750649.90000
    532     743277.00000
    533     762249.80000
    534     781415.30000
    535     794757.90000
    536     805869.10000
    537     809846.00000
    538     804339.60000
    539     802719.20000
    540     818732.80000
    541     849518.00000
    542     885011.30000
    543     922046.50000
    544     961578.90000
    545    1004334.00000
    546    1053961.00000
    547    1115886.00000
    548    1192307.00000
    549    1282374.00000
    550    1382518.00000
    551    1483078.00000
    552    1572234.00000
    553    1648011.00000
    554    1720331.00000
    555    1793958.00000
    556    1852963.00000
    557    1873091.00000
    558    1850359.00000
    559    1802905.00000
    560    1741042.00000
    561    1654292.00000
    562    1536204.00000
    563    1404049.00000
    564    1281760.00000
    565    1173261.00000
    566    1064730.00000
    567     953325.10000
    568     860734.50000
    569     804387.40000
    570     766080.60000
    571     715185.90000
    572     653546.60000
    573     604380.50000
    574     568486.00000
    575     530416.40000
    576     495111.50000
    577     476113.60000
    578     459967.10000
    579     424611.90000
    580     383702.40000
    581     371668.90000
    582     387978.00000
    583     392113.70000
    584     356832.30000
    585     298440.60000
    586     250891.80000
    587     234012.00000
    588     249448.50000
    589     283571.20000
    590     308064.80000
    591     297201.70000
    592     254227.00000
    593     211888.90000
    594     200897.20000
    595     220024.80000
    596     239413.50000
    597     232147.90000
    598     199976.10000
    599     169093.30000
    600     164766.30000
    601     188234.60000
    602     215177.70000
    603     221438.30000
    604     208608.10000
    605     193533.60000
    606     180793.00000
    607     164652.10000
    608     147599.50000
    609     135664.50000
    610     126749.60000
    611     118330.50000
    612     112775.30000
    613     109782.50000
    614     108215.50000
    615     110012.40000
    616     110936.40000
    617     104356.00000
    618     100385.20000
    619     114652.60000
    620     136274.20000
    621     137904.10000
    622     116562.30000
    623      96701.50000
    624      96592.64000
    625     111272.40000
    626     122054.30000
    627     112786.00000
    628      84773.43000
    629      57425.55000
    630      48048.07000
    631      57278.50000
    632      77110.27000
    633      99333.50000
    634     113803.60000
    635     113464.10000
    636     103050.00000
    637      94307.06000
    638      96313.64000
    639     111953.90000
    640     132826.30000
    641     139835.90000
    642     122311.30000
    643      91019.69000
    644      62597.43000
    645      43699.76000
    646      36774.38000
    647      43840.98000
    648      60135.71000
    649      77806.56000
    650      92217.52000
    651      96214.50000
    652      82625.30000
    653      58358.92000
    654      37884.21000
    655      24032.53000
    656      15707.02000
    657      24258.85000
    658      56082.70000
    659      89248.20000
    660      93122.13000
    661      65923.20000
    662      34468.80000
    663      19958.50000
    664      18548.43000
    665      17190.45000
    666      15156.45000
    667      18959.89000
    668      25460.26000
    669      27030.35000
    670      27517.97000
    671      34697.33000
    672      42948.77000
    673      41291.82000
    674      31304.39000
    675      21581.80000
    676      13325.51000
    677       4610.69500
    678        431.16410
    679       7936.40600
    680      25779.96000
    681      43477.04000
    682      52116.12000
    683      54587.24000
    684      57870.78000
    685      53869.09000
    686      25848.62000
    687     -19008.90000
    688     -47737.93000
    689     -42741.43000
    690     -19166.86000
    691       6013.06600
    692      32104.34000
    693      54914.77000
    694      59183.89000
    695      41020.75000
    696      18347.93000
    697      12274.36000
    698      27139.82000
    699      48459.59000
    700      55594.96000
    701      39256.89000
    702      10117.08000
    703     -10142.77000
    704      -6739.21900
    705      17452.09000
    706      45139.76000
    707      56755.95000
    708      43281.47000
    709      14512.72000
    710      -5935.98000
    711      -3003.95700
    712      13469.43000
    713      23712.13000
    714      21359.28000
    715      10835.32000
    716      -3193.58200
    717     -12519.03000
    718     -11516.81000
    719     -10987.98000
    720     -19963.12000
    721     -19669.52000
    722       9764.12500
    723      47577.55000
    724      54230.87000
    725      23699.09000
    726     -15379.57000
    727     -36350.45000
    728     -31748.89000
    729     -10586.22000
    730       6571.73800
    731       3218.70700
    732     -13684.03000
    733     -19519.43000
    734       -750.62110
    735      30344.77000
    736      52594.65000
    737      59195.41000
    738      57670.74000
    739      54849.31000
    740      52138.13000
    741      48142.57000
    742      34796.71000
    743       2171.43800
    744     -39401.60000
    745     -57548.45000
    746     -36421.04000
    747      -1542.14500
    748      14730.71000
    749      16669.94000
    750      29237.22000
    751      52559.37000
    752      62526.38000
    753      50465.44000
    754      32446.45000
    755      20378.63000
    756      10864.59000
    757       4152.03900
    758       8868.85900
    759      22049.66000
    760      23900.50000
    761       1869.97300
    762     -30109.71000
    763     -44598.53000
    764     -30598.74000
    765      -6341.76200
    766        177.80080
    767     -16763.13000
    768     -32926.87000
    769     -23707.56000
    770       3642.89800
    771      19213.76000
    772       9461.52000
    773      -9788.63700
    774     -20358.55000
    775     -21712.49000
    776     -20759.33000
    777     -21868.03000
    778     -29059.44000
    779     -39518.66000
    780     -37686.36000
    781     -14790.59000
    782      12295.26000
    783      20495.11000
    784      11435.03000
    785       5456.29700
    786      10284.99000
    787      11200.86000
    788      -6360.35500
    789     -34177.63000
    790     -48917.50000
    791     -39637.65000
    792     -17923.88000
    793      -1746.77000
    794      -1546.91400
    795     -18949.15000
    796     -41681.81000
    797     -44647.40000
    798     -18001.60000
    799      10550.76000
    800       5591.84400
    801     -28256.57000
    802     -53239.43000
    803     -48981.93000
    804     -29903.72000
    805     -13649.94000
    806       -437.59960
    807      10365.85000
    808       8828.44700
    809      -6060.67200
    810     -12452.28000
    811       9815.41400
    812      47497.94000
    813      66227.93000
    814      54954.85000
    815      36240.36000
    816      25825.03000
    817       9299.18600
    818     -24819.13000
    819     -57370.43000
    820     -66801.42000
    821     -59968.14000
    822     -53310.75000
    823     -46284.66000
    824     -31383.29000
    825     -11429.87000
    826       4915.72100
    827      11576.17000
    828       6020.90600
    829      -8385.63300
    830     -22731.95000
    831     -31113.02000
    832     -35058.08000
    833     -38027.97000
    834     -41311.61000
    835     -45887.75000
    836     -52324.30000
    837     -57182.05000
    838     -55777.70000
    839     -50302.37000
    840     -45659.35000
    841     -36036.66000
    842     -13761.70000
    843       6227.10200
    844      -2002.25000
    845     -33621.03000
    846     -52371.02000
    847     -37872.41000
    848      -8254.30700
    849       7011.25400
    850      -1030.73800
    851     -16919.93000
    852     -22821.09000
    853     -21476.58000
    854     -25721.24000
    855     -29768.86000
    856     -18870.45000
    857      -2482.87500
    858      -2454.58600
    859     -16071.76000
    860     -25050.78000
    861     -27528.62000
    862     -30562.96000
    863     -28017.99000
    864     -11905.35000
    865       7163.16800
    866       9442.83200
    867      -7915.28500
    868     -24090.61000
    869     -18452.75000
    870       1990.18200
    871      10145.53000
    872      -6374.25200
    873     -31878.47000
    874     -44701.23000
    875     -40064.77000
    876     -29750.14000
    877     -25750.32000
    878     -26653.37000
    879     -24038.41000
    880     -19952.79000
    881     -23546.89000
    882     -30470.33000
    883     -26962.37000
    884     -16436.50000
    885     -17477.99000
    886     -31477.44000
    887     -37476.45000
    888     -26907.34000
    889     -19286.17000
    890     -29705.18000
    891     -40564.92000
    892     -25274.79000
    893      11417.32000
    894      37441.81000
    895      33136.55000
    896      10336.13000
    897      -6410.47500
    898      -5326.99800
    899       4305.16600
    900       1722.53300
    901     -23885.57000
    902     -57118.02000
    903     -68737.36000
    904     -48607.95000
    905     -16058.96000
    906       6432.42000
    907      14568.99000
    908      11487.11000
    909      -2762.31600
    910     -18599.15000
    911     -15824.86000
    912       8944.16000
    913      31745.86000
    914      30413.67000
    915       7724.84600
    916     -19437.16000
    917     -34321.74000
    918     -24532.30000
    919       3589.07000
    920      17474.07000
    921      -6501.62700
    922     -42990.81000
    923     -44042.69000
    924      -4111.64600
    925      35140.86000
    926      46089.25000
    927      43272.35000
    928      44074.33000
    929      41498.85000
    930      30861.92000
    931      27407.65000
    932      39047.24000
    933      50266.47000
    934      45997.02000
    935      25369.03000
    936     -11572.67000
    937     -58970.18000
    938     -88429.52000
    939     -73824.66000
    940     -30537.78000
    941       3550.57300
    942      15794.35000
    943      14919.95000
    944        346.96190
    945     -28407.05000
    946     -53602.18000
    947     -61570.29000
    948     -59721.02000
    949     -52970.20000
    950     -35498.94000
    951     -16154.10000
    952     -13704.25000
    953     -22275.22000
    954     -20363.21000
    955     -10723.51000
    956     -12802.24000
    957     -25610.23000
    958     -33342.47000
    959     -33309.65000
    960     -29493.17000
    961     -17456.99000
    962       2598.81800
    963      17436.20000
    964      17808.44000
    965       6505.14000
    966      -9776.91000
    967     -19798.65000
    968     -11216.41000
    969       9433.05200
    970      18170.02000
    971       6275.99400
    972      -9612.38900
    973     -13912.99000
    974      -5889.16400
    975       8523.78100
    976      16116.05000
    977      -1440.52500
    978     -43405.88000
    979     -81248.91000
    980     -89109.48000
    981     -66825.98000
    982     -27093.78000
    983      15999.90000
    984      41311.49000
    985      32085.14000
    986        924.44140
    987     -19143.11000
    988     -13240.68000
    989       4134.73600
    990      15118.47000
    991      15113.66000
    992       3976.77100
    993     -18785.30000
    994     -45109.98000
    995     -59688.31000
    996     -57309.36000
    997     -49688.92000
    998     -47833.69000
    999     -45165.73000
   1000     -29357.92000
   1001      -6477.26200
   1002       1535.61100
   1003     -14700.05000
   1004     -38712.35000
   1005     -47439.73000
   1006     -34832.60000
   1007     -13084.92000
   1008       2611.59100
   1009       6337.48400
   1010       3246.49700
   1011       4374.22400
   1012      16698.44000
   1013      32561.51000
   1014      32789.77000
   1015       8525.47900
   1016     -25282.85000
   1017     -46383.19000
   1018     -46192.66000
   1019     -26961.14000
   1020       5204.35800
   1021      33687.64000
   1022      36626.75000
   1023      11612.08000
   1024     -19044.93000
   1025     -33763.90000
   1026     -28601.33000
   1027     -10764.19000
   1028       6708.69200
   1029       7132.26800
   1030     -13646.89000
   1031     -34840.12000
   1032     -30334.82000
   1033       1497.58600
   1034      38001.54000
   1035      55911.15000
   1036      46898.75000
   1037      19593.83000
   1038      -5818.78000
   1039     -14083.28000
   1040      -9707.39900
   1041      -7644.32400
   1042     -12345.42000
   1043     -16382.04000
   1044     -14333.41000
   1045      -8126.11500
   1046      -3814.01900
   1047      -8990.58400
   1048     -26237.83000
   1049     -44214.02000
   1050     -43513.45000
   1051     -19743.39000
   1052       4029.47700
   1053       1074.09900
   1054     -22495.21000
   1055     -33271.88000
   1056     -17520.67000
   1057        554.27710
   1058      -2736.79800
   1059     -19267.35000
   1060     -29129.21000
   1061     -28466.40000
   1062     -23377.35000
   1063     -14288.27000
   1064       -500.30270
   1065      10051.29000
   1066       8393.92200
   1067        432.15360
   1068       4188.37500
   1069      25082.65000
   1070      43469.35000
   1071      38151.14000
   1072      15017.41000
   1073      -2196.98100
   1074      -4372.48900
   1075      -3065.61600
   1076      -4477.17600
   1077       2177.94700
   1078      20178.74000
   1079      27853.81000
   1080       6024.89300
   1081     -29719.33000
   1082     -47868.52000
   1083     -41205.01000
   1084     -25029.23000
   1085      -9635.49500
   1086        855.63770
   1087      -1256.50500
   1088     -14367.21000
   1089     -22008.61000
   1090     -17174.51000
   1091     -11288.81000
   1092      -8740.63700
   1093       -234.68650
   1094      10337.35000
   1095       3577.75600
   1096     -22230.21000
   1097     -43248.79000
   1098     -41831.86000
   1099     -23621.80000
   1100      -1891.40200
   1101      14387.86000
   1102      16548.41000
   1103       -495.62260
   1104     -26247.93000
   1105     -38008.13000
   1106     -23376.46000
   1107       4451.94600
   1108      19229.11000
   1109       8291.34200
   1110     -16823.05000
   1111     -34089.30000
   1112     -31189.96000
   1113     -14130.01000
   1114       1001.55400
   1115       5810.28000
   1116       6464.74600
   1117       9174.10800
   1118       6625.82400
   1119     -10722.39000
   1120     -35178.02000
   1121     -46234.78000
   1122     -34097.50000
   1123     -10541.68000
   1124       3757.72700
   1125      -3000.44200
   1126     -26352.16000
   1127     -48241.33000
   1128     -50139.30000
   1129     -32007.36000
   1130     -13100.91000
   1131      -6072.90000
   1132      -2368.27700
   1133       7220.59000
   1134      15321.15000
   1135      13235.65000
   1136       5341.11900
   1137      -1067.07600
   1138      -4363.03200
   1139      -3987.96700
   1140       -605.09380
   1141        265.03910
   1142      -6466.80800
   1143     -18755.34000
   1144     -27746.71000
   1145     -24013.99000
   1146      -9326.34900
   1147       -356.53320
   1148     -10818.22000
   1149     -34676.15000
   1150     -55201.52000
   1151     -60720.26000
   1152     -47924.02000
   1153     -25163.87000
   1154     -11472.12000
   1155     -15815.94000
   1156     -23816.21000
   1157     -19998.73000
   1158     -10469.42000
   1159     -10116.17000
   1160     -22576.32000
   1161     -43137.51000
   1162     -64522.89000
   1163     -72358.01000
   1164     -54635.92000
   1165     -23808.27000
   1166      -9637.89700
   1167     -20801.22000
   1168     -33631.20000
   1169     -29077.53000
   1170     -18762.47000
   1171     -20589.79000
   1172     -28357.25000
   1173     -22723.26000
   1174       -351.16700
   1175      21561.98000
   1176      24831.38000
   1177       7471.79400
   1178     -15857.24000
   1179     -25394.45000
   1180      -9940.73400
   1181      21835.02000
   1182      40995.33000
   1183      23080.80000
   1184     -19664.23000
   1185     -48414.41000
   1186     -47265.54000
   1187     -39332.36000
   1188     -45372.72000
   1189     -53958.48000
   1190     -44150.30000
   1191     -15581.78000
   1192      12790.94000
   1193      20397.61000
   1194       1789.95500
   1195     -25763.08000
   1196     -38806.47000
   1197     -34578.68000
   1198     -28108.04000
   1199     -25370.84000
   1200     -20084.59000
   1201     -14341.38000
   1202     -18492.30000
   1203     -30459.57000
   1204     -36302.52000
   1205     -33142.46000
   1206     -32967.31000
   1207     -38644.54000
   1208     -32892.75000
   1209      -4572.01400
   1210      24403.80000
   1211      20832.14000
   1212     -12017.13000
   1213     -34838.13000
   1214     -26368.62000
   1215      -7769.83600
   1216      -3614.17200
   1217     -10107.56000
   1218     -14886.25000
   1219     -18018.38000
   1220     -19640.06000
   1221     -13213.71000
   1222      -2022.29100
   1223       -598.52730
   1224     -12448.39000
   1225     -23583.55000
   1226     -22802.75000
   1227     -16521.55000
   1228     -19875.84000
   1229     -37208.48000
   1230     -54708.81000
   1231     -56820.06000
   1232     -47058.35000
   1233     -40508.68000
   1234     -39639.51000
   1235     -37265.15000
