      1     -38164.16000
      2     -21835.48000
      3     -16771.53000
      4     -23684.46000
      5     -20000.66000
      6      -1699.22700
      7       4494.32000
      8     -13816.21000
      9     -29347.35000
     10     -16285.50000
     11      10011.07000
     12      16968.98000
     13      -1233.93000
     14     -23640.27000
     15     -33376.02000
     16     -32176.05000
     17     -29445.34000
     18     -27175.18000
     19     -19973.16000
     20     -10331.12000
     21     -13808.58000
     22     -36447.07000
     23     -56839.36000
     24     -51016.98000
     25     -26597.83000
     26     -10069.43000
     27     -10356.61000
     28     -18015.49000
     29     -27472.74000
     30     -35647.85000
     31     -32041.87000
     32     -12898.52000
     33       5863.11700
     34       6251.56200
     35     -10769.20000
     36     -28389.81000
     37     -28624.55000
     38      -6505.49200
     39      19924.24000
     40      23038.74000
     41       -923.71090
     42     -25502.98000
     43     -28260.88000
     44     -15249.09000
     45      -7350.57800
     46     -18002.14000
     47     -43085.84000
     48     -59019.58000
     49     -40608.27000
     50       4978.29700
     51      37633.65000
     52      32460.88000
     53       8427.71100
     54      -5504.62500
     55      -7372.18000
     56      -8574.64100
     57     -10209.95000
     58     -11877.39000
     59     -19071.95000
     60     -26713.48000
     61     -20618.03000
     62      -5711.50800
     63      -4829.17200
     64     -22662.07000
     65     -40191.52000
     66     -48812.58000
     67     -60849.36000
     68     -81428.11000
     69     -93708.70000
     70     -78567.12000
     71     -37816.52000
     72       4828.26600
     73      24915.95000
     74      20703.67000
     75      11339.26000
     76       9820.45300
     77       7127.42200
     78     -11789.75000
     79     -43101.66000
     80     -62148.93000
     81     -50691.19000
     82     -23705.88000
     83     -14685.81000
     84     -30242.30000
     85     -41497.53000
     86     -29642.63000
     87     -11817.40000
     88      -7409.21900
     89      -6773.00000
     90       8258.00000
     91      33731.13000
     92      48174.73000
     93      35609.95000
     94      -1579.92200
     95     -43361.48000
     96     -66894.32000
     97     -67977.21000
     98     -60957.35000
     99     -53236.91000
    100     -36327.27000
    101     -11043.98000
    102       1663.18000
    103      -7552.68800
    104     -17376.82000
    105     -10784.74000
    106      -5897.41400
    107     -25454.55000
    108     -56282.83000
    109     -66207.23000
    110     -46153.88000
    111     -15268.81000
    112       3161.82800
    113      -1084.60900
    114     -20560.34000
    115     -38218.45000
    116     -46329.83000
    117     -51344.33000
    118     -55986.36000
    119     -50579.61000
    120     -28159.45000
    121       3289.03100
    122      25536.97000
    123      23305.33000
    124        713.06250
    125     -16812.92000
    126     -13852.08000
    127     -10962.28000
    128     -34132.44000
    129     -68178.66000
    130     -72054.92000
    131     -34924.12000
    132      11829.30000
    133      35674.48000
    134      34590.34000
    135      28506.73000
    136      32125.12000
    137      39093.70000
    138      32214.47000
    139       7627.10900
    140     -19886.75000
    141     -36406.80000
    142     -40275.97000
    143     -33365.67000
    144     -18203.89000
    145      -5125.89100
    146      -4326.75000
    147     -10819.59000
    148     -12482.62000
    149      -8722.50000
    150      -7325.50000
    151     -10371.00000
    152     -14720.80000
    153     -19387.98000
    154     -25426.98000
    155     -31623.25000
    156     -31865.02000
    157     -21694.64000
    158     -13179.17000
    159     -27065.17000
    160     -55982.41000
    161     -61796.34000
    162     -31067.89000
    163      -1190.32800
    164      -5776.37500
    165     -26714.86000
    166     -25940.39000
    167       1926.20300
    168      29604.80000
    169      33717.12000
    170      18210.39000
    171       5003.32800
    172       4108.59400
    173        547.89060
    174     -20303.38000
    175     -45765.50000
    176     -50840.39000
    177     -32341.08000
    178     -11317.52000
    179      -6664.07800
    180     -20804.31000
    181     -47567.59000
    182     -78357.52000
    183     -99828.81000
    184     -98537.23000
    185     -71722.75000
    186     -28951.86000
    187      12965.98000
    188      33992.84000
    189      23148.94000
    190      -5808.18800
    191     -22357.66000
    192      -8835.09400
    193      22893.39000
    194      42072.95000
    195      26170.94000
    196     -13135.36000
    197     -38752.59000
    198     -36776.11000
    199     -35324.19000
    200     -53782.70000
    201     -67162.70000
    202     -53181.27000
    203     -36643.48000
    204     -48142.22000
    205     -72680.78000
    206     -76637.48000
    207     -57159.45000
    208     -35336.19000
    209     -24423.62000
    210     -24248.86000
    211     -25989.02000
    212     -14325.78000
    213      13634.23000
    214      34396.27000
    215      28057.47000
    216      13025.88000
    217      20720.45000
    218      45101.67000
    219      49559.14000
    220      19140.31000
    221     -21236.56000
    222     -40408.00000
    223     -33411.38000
    224     -16638.31000
    225      -2147.95300
    226      12007.94000
    227      24939.84000
    228      23619.86000
    229       5397.90600
    230      -6981.60900
    231       3454.48400
    232      17505.27000
    233       8548.84400
    234     -13848.05000
    235     -18798.66000
    236        566.62500
    237      24223.44000
    238      36262.42000
    239      35951.34000
    240      26238.14000
    241       7810.29700
    242     -18193.97000
    243     -45638.78000
    244     -59914.77000
    245     -47653.61000
    246     -15528.91000
    247      12676.27000
    248      22831.72000
    249      20620.78000
    250      13708.64000
    251       2026.23400
    252     -10878.48000
    253     -13806.80000
    254      -2685.70300
    255      10766.44000
    256      12052.92000
    257        203.60940
    258     -14117.08000
    259     -22590.42000
    260     -25473.77000
    261     -27571.66000
    262     -33119.20000
    263     -41621.77000
    264     -46295.84000
    265     -40213.55000
    266     -22915.08000
    267        754.37500
    268      21808.33000
    269      28246.52000
    270      16382.47000
    271      -2333.71900
    272     -16657.44000
    273     -26608.53000
    274     -30516.95000
    275     -21741.78000
    276      -6102.42200
    277       1664.45300
    278       1338.70300
    279       2310.95300
    280       2639.07800
    281      -1995.06200
    282      -3470.40600
    283       2717.32800
    284       6426.54700
    285       3002.50000
    286       -337.15620
    287      -5978.75000
    288     -24808.67000
    289     -49288.83000
    290     -56603.62000
    291     -42010.98000
    292     -23773.00000
    293     -14797.53000
    294     -12491.38000
    295     -14827.52000
    296     -22300.95000
    297     -25953.94000
    298     -18321.38000
    299     -13084.97000
    300     -25903.12000
    301     -40499.58000
    302     -28048.27000
    303       2738.68800
    304      11909.39000
    305     -14368.41000
    306     -46679.12000
    307     -55660.73000
    308     -44174.77000
    309     -31219.98000
    310     -23901.06000
    311     -15413.77000
    312      -3960.59400
    313      -2176.79700
    314     -20365.09000
    315     -46589.81000
    316     -57376.30000
    317     -46743.27000
    318     -31274.70000
    319     -25723.75000
    320     -25792.31000
    321     -18785.97000
    322      -2932.96900
    323      10786.23000
    324      11387.20000
    325      -5237.04700
    326     -35641.88000
    327     -63742.27000
    328     -65761.38000
    329     -37532.56000
    330      -7179.53100
    331      -2081.71900
    332     -14709.23000
    333     -20142.47000
    334     -15309.12000
    335     -18705.83000
    336     -35721.50000
    337     -43654.61000
    338     -19187.39000
    339      26885.38000
    340      56338.12000
    341      48618.06000
    342      25933.22000
    343      22087.70000
    344      37088.19000
    345      40507.80000
    346      17595.09000
    347      -8692.81200
    348     -11742.03000
    349        679.59380
    350       1881.95300
    351     -12135.62000
    352     -20083.53000
    353      -9001.56200
    354       9219.98400
    355      14530.47000
    356       1957.71900
    357     -13117.28000
    358     -14737.56000
    359      -9933.21900
    360     -17677.38000
    361     -34682.59000
    362     -37330.42000
    363     -20550.16000
    364      -5385.35900
    365      -3086.87500
    366      -1131.48400
    367      10140.72000
    368      23311.56000
    369      30986.06000
    370      34885.39000
    371      34211.75000
    372      24393.44000
    373      10014.38000
    374        513.15620
    375      -9124.87500
    376     -31542.25000
    377     -56929.44000
    378     -57048.72000
    379     -29531.75000
    380      -8729.07800
    381     -14760.52000
    382     -20859.55000
    383       3876.51600
    384      43225.14000
    385      55561.84000
    386      31684.06000
    387        814.62500
    388     -14021.55000
    389     -17729.75000
    390     -19808.92000
    391     -16495.17000
    392      -4605.65600
    393       7398.82800
    394      13169.12000
    395      18063.45000
    396      26269.94000
    397      32106.61000
    398      29885.02000
    399      20061.97000
    400       4259.79700
    401     -13038.84000
    402     -21756.80000
    403     -19073.69000
    404     -17125.17000
    405     -25121.31000
    406     -35500.42000
    407     -38937.23000
    408     -37038.98000
    409     -31260.92000
    410     -18187.44000
    411      -3801.09400
    412      -2991.29700
    413     -17659.47000
    414     -30298.88000
    415     -22860.66000
    416       5356.06200
    417      34199.55000
    418      34633.36000
    419      -1966.18800
    420     -46147.95000
    421     -61223.55000
    422     -47787.83000
    423     -33150.06000
    424     -25347.50000
    425     -11820.11000
    426       2324.10900
    427      -6586.76600
    428     -40546.06000
    429     -69811.70000
    430     -70146.39000
    431     -48710.61000
    432     -26387.08000
    433     -10292.62000
    434       5480.10900
    435      21160.39000
    436      29461.44000
    437      30498.53000
    438      31426.84000
    439      30728.62000
    440      22188.47000
    441      12491.50000
    442      11578.94000
    443       9727.70300
    444      -8258.48400
    445     -31748.14000
    446     -36174.09000
    447     -19266.25000
    448       1475.70300
    449      17664.33000
    450      29762.22000
    451      29778.67000
    452      11213.48000
    453     -12955.52000
    454     -24466.66000
    455     -22555.50000
    456     -14517.81000
    457       2567.28100
    458      30478.25000
    459      52122.31000
    460      46619.41000
    461      17800.84000
    462      -7900.57800
    463     -10240.25000
    464       7471.31200
    465      28097.20000
    466      39219.92000
    467      40202.02000
    468      36697.19000
    469      34037.66000
    470      33852.45000
    471      31790.89000
    472      21734.47000
    473       7111.65600
    474       1903.95300
    475      13567.02000
    476      32314.86000
    477      43109.78000
    478      39847.81000
    479      26256.55000
    480      13929.44000
    481      16859.25000
    482      33717.31000
    483      44180.66000
    484      39014.98000
    485      35844.72000
    486      44459.22000
    487      43869.30000
    488      22337.98000
    489       6745.51600
    490      18864.41000
    491      39124.03000
    492      47098.73000
    493      56576.08000
    494      76883.53000
    495      83414.69000
    496      58751.77000
    497      23896.52000
    498       5060.35900
    499       5326.09400
    500      20086.00000
    501      44704.98000
    502      63478.03000
    503      63664.75000
    504      58016.41000
    505      65177.03000
    506      76307.97000
    507      67503.00000
    508      38657.22000
    509      17220.52000
    510      23027.64000
    511      43996.36000
    512      53155.61000
    513      45248.03000
    514      43803.77000
    515      65756.73000
    516      94025.78000
    517     101939.60000
    518      93401.17000
    519      95449.45000
    520     116847.80000
    521     138327.00000
    522     144595.40000
    523     142735.80000
    524     142769.00000
    525     139644.20000
    526     127094.20000
    527     116223.60000
    528     124601.60000
    529     152421.20000
    530     183034.20000
    531     206659.50000
    532     230405.50000
    533     260755.10000
    534     287418.80000
    535     294404.70000
    536     283214.70000
    537     275821.80000
    538     294971.60000
    539     345215.00000
    540     411920.90000
    541     475838.20000
    542     527693.30000
    543     569966.90000
    544     610152.40000
    545     659134.70000
    546     728925.10000
    547     822547.80000
    548     935178.50000
    549    1073295.00000
    550    1258580.00000
    551    1504699.00000
    552    1811745.00000
    553    2196567.00000
    554    2714866.00000
    555    3432500.00000
    556    4348278.00000
    557    5313466.00000
    558    6044630.00000
    559    6280491.00000
    560    5958986.00000
    561    5235539.00000
    562    4349653.00000
    563    3497968.00000
    564    2790511.00000
    565    2254832.00000
    566    1864006.00000
    567    1580153.00000
    568    1377707.00000
    569    1235738.00000
    570    1129288.00000
    571    1034811.00000
    572     938356.90000
    573     838780.10000
    574     741823.60000
    575     649169.40000
    576     560405.60000
    577     482453.60000
    578     422221.10000
    579     373891.60000
    580     329309.80000
    581     292340.30000
    582     269952.70000
    583     261859.80000
    584     266142.50000
    585     276869.50000
    586     275604.30000
    587     250429.50000
    588     220315.30000
    589     212173.50000
    590     218786.50000
    591     209642.90000
    592     177767.60000
    593     145008.10000
    594     126346.90000
    595     120100.10000
    596     129505.50000
    597     160049.60000
    598     193008.20000
    599     194550.20000
    600     160621.10000
    601     126446.60000
    602     121149.40000
    603     135666.00000
    604     145295.40000
    605     142190.30000
    606     132855.60000
    607     120236.00000
    608     102671.10000
    609      82728.02000
    610      67423.77000
    611      62302.09000
    612      68622.91000
    613      83113.73000
    614      98520.53000
    615     107734.90000
    616     109895.40000
    617     110211.80000
    618     112117.20000
    619     113236.60000
    620     111852.30000
    621     112035.80000
    622     116519.60000
    623     118672.10000
    624     108959.80000
    625      87842.34000
    626      66293.08000
    627      53892.02000
    628      50709.55000
    629      51629.27000
    630      55789.52000
    631      68219.55000
    632      90288.55000
    633     112283.40000
    634     121952.80000
    635     117983.00000
    636     106118.80000
    637      86206.38000
    638      58316.56000
    639      37581.58000
    640      39968.62000
    641      52895.53000
    642      46187.27000
    643      16610.55000
    644      -4824.67200
    645       2632.60900
    646      21084.91000
    647      20621.58000
    648      -1163.85900
    649     -17632.80000
    650      -6878.48400
    651      20551.12000
    652      33400.94000
    653      17647.88000
    654      -7929.64100
    655     -17197.77000
    656      -5748.29700
    657      11643.94000
    658      22671.38000
    659      28026.17000
    660      33539.69000
    661      39430.31000
    662      41229.41000
    663      37907.52000
    664      33413.25000
    665      32373.52000
    666      38805.34000
    667      53980.61000
    668      72168.30000
    669      86439.50000
    670      99990.89000
    671     120502.40000
    672     142963.40000
    673     150036.00000
    674     130999.70000
    675      93648.08000
    676      57850.05000
    677      39958.05000
    678      41302.39000
    679      50272.83000
    680      55229.05000
    681      55479.09000
    682      61685.06000
    683      82624.69000
    684     107292.30000
    685     110140.60000
    686      84717.66000
    687      57615.86000
    688      53822.42000
    689      64754.23000
    690      67704.14000
    691      60611.55000
    692      57939.20000
    693      61514.36000
    694      54823.69000
    695      29369.03000
    696       2858.46900
    697      -3130.09400
    698       4022.26600
    699      -1241.56200
    700     -22928.56000
    701     -39154.12000
    702     -34727.00000
    703     -14801.22000
    704       9427.56200
    705      28899.88000
    706      37458.78000
    707      38735.80000
    708      43189.94000
    709      51169.02000
    710      51931.55000
    711      43184.05000
    712      35517.73000
    713      34271.86000
    714      35132.53000
    715      41792.08000
    716      65959.42000
    717      99163.00000
    718     107158.60000
    719      71852.47000
    720      24115.02000
    721      14640.52000
    722      57320.81000
    723     115453.40000
    724     144357.60000
    725     138729.10000
    726     128945.40000
    727     134160.70000
    728     140100.30000
    729     130699.80000
    730     115490.30000
    731     110308.70000
    732     113645.40000
    733     113605.80000
    734      98888.58000
    735      62005.12000
    736      12403.81000
    737     -20195.59000
    738     -16112.12000
    739      10793.53000
    740      36340.12000
    741      57712.25000
    742      82596.58000
    743      99122.78000
    744      83564.12000
    745      40465.42000
    746       7499.18800
    747       5038.51600
    748       9349.00000
    749       -888.87500
    750      -5691.59400
    751      15937.70000
    752      42462.97000
    753      43974.81000
    754      28188.14000
    755      19339.12000
    756      19190.77000
    757      15966.33000
    758      10878.27000
    759      15647.20000
    760      32026.88000
    761      42871.69000
    762      27461.28000
    763      -9836.90600
    764     -35893.45000
    765     -27257.31000
    766       -149.00000
    767      15548.56000
    768      17924.95000
    769      24697.70000
    770      34222.33000
    771      26051.45000
    772        451.37500
    773     -15064.72000
    774      -9004.01600
    775      -4144.25000
    776     -15847.50000
    777     -24514.86000
    778     -12173.27000
    779       5105.04700
    780       7850.96900
    781       6790.25000
    782      17488.28000
    783      26769.81000
    784      13922.92000
    785     -13040.84000
    786     -28894.69000
    787     -25800.58000
    788     -14790.17000
    789      -5513.65600
    790      -3714.15600
    791     -13971.42000
    792     -26843.86000
    793     -20828.91000
    794       5782.87500
    795      25069.47000
    796      16885.89000
    797      -4580.28100
    798     -14220.70000
    799      -8521.98400
    800      -5282.67200
    801     -19272.14000
    802     -41709.95000
    803     -48116.16000
    804     -32081.59000
    805     -16799.41000
    806     -20677.02000
    807     -31994.56000
    808     -32208.72000
    809     -21784.09000
    810     -10991.80000
    811      -5905.03100
    812      -8820.92200
    813     -16545.17000
    814     -20056.61000
    815     -15170.14000
    816      -5658.84400
    817       5336.67200
    818      14893.89000
    819      16241.16000
    820       8070.81200
    821        384.95310
    822       2126.03100
    823      12314.52000
    824      25791.19000
    825      36838.59000
    826      39180.94000
    827      31664.78000
    828      18105.00000
    829      -2899.93800
    830     -34652.70000
    831     -65571.39000
    832     -74167.44000
    833     -56397.89000
    834     -30639.95000
    835     -11647.02000
    836       2382.35900
    837      14657.17000
    838      20897.44000
    839      19382.80000
    840      13959.95000
    841       4411.75000
    842     -13667.45000
    843     -37882.92000
    844     -57642.59000
    845     -65459.92000
    846     -62230.06000
    847     -47912.47000
    848     -15933.17000
    849      29368.78000
    850      56458.41000
    851      34868.69000
    852     -18075.52000
    853     -50312.00000
    854     -39712.53000
    855     -12169.38000
    856       4794.48400
    857       6608.07800
    858      -8807.85900
    859     -43275.36000
    860     -77629.83000
    861     -83698.34000
    862     -59336.39000
    863     -29532.72000
    864     -15533.03000
    865     -16750.62000
    866     -18714.42000
    867     -10862.58000
    868       2060.10900
    869       5899.84400
    870      -6163.31200
    871     -25914.08000
    872     -36684.25000
    873     -24963.47000
    874       7092.34400
    875      37233.41000
    876      40945.39000
    877      18321.03000
    878      -5327.06200
    879      -9676.10900
    880      -2074.14100
    881      -4692.82800
    882     -25048.94000
    883     -46806.12000
    884     -47702.78000
    885     -20822.19000
    886      18603.67000
    887      42971.16000
    888      35532.33000
    889       8882.39100
    890      -8188.67200
    891      -4281.20300
    892       5955.00000
    893       4884.25000
    894     -11648.50000
    895     -37066.69000
    896     -56769.78000
    897     -53983.28000
    898     -29019.11000
    899      -6113.40600
    900      -6159.20300
    901     -19622.23000
    902     -21745.33000
    903      -9083.95300
    904      -2835.87500
    905     -14201.30000
    906     -25430.17000
    907     -16032.97000
    908       7388.06200
    909      23030.16000
    910      23757.95000
    911      17839.67000
    912      10691.92000
    913       3933.70300
    914       2842.03100
    915       7218.73400
    916       4225.34400
    917     -14110.72000
    918     -36143.59000
    919     -45625.53000
    920     -41459.50000
    921     -34668.06000
    922     -34659.92000
    923     -39489.95000
    924     -34234.77000
    925     -10063.39000
    926      12641.30000
    927       5642.03100
    928     -20395.38000
    929     -27829.86000
    930     -12654.11000
    931      -8427.56200
    932     -27708.70000
    933     -45786.53000
    934     -44190.38000
    935     -29250.05000
    936      -9838.32800
    937       8197.84400
    938      10348.00000
    939     -13276.94000
    940     -45221.31000
    941     -54427.34000
    942     -33253.53000
    943      -4399.25000
    944       9842.53100
    945       8896.64100
    946       2312.95300
    947      -4453.01600
    948      -7288.51600
    949      -3322.71900
    950       2807.42200
    951       5360.31200
    952       4738.00000
    953      -1574.00000
    954     -19013.95000
    955     -37825.47000
    956     -38157.64000
    957     -20314.45000
    958      -4728.98400
    959       -839.14060
    960      -1942.04700
    961      -7222.65600
    962     -22185.11000
    963     -39337.45000
    964     -39920.02000
    965     -16885.72000
    966      15389.97000
    967      36225.88000
    968      36369.27000
    969      19094.86000
    970      -7071.93800
    971     -29272.78000
    972     -32658.14000
    973     -13232.05000
    974      14822.14000
    975      30042.28000
    976      21646.59000
    977        916.62500
    978      -5614.54700
    979      12987.92000
    980      31887.55000
    981      22197.66000
    982      -5617.09400
    983     -17756.34000
    984      -5958.90600
    985       9278.96900
    986      13711.72000
    987      11471.73000
    988      10085.06000
    989      11295.23000
    990      12228.00000
    991       8679.51600
    992       1383.67200
    993      -2322.75000
    994        514.84380
    995       -569.04690
    996     -16429.39000
    997     -36027.47000
    998     -33393.86000
    999      -5040.53100
   1000      18270.67000
   1001      11191.50000
   1002     -15338.41000
   1003     -36665.16000
   1004     -43153.27000
   1005     -34387.11000
   1006     -12094.12000
   1007      10880.72000
   1008      18435.59000
   1009      12423.61000
   1010       8417.79700
   1011      12826.00000
   1012      17177.59000
   1013      11416.48000
   1014      -4323.42200
   1015     -19846.17000
   1016     -25161.59000
   1017     -17599.45000
   1018        178.14060
   1019      18392.17000
   1020      18920.36000
   1021      -4711.96900
   1022     -30383.25000
   1023     -33452.83000
   1024     -21161.64000
   1025     -17581.22000
   1026     -26636.58000
   1027     -32427.36000
   1028     -25297.75000
   1029     -11294.69000
   1030       -885.46880
   1031       5487.03100
   1032      16927.94000
   1033      32026.38000
   1034      32530.47000
   1035      13016.66000
   1036      -4559.43800
   1037      -6936.71900
   1038      -9843.18800
   1039     -20862.98000
   1040     -21012.55000
   1041      -4178.17200
   1042       7718.37500
   1043       4080.65600
   1044      -2349.90600
   1045      -8790.53100
   1046     -25581.80000
   1047     -46425.27000
   1048     -52141.70000
   1049     -40444.75000
   1050     -27390.53000
   1051     -26110.81000
   1052     -35540.77000
   1053     -41959.25000
   1054     -32526.55000
   1055     -13255.31000
   1056      -2140.96900
   1057      -3713.81200
   1058      -8909.40600
   1059     -14549.44000
   1060     -20797.41000
   1061     -20802.81000
   1062     -13976.62000
   1063     -13428.75000
   1064     -23899.95000
   1065     -30959.44000
   1066     -23112.53000
   1067      -7374.43800
   1068       1209.56200
   1069      -7086.78100
   1070     -29175.69000
   1071     -46352.22000
   1072     -39399.80000
   1073     -11416.88000
   1074      17051.69000
   1075      33650.19000
   1076      39272.56000
   1077      34026.19000
   1078      17046.62000
   1079      -5366.40600
   1080     -25820.28000
   1081     -42179.94000
   1082     -50584.38000
   1083     -45844.97000
   1084     -33202.14000
   1085     -23641.16000
   1086     -17211.28000
   1087      -7155.53100
   1088       4413.65600
   1089      10204.31000
   1090       8654.00000
   1091         52.06250
   1092     -15586.69000
   1093     -30680.16000
   1094     -35334.88000
   1095     -31174.03000
   1096     -25364.88000
   1097     -17245.22000
   1098      -5427.25000
   1099       3290.34400
   1100       3829.09400
   1101      -2830.96900
   1102     -19674.50000
   1103     -46474.09000
   1104     -63740.84000
   1105     -53348.20000
   1106     -32318.64000
   1107     -31947.84000
   1108     -47230.34000
   1109     -45218.36000
   1110     -20673.55000
   1111      -4141.12500
   1112     -14166.88000
   1113     -35559.23000
   1114     -46967.78000
   1115     -43608.88000
   1116     -31936.98000
   1117     -20129.95000
   1118     -13905.12000
   1119     -12569.91000
   1120     -10754.09000
   1121      -5587.25000
   1122       2089.87500
   1123      11257.91000
   1124      20152.00000
   1125      24017.72000
   1126      17344.00000
   1127        290.81250
   1128     -16844.98000
   1129     -20887.19000
   1130     -12331.94000
   1131      -7150.18800
   1132     -16173.41000
   1133     -31986.38000
   1134     -40427.48000
   1135     -33857.56000
   1136     -13784.22000
   1137       6233.90600
   1138       6830.34400
   1139     -13368.81000
   1140     -31564.78000
   1141     -31834.64000
   1142     -24865.31000
   1143     -24265.55000
   1144     -25086.84000
   1145     -19281.42000
   1146     -13042.88000
   1147     -16701.56000
   1148     -29712.69000
   1149     -41685.12000
   1150     -43688.89000
   1151     -39334.83000
   1152     -40932.31000
   1153     -47366.47000
   1154     -38401.28000
   1155      -7061.96900
   1156      20078.50000
   1157      17683.69000
   1158      -1647.34400
   1159     -10443.09000
   1160      -6888.53100
   1161      -6059.31200
   1162      -9232.28100
   1163      -9724.62500
   1164     -14219.47000
   1165     -29260.06000
   1166     -37361.84000
   1167     -17065.06000
   1168      17961.28000
   1169      30554.81000
   1170      11520.38000
   1171     -10638.50000
   1172     -15055.34000
   1173     -12935.19000
   1174     -18481.81000
   1175     -24342.12000
   1176     -19704.28000
   1177     -11326.47000
   1178     -11494.78000
   1179     -17404.47000
   1180     -16617.66000
   1181      -8479.71900
   1182      -6995.00000
   1183     -19730.47000
   1184     -35165.53000
   1185     -38129.06000
   1186     -28536.25000
   1187     -18583.22000
   1188     -19026.12000
   1189     -29352.91000
   1190     -34753.62000
   1191     -20904.06000
   1192       2277.09400
   1193      10296.91000
   1194       2243.71900
   1195        220.25000
   1196       6737.18800
   1197       -412.68750
   1198     -27003.34000
   1199     -53133.66000
   1200     -65374.50000
   1201     -65085.16000
   1202     -50319.19000
   1203     -18672.34000
   1204      19353.75000
   1205      48631.19000
   1206      60540.88000
   1207      50330.91000
   1208      22614.66000
   1209       -566.25000
   1210      -1256.96900
   1211       8668.50000
   1212       8248.31200
   1213       3576.87500
   1214      11571.50000
   1215      19421.31000
   1216       -289.62500
   1217     -39333.55000
   1218     -59652.97000
   1219     -50091.03000
   1220     -38820.16000
   1221     -44535.62000
   1222     -49819.83000
   1223     -32932.81000
   1224       -174.18750
   1225      25076.62000
   1226      30393.59000
   1227      21841.56000
   1228      10238.81000
   1229       -873.53120
   1230     -10956.84000
   1231     -13485.28000
   1232      -3270.87500
   1233       8256.40600
   1234        270.03120
   1235     -30224.06000
