      1       8272.46900
      2     -17411.75000
      3     -37103.31000
      4     -37463.47000
      5     -21019.56000
      6      -5623.12500
      7      -7849.28100
      8     -28712.97000
      9     -52542.69000
     10     -60127.28000
     11     -47172.56000
     12     -26704.75000
     13     -10833.22000
     14       -641.28120
     15       1419.34400
     16     -14702.41000
     17     -49575.38000
     18     -83180.41000
     19     -94086.53000
     20     -82811.72000
     21     -64964.03000
     22     -48193.84000
     23     -30034.53000
     24     -13447.28000
     25      -6433.46900
     26      -8505.03100
     27     -13508.75000
     28     -20362.88000
     29     -26498.81000
     30     -22623.88000
     31      -9026.68800
     32       -188.25000
     33       -629.06250
     34       3315.75000
     35      17568.31000
     36      27826.28000
     37      20149.25000
     38      -3114.90600
     39     -30022.50000
     40     -49091.91000
     41     -53755.69000
     42     -45308.16000
     43     -31593.09000
     44     -21565.38000
     45     -19701.09000
     46     -22998.53000
     47     -27320.09000
     48     -37988.19000
     49     -62224.06000
     50     -87998.72000
     51     -89302.53000
     52     -60034.59000
     53     -26307.94000
     54     -18940.44000
     55     -44752.62000
     56     -84670.84000
     57    -109624.10000
     58    -102174.70000
     59     -71292.72000
     60     -42499.91000
     61     -30948.53000
     62     -32234.16000
     63     -37931.06000
     64     -44882.59000
     65     -48063.28000
     66     -41770.38000
     67     -32658.97000
     68     -34996.22000
     69     -47966.09000
     70     -53815.38000
     71     -43955.53000
     72     -30953.22000
     73     -28195.00000
     74     -33205.69000
     75     -37521.72000
     76     -37851.53000
     77     -30957.41000
     78     -14624.97000
     79       -961.12500
     80      -8417.31200
     81     -31930.66000
     82     -43007.56000
     83     -28782.59000
     84      -8273.31200
     85      -2706.84400
     86     -11671.19000
     87     -22540.91000
     88     -27290.56000
     89     -31184.06000
     90     -49699.03000
     91     -83415.28000
     92    -101777.60000
     93     -78895.53000
     94     -36031.31000
     95     -16172.16000
     96     -30040.25000
     97     -56814.56000
     98     -76073.62000
     99     -72701.81000
    100     -38706.31000
    101       5641.53100
    102      21608.31000
    103        542.18750
    104     -26005.31000
    105     -34555.25000
    106     -37362.12000
    107     -51507.31000
    108     -68709.31000
    109     -70086.66000
    110     -53532.09000
    111     -34149.59000
    112     -25128.22000
    113     -25664.47000
    114     -25086.94000
    115     -15957.91000
    116      -3236.46900
    117        239.28120
    118     -11435.88000
    119     -29180.53000
    120     -40205.72000
    121     -43643.50000
    122     -45279.62000
    123     -41122.38000
    124     -24638.38000
    125      -7983.03100
    126     -12187.97000
    127     -35981.53000
    128     -58090.53000
    129     -67432.00000
    130     -67574.53000
    131     -59143.94000
    132     -39966.88000
    133     -15019.47000
    134       7438.93800
    135      20539.38000
    136      17893.53000
    137       1372.28100
    138     -15866.53000
    139     -25485.72000
    140     -31232.09000
    141     -34684.34000
    142     -34440.38000
    143     -40955.62000
    144     -64288.84000
    145     -87867.16000
    146     -86478.03000
    147     -68355.22000
    148     -63021.44000
    149     -70301.03000
    150     -63016.62000
    151     -39820.31000
    152     -29538.72000
    153     -39870.06000
    154     -47212.94000
    155     -42200.75000
    156     -43789.00000
    157     -61150.47000
    158     -73731.06000
    159     -57372.16000
    160     -15317.28000
    161      21230.12000
    162      24233.59000
    163      -1211.78100
    164     -28091.44000
    165     -41404.91000
    166     -40762.75000
    167     -25074.41000
    168      -3297.59400
    169        421.28120
    170     -20246.56000
    171     -39836.53000
    172     -38197.41000
    173     -23053.94000
    174      -9266.46900
    175      -5352.81200
    176     -16423.66000
    177     -35904.72000
    178     -46696.72000
    179     -44809.78000
    180     -41531.50000
    181     -39844.94000
    182     -34286.94000
    183     -29111.59000
    184     -32007.00000
    185     -39811.44000
    186     -46852.47000
    187     -51600.47000
    188     -48353.53000
    189     -33216.34000
    190     -20162.47000
    191     -29217.41000
    192     -56926.19000
    193     -73643.50000
    194     -53592.62000
    195      -6357.46900
    196      25254.91000
    197      11244.56000
    198     -25250.25000
    199     -38514.75000
    200     -25639.56000
    201     -23361.69000
    202     -43345.59000
    203     -56479.72000
    204     -45688.00000
    205     -31834.28000
    206     -38135.75000
    207     -59124.84000
    208     -73123.62000
    209     -67143.62000
    210     -45831.97000
    211     -26231.78000
    212     -23457.81000
    213     -35780.44000
    214     -45911.12000
    215     -40811.56000
    216     -25449.28000
    217     -12807.19000
    218      -8333.71900
    219     -11448.66000
    220     -22565.69000
    221     -37016.22000
    222     -40893.72000
    223     -25184.31000
    224        357.53120
    225      13808.25000
    226        886.18750
    227     -29140.16000
    228     -47787.72000
    229     -37594.66000
    230     -13847.56000
    231      -1418.78100
    232      -1187.62500
    233        -55.59375
    234        410.40620
    235     -10441.25000
    236     -31129.91000
    237     -50859.00000
    238     -62838.72000
    239     -66298.22000
    240     -66238.88000
    241     -69887.91000
    242     -72506.00000
    243     -56669.75000
    244     -18901.47000
    245      14975.84000
    246      16278.84000
    247     -13035.97000
    248     -44132.56000
    249     -52495.25000
    250     -38840.47000
    251     -23712.94000
    252     -25180.00000
    253     -39358.97000
    254     -45562.03000
    255     -33548.84000
    256     -17052.69000
    257     -14405.94000
    258     -27222.31000
    259     -45893.00000
    260     -62860.62000
    261     -72418.50000
    262     -68091.03000
    263     -47218.38000
    264     -15095.97000
    265      14846.75000
    266      29220.38000
    267      30636.88000
    268      35185.69000
    269      44762.19000
    270      40948.94000
    271      16811.44000
    272     -11719.00000
    273     -33943.47000
    274     -52415.94000
    275     -59464.03000
    276     -41163.66000
    277      -8859.84400
    278       5762.12500
    279      -8033.31200
    280     -27516.78000
    281     -29859.06000
    282     -20680.72000
    283     -20265.94000
    284     -31536.69000
    285     -37064.12000
    286     -27897.31000
    287     -17576.34000
    288     -20534.62000
    289     -32395.00000
    290     -40653.50000
    291     -43329.91000
    292     -48144.25000
    293     -58544.00000
    294     -65413.72000
    295     -54840.06000
    296     -26869.94000
    297      -2675.50000
    298      -4236.93800
    299     -29690.97000
    300     -59170.66000
    301     -80631.75000
    302     -95845.75000
    303    -102826.30000
    304     -90417.38000
    305     -56427.03000
    306     -18581.44000
    307       2417.12500
    308       5854.00000
    309       6432.56200
    310       7624.06200
    311      -5075.37500
    312     -35928.25000
    313     -62111.12000
    314     -61955.06000
    315     -42699.38000
    316     -22655.16000
    317      -5621.50000
    318       9107.31200
    319      12845.00000
    320       -451.56250
    321     -24789.22000
    322     -50925.19000
    323     -69126.88000
    324     -66809.38000
    325     -40778.06000
    326      -7048.37500
    327      14293.00000
    328      19497.50000
    329      18070.69000
    330      14285.12000
    331       1990.75000
    332     -19381.22000
    333     -33979.19000
    334     -27835.97000
    335     -11851.81000
    336     -10948.00000
    337     -33227.00000
    338     -62009.44000
    339     -74570.72000
    340     -61074.78000
    341     -30870.25000
    342      -3759.06200
    343       8672.75000
    344      10785.81000
    345       9325.81200
    346       1233.00000
    347     -17700.81000
    348     -40587.38000
    349     -54739.62000
    350     -54441.62000
    351     -41181.12000
    352     -17945.75000
    353       7402.93800
    354      20631.12000
    355      16112.62000
    356       6601.06200
    357       5979.81200
    358      11536.81000
    359      13173.31000
    360       8536.12500
    361       1405.37500
    362      -2196.37500
    363       6062.25000
    364      25979.75000
    365      39050.69000
    366      25846.56000
    367      -5975.31200
    368     -26359.19000
    369     -19705.94000
    370      -4306.87500
    371      -6449.43800
    372     -26062.25000
    373     -41758.16000
    374     -38994.75000
    375     -16927.00000
    376      18562.56000
    377      48681.19000
    378      46103.88000
    379       8663.75000
    380     -29167.69000
    381     -37492.06000
    382     -22961.31000
    383      -4909.93800
    384      12351.94000
    385      26306.88000
    386      23094.69000
    387      -1941.31200
    388     -31480.38000
    389     -49104.88000
    390     -54392.56000
    391     -45777.12000
    392     -15782.94000
    393      22653.06000
    394      35982.25000
    395      15693.75000
    396      -6196.06200
    397      -7430.62500
    398      -7565.56200
    399     -25140.94000
    400     -39526.47000
    401     -27567.75000
    402      -7354.00000
    403     -10409.19000
    404     -30740.56000
    405     -34113.12000
    406      -8696.81200
    407      18742.38000
    408      19758.00000
    409        683.31250
    410     -10525.12000
    411      -5303.81200
    412       1513.25000
    413       5824.87500
    414      17438.06000
    415      27183.69000
    416      13404.19000
    417     -13445.94000
    418     -19375.94000
    419      -3726.00000
    420       1603.68800
    421      -8505.75000
    422      -4869.25000
    423      18728.62000
    424      29394.31000
    425       8251.18800
    426     -19521.50000
    427     -25655.56000
    428     -20193.44000
    429     -27227.94000
    430     -40144.62000
    431     -32840.25000
    432      -6498.93800
    433       9176.43800
    434       1531.62500
    435      -8778.81200
    436       -567.56250
    437      22674.31000
    438      44604.31000
    439      54841.31000
    440      51460.50000
    441      36711.81000
    442      19700.69000
    443      18826.94000
    444      45590.00000
    445      79826.19000
    446      82812.69000
    447      51240.62000
    448      31179.62000
    449      55110.81000
    450      94660.19000
    451     104249.20000
    452      82179.19000
    453      59840.69000
    454      57402.56000
    455      73042.44000
    456      93682.62000
    457     102575.90000
    458      94267.00000
    459      82355.38000
    460      77161.19000
    461      70096.06000
    462      55872.62000
    463      47054.12000
    464      49387.12000
    465      49413.88000
    466      40639.00000
    467      36240.69000
    468      46612.75000
    469      67623.19000
    470      92083.69000
    471     111732.90000
    472     115082.60000
    473     102594.30000
    474      93732.00000
    475     102885.40000
    476     121211.20000
    477     133552.20000
    478     138349.70000
    479     142088.80000
    480     146741.90000
    481     150773.20000
    482     154134.60000
    483     157245.00000
    484     158720.80000
    485     156761.30000
    486     153073.40000
    487     153797.10000
    488     165259.70000
    489     188415.60000
    490     217257.00000
    491     241301.90000
    492     251639.10000
    493     248783.60000
    494     241775.40000
    495     238463.80000
    496     242597.90000
    497     259099.50000
    498     288786.70000
    499     320531.60000
    500     344540.20000
    501     368297.60000
    502     400684.20000
    503     430355.60000
    504     444032.90000
    505     454392.80000
    506     485561.90000
    507     540001.50000
    508     597678.10000
    509     637007.00000
    510     648362.40000
    511     644245.40000
    512     656291.90000
    513     702831.60000
    514     765038.70000
    515     814858.10000
    516     851986.10000
    517     892364.10000
    518     940605.90000
    519     995065.00000
    520    1064057.00000
    521    1158822.00000
    522    1281982.00000
    523    1432250.00000
    524    1613362.00000
    525    1830019.00000
    526    2078024.00000
    527    2347727.00000
    528    2639550.00000
    529    2967372.00000
    530    3345310.00000
    531    3792970.00000
    532    4364248.00000
    533    5176050.00000
    534    6427669.00000
    535    8330442.00000
    536    10825530.00000
    537    13274950.00000
    538    14644800.00000
    539    14257170.00000
    540    12357100.00000
    541    9840450.00000
    542    7517284.00000
    543    5721512.00000
    544    4437206.00000
    545    3539928.00000
    546    2910539.00000
    547    2466124.00000
    548    2157351.00000
    549    1943558.00000
    550    1782251.00000
    551    1641018.00000
    552    1498812.00000
    553    1340289.00000
    554    1164009.00000
    555     991375.70000
    556     852266.40000
    557     757441.40000
    558     688228.40000
    559     620588.10000
    560     558335.60000
    561     525315.90000
    562     520693.10000
    563     506694.40000
    564     457109.00000
    565     394355.70000
    566     355245.10000
    567     340029.40000
    568     323181.20000
    569     299411.90000
    570     285546.80000
    571     284788.90000
    572     281289.40000
    573     268275.10000
    574     255295.20000
    575     248115.50000
    576     241931.40000
    577     232197.10000
    578     217594.10000
    579     196416.40000
    580     171169.70000
    581     150506.40000
    582     137734.20000
    583     124801.40000
    584     107846.90000
    585     100811.10000
    586     117755.90000
    587     145853.80000
    588     155389.40000
    589     137645.10000
    590     112984.40000
    591     100103.90000
    592      99741.81000
    593     109944.00000
    594     130678.90000
    595     147657.80000
    596     138524.60000
    597     105518.00000
    598      80297.00000
    599      85022.88000
    600     104942.10000
    601     110131.20000
    602      92023.56000
    603      68353.44000
    604      59280.12000
    605      67340.62000
    606      78989.06000
    607      80272.69000
    608      69484.81000
    609      56410.12000
    610      52264.38000
    611      61129.75000
    612      79063.06000
    613      98856.00000
    614     113765.40000
    615     118146.20000
    616     110955.70000
    617      99066.44000
    618      87105.75000
    619      65680.12000
    620      27419.75000
    621      -7140.37500
    622      -5867.93800
    623      29648.38000
    624      60436.44000
    625      56921.69000
    626      30711.31000
    627      16551.25000
    628      34044.44000
    629      70189.00000
    630      98990.69000
    631     114293.60000
    632     128947.80000
    633     141732.30000
    634     131614.40000
    635      94573.06000
    636      60802.75000
    637      60713.88000
    638      89781.56000
    639     117606.90000
    640     122155.90000
    641     108239.50000
    642      97253.56000
    643     105677.90000
    644     135257.00000
    645     177458.60000
    646     218588.10000
    647     242650.40000
    648     238962.90000
    649     209646.20000
    650     166808.30000
    651     123534.00000
    652      89519.31000
    653      72046.94000
    654      74627.81000
    655      90349.56000
    656     100514.60000
    657      90355.75000
    658      67296.94000
    659      52072.50000
    660      50653.69000
    661      50339.50000
    662      45420.81000
    663      46955.44000
    664      60498.50000
    665      71596.62000
    666      62494.75000
    667      33215.44000
    668       2057.81200
    669      -8210.37500
    670      12745.06000
    671      50266.88000
    672      72423.94000
    673      62125.38000
    674      40141.38000
    675      42826.31000
    676      76271.25000
    677     108862.80000
    678     112074.30000
    679      88438.56000
    680      54681.75000
    681      22675.94000
    682       5302.00000
    683      14826.56000
    684      44709.38000
    685      71846.75000
    686      80618.31000
    687      71640.44000
    688      53372.69000
    689      37975.94000
    690      35219.94000
    691      40113.25000
    692      36355.88000
    693      18256.19000
    694        572.81250
    695       1639.68800
    696      22017.19000
    697      45890.94000
    698      61710.31000
    699      70497.75000
    700      72012.31000
    701      60196.56000
    702      40244.81000
    703      32054.44000
    704      46649.31000
    705      72255.62000
    706      89585.31000
    707      92026.44000
    708      87643.38000
    709      85617.69000
    710      86234.69000
    711      88012.62000
    712      93416.81000
    713      94545.19000
    714      72656.50000
    715      34276.50000
    716      21098.50000
    717      53035.50000
    718      90845.25000
    719      90371.06000
    720      64254.69000
    721      52163.06000
    722      56530.31000
    723      50581.94000
    724      33419.12000
    725      33201.81000
    726      59630.38000
    727      91435.94000
    728     111101.40000
    729     119275.20000
    730     116938.40000
    731     104044.40000
    732      93389.62000
    733     102069.10000
    734     132901.20000
    735     174490.80000
    736     210564.90000
    737     228905.80000
    738     231021.80000
    739     228082.00000
    740     227312.60000
    741     235131.10000
    742     259495.00000
    743     288636.00000
    744     291932.60000
    745     265269.10000
    746     248141.60000
    747     276097.30000
    748     338946.40000
    749     403458.10000
    750     487882.90000
    751     715746.50000
    752    1220794.00000
    753    1911016.00000
    754    2404185.00000
    755    2358071.00000
    756    1841981.00000
    757    1244528.00000
    758     852421.90000
    759     661490.10000
    760     547175.50000
    761     438996.10000
    762     321897.50000
    763     206599.80000
    764     132540.90000
    765     128339.60000
    766     161477.30000
    767     172514.40000
    768     147096.60000
    769     116545.40000
    770     105172.70000
    771     110521.40000
    772     120596.90000
    773     124440.50000
    774     116671.70000
    775     105805.60000
    776     104624.00000
    777     106771.10000
    778      92830.44000
    779      64441.94000
    780      49229.44000
    781      62747.06000
    782      84187.88000
    783      81701.19000
    784      52305.69000
    785      26604.44000
    786      34270.25000
    787      69971.94000
    788      99128.31000
    789      96584.94000
    790      69499.81000
    791      39965.00000
    792      20592.19000
    793      14725.06000
    794      23585.75000
    795      40726.38000
    796      51587.62000
    797      47852.62000
    798      34024.19000
    799      19076.06000
    800      10335.50000
    801       9804.68800
    802       9172.12500
    803        163.25000
    804      -7542.43800
    805       2834.68800
    806      28488.31000
    807      52793.31000
    808      68452.75000
    809      72431.06000
    810      55911.19000
    811      23965.50000
    812       5335.37500
    813      20709.62000
    814      57121.25000
    815      84348.38000
    816      82282.00000
    817      52083.69000
    818      14772.31000
    819      -5264.62500
    820      -5275.00000
    821      -5978.62500
    822     -22945.12000
    823     -45182.19000
    824     -49729.56000
    825     -31984.94000
    826     -10307.88000
    827        161.12500
    828       4090.93800
    829      11807.25000
    830      25401.25000
    831      43512.12000
    832      61754.69000
    833      68531.44000
    834      59880.00000
    835      52988.00000
    836      66689.25000
    837      97397.12000
    838     125194.00000
    839     131108.20000
    840     106541.10000
    841      61535.56000
    842      20482.88000
    843      -1175.12500
    844      -6065.68800
    845       1080.18800
    846      18296.50000
    847      35262.25000
    848      39656.88000
    849      33864.62000
    850      28038.12000
    851      21498.94000
    852       5744.06200
    853     -19452.88000
    854     -45201.88000
    855     -64882.75000
    856     -75314.69000
    857     -68019.75000
    858     -33913.94000
    859      16128.44000
    860      49013.94000
    861      42314.75000
    862      12565.38000
    863      -3044.50000
    864       9519.62500
    865      26474.00000
    866      17228.12000
    867     -16377.56000
    868     -40261.31000
    869     -29858.50000
    870      -1391.12500
    871       8825.87500
    872     -10685.00000
    873     -34408.50000
    874     -31011.56000
    875        676.56250
    876      28465.81000
    877      20675.62000
    878     -17683.06000
    879     -51494.88000
    880     -59828.25000
    881     -57371.31000
    882     -63470.56000
    883     -69814.38000
    884     -57772.75000
    885     -33351.31000
    886     -20364.88000
    887     -24121.62000
    888     -25950.25000
    889     -15505.69000
    890      -7067.37500
    891     -15979.44000
    892     -35370.69000
    893     -47015.31000
    894     -42849.81000
    895     -25255.56000
    896        204.50000
    897      19304.75000
    898      14104.81000
    899      -8845.25000
    900     -16915.88000
    901       -500.00000
    902       3985.50000
    903     -30271.19000
    904     -72279.94000
    905     -75535.44000
    906     -40968.81000
    907      -4771.37500
    908      11513.38000
    909      10471.12000
    910        321.87500
    911      -9374.62500
    912      -7093.18800
    913       9634.93800
    914      27227.38000
    915      26292.00000
    916        -10.37500
    917     -36288.56000
    918     -56683.88000
    919     -50272.50000
    920     -31024.94000
    921     -19408.69000
    922     -19536.44000
    923     -19468.56000
    924     -11602.00000
    925      -5895.87500
    926     -16648.06000
    927     -39269.69000
    928     -51743.94000
    929     -41342.44000
    930     -18749.12000
    931      -3400.00000
    932      -5996.25000
    933     -26662.88000
    934     -56457.62000
    935     -75673.81000
    936     -64190.19000
    937     -23915.56000
    938      16961.62000
    939      32027.62000
    940      22461.75000
    941       7053.12500
    942      -2911.12500
    943      -9236.25000
    944     -18721.62000
    945     -37513.12000
    946     -61635.81000
    947     -71579.62000
    948     -52652.50000
    949     -18555.12000
    950       2890.50000
    951       1363.93800
    952     -15165.88000
    953     -39402.25000
    954     -65624.69000
    955     -81452.25000
    956     -76596.81000
    957     -58095.38000
    958     -46157.50000
    959     -50652.12000
    960     -56640.38000
    961     -44725.38000
    962     -23566.56000
    963     -19864.94000
    964     -32819.81000
    965     -29985.12000
    966        185.37500
    967      24729.62000
    968      13113.38000
    969     -18465.62000
    970     -30261.00000
    971     -11532.75000
    972       8735.31200
    973        760.56250
    974     -31317.44000
    975     -60769.81000
    976     -71690.38000
    977     -66382.75000
    978     -51273.38000
    979     -35130.81000
    980     -29569.56000
    981     -32117.94000
    982     -24746.94000
    983      -6126.68800
    984      -1357.37500
    985     -20081.69000
    986     -33465.00000
    987     -17667.94000
    988       5615.68800
    989        894.00000
    990     -27060.31000
    991     -41237.94000
    992     -27136.25000
    993     -11878.56000
    994     -25137.06000
    995     -61153.75000
    996     -88163.94000
    997     -83414.56000
    998     -51476.44000
    999     -16205.25000
   1000       -817.12500
   1001     -10664.38000
   1002     -30732.38000
   1003     -40023.06000
   1004     -29026.88000
   1005      -6463.00000
   1006       6984.31200
   1007      -4685.12500
   1008     -35513.69000
   1009     -59270.19000
   1010     -53906.44000
   1011     -23896.88000
   1012       2556.62500
   1013      -1379.31200
   1014     -34682.19000
   1015     -66868.81000
   1016     -69145.56000
   1017     -42863.62000
   1018      -8634.37500
   1019      20260.56000
   1020      38568.44000
   1021      39639.81000
   1022      24694.69000
   1023       7967.37500
   1024       -968.62500
   1025      -6418.81200
   1026     -12264.69000
   1027     -14319.81000
   1028     -10426.00000
   1029      -7004.12500
   1030     -12945.31000
   1031     -27068.12000
   1032     -32917.88000
   1033     -18716.50000
   1034      -1826.12500
   1035      -8312.31200
   1036     -29573.12000
   1037     -34003.19000
   1038     -19894.25000
   1039     -18519.56000
   1040     -46041.00000
   1041     -85183.31000
   1042    -110355.40000
   1043    -107886.50000
   1044     -80495.56000
   1045     -46683.81000
   1046     -25214.56000
   1047     -14962.44000
   1048      -2981.31200
   1049       8731.43800
   1050       2185.75000
   1051     -27096.88000
   1052     -54675.31000
   1053     -52828.19000
   1054     -25768.19000
   1055      -6066.12500
   1056     -15782.44000
   1057     -43543.06000
   1058     -62144.06000
   1059     -57677.75000
   1060     -37589.06000
   1061     -17119.94000
   1062      -3084.06200
   1063       7419.56200
   1064      14529.38000
   1065      10991.19000
   1066      -6459.37500
   1067     -29783.62000
   1068     -48456.50000
   1069     -60205.25000
   1070     -70307.12000
   1071     -81462.12000
   1072     -85621.69000
   1073     -73167.50000
   1074     -52254.19000
   1075     -43463.69000
   1076     -49526.75000
   1077     -52393.56000
   1078     -47574.56000
   1079     -53893.06000
   1080     -78617.75000
   1081     -99274.56000
   1082     -92282.44000
   1083     -60542.50000
   1084     -24640.00000
   1085         43.18750
   1086      11771.69000
   1087      14677.50000
   1088       8702.43800
   1089      -8910.87500
   1090     -33442.19000
   1091     -51800.81000
   1092     -53696.06000
   1093     -39734.75000
   1094     -21006.81000
   1095     -12862.44000
   1096     -22355.75000
   1097     -39978.25000
   1098     -50061.62000
   1099     -46712.94000
   1100     -34428.56000
   1101     -20515.88000
   1102     -12178.06000
   1103     -13811.50000
   1104     -25430.50000
   1105     -45551.19000
   1106     -66507.31000
   1107     -69135.88000
   1108     -44289.94000
   1109     -17567.12000
   1110     -22087.06000
   1111     -49521.25000
   1112     -62848.88000
   1113     -51310.94000
   1114     -34842.00000
   1115     -23951.00000
   1116     -16581.31000
   1117     -22895.38000
   1118     -49022.88000
   1119     -67847.75000
   1120     -51650.19000
   1121     -23350.81000
   1122     -28072.44000
   1123     -62057.12000
   1124     -77348.12000
   1125     -52886.44000
   1126     -17747.00000
   1127      -5445.43800
   1128     -20025.94000
   1129     -45469.94000
   1130     -64921.19000
   1131     -72473.81000
   1132     -73594.06000
   1133     -69193.50000
   1134     -51284.00000
   1135     -27713.38000
   1136     -26396.00000
   1137     -54542.38000
   1138     -82192.12000
   1139     -84446.44000
   1140     -69271.25000
   1141     -53192.31000
   1142     -42290.69000
   1143     -40118.06000
   1144     -44412.44000
   1145     -41722.31000
   1146     -28864.06000
   1147     -22540.88000
   1148     -29505.56000
   1149     -34066.38000
   1150     -30725.25000
   1151     -36613.50000
   1152     -56348.44000
   1153     -67293.25000
   1154     -53827.12000
   1155     -27535.06000
   1156      -3504.81200
   1157      16070.50000
   1158      28526.81000
   1159      28314.06000
   1160      21858.19000
   1161      17822.56000
   1162       4442.18800
   1163     -30357.81000
   1164     -61690.50000
   1165     -53546.50000
   1166     -20118.31000
   1167     -13441.12000
   1168     -48025.12000
   1169     -86039.50000
   1170     -98881.50000
   1171     -94311.44000
   1172     -80682.38000
   1173     -53399.50000
   1174     -21811.06000
   1175      -7765.81200
   1176     -13439.69000
   1177     -21794.94000
   1178     -26042.31000
   1179     -32087.44000
   1180     -38793.81000
   1181     -39390.19000
   1182     -37254.75000
   1183     -43026.50000
   1184     -58118.38000
   1185     -70507.38000
   1186     -67642.00000
   1187     -51981.75000
   1188     -40222.38000
   1189     -42693.31000
   1190     -50068.19000
   1191     -49766.25000
   1192     -45035.56000
   1193     -43344.44000
   1194     -37809.94000
   1195     -18277.19000
   1196       8428.37500
   1197      24710.19000
   1198      19576.81000
   1199      -8309.18800
   1200     -49836.38000
   1201     -82505.00000
   1202     -87953.25000
   1203     -75428.12000
   1204     -66172.19000
   1205     -58539.62000
   1206     -37153.06000
   1207     -10245.94000
   1208      -4137.06200
   1209     -24764.62000
   1210     -55040.69000
   1211     -82251.94000
   1212    -100136.40000
   1213     -96266.56000
   1214     -66513.31000
   1215     -32121.56000
   1216     -18355.94000
   1217     -23864.00000
   1218     -28120.12000
   1219     -20711.19000
   1220      -8928.12500
   1221      -2465.81200
   1222      -3126.00000
   1223      -9546.56200
   1224     -22750.00000
   1225     -40780.12000
   1226     -52589.44000
   1227     -48038.31000
   1228     -33540.69000
   1229     -24815.19000
   1230     -24806.25000
   1231     -25917.31000
   1232     -31141.69000
   1233     -47424.62000
   1234     -60509.12000
   1235     -50247.44000
