      1       2455.72700
      2      -3101.32000
      3     -16898.41000
      4     -23039.18000
      5     -27509.52000
      6     -37779.85000
      7     -48119.83000
      8     -52158.96000
      9     -47521.91000
     10     -31862.80000
     11     -13142.17000
     12     -12241.81000
     13     -38176.42000
     14     -73544.08000
     15     -94690.03000
     16     -92897.69000
     17     -74454.80000
     18     -53783.55000
     19     -43436.69000
     20     -40679.38000
     21     -31557.23000
     22     -13189.15000
     23        245.24220
     24      -3871.94500
     25     -24458.65000
     26     -54227.13000
     27     -86605.82000
     28    -112123.80000
     29    -118972.20000
     30    -104859.50000
     31     -82175.20000
     32     -62340.55000
     33     -41572.55000
     34     -13074.07000
     35      15290.01000
     36      30097.62000
     37      29645.22000
     38      18240.33000
     39      -4437.78100
     40     -33745.53000
     41     -52527.58000
     42     -48479.86000
     43     -30404.97000
     44     -17373.56000
     45     -18975.98000
     46     -31115.05000
     47     -42839.19000
     48     -44339.39000
     49     -37147.46000
     50     -35877.84000
     51     -48418.88000
     52     -57402.80000
     53     -38939.62000
     54        830.21090
     55      28277.84000
     56      22957.51000
     57      -3568.49200
     58     -30536.26000
     59     -47797.98000
     60     -49708.40000
     61     -32274.70000
     62      -6653.48400
     63       3493.25800
     64      -8961.81200
     65     -24933.61000
     66     -30742.27000
     67     -37232.53000
     68     -49114.81000
     69     -43979.98000
     70     -10969.59000
     71      16880.00000
     72       3704.87500
     73     -38172.86000
     74     -70440.44000
     75     -77884.45000
     76     -63788.17000
     77     -23365.12000
     78      37454.12000
     79      75345.77000
     80      49772.32000
     81     -13650.59000
     82     -45811.04000
     83     -24818.90000
     84       2343.88300
     85      -2508.91400
     86     -20147.95000
     87     -18699.80000
     88       -755.30470
     89      12778.40000
     90      12343.80000
     91       2869.68800
     92      -4038.40600
     93      -3068.23400
     94      -4739.45300
     95     -16587.34000
     96     -23811.58000
     97     -14736.14000
     98      -6813.25000
     99     -16992.47000
    100     -30588.52000
    101     -29029.30000
    102     -22137.06000
    103     -28103.16000
    104     -44846.42000
    105     -58946.67000
    106     -65194.72000
    107     -64445.98000
    108     -53367.55000
    109     -28360.84000
    110       1656.54700
    111      17902.61000
    112      14021.34000
    113       4600.42200
    114       2246.04700
    115       -708.43750
    116     -16181.19000
    117     -40070.80000
    118     -60910.53000
    119     -76562.94000
    120     -88987.42000
    121     -91625.70000
    122     -78536.69000
    123     -61178.00000
    124     -56427.39000
    125     -58498.67000
    126     -45999.88000
    127     -17934.02000
    128       2970.85900
    129       3706.07800
    130      -5865.43800
    131      -9945.17200
    132       1529.26600
    133      24373.84000
    134      30697.66000
    135      -4853.76600
    136     -58844.25000
    137     -77167.72000
    138     -50033.61000
    139     -22995.69000
    140     -24004.06000
    141     -33252.14000
    142     -36664.05000
    143     -48291.69000
    144     -62051.92000
    145     -44517.58000
    146       1462.09400
    147      25335.56000
    148       3943.98400
    149     -26552.73000
    150     -31725.19000
    151     -21019.09000
    152     -14464.48000
    153     -12138.16000
    154     -10017.09000
    155     -13792.30000
    156     -27423.98000
    157     -44700.25000
    158     -55104.88000
    159     -52399.27000
    160     -40039.83000
    161     -28574.81000
    162     -24514.64000
    163     -24443.17000
    164     -22019.47000
    165     -18842.89000
    166     -25352.20000
    167     -45709.31000
    168     -63981.27000
    169     -59298.11000
    170     -34544.22000
    171     -11432.94000
    172      -2056.42200
    173      -6488.95300
    174     -24474.91000
    175     -45924.48000
    176     -52414.30000
    177     -49086.16000
    178     -61930.41000
    179     -88266.23000
    180     -92528.77000
    181     -62536.91000
    182     -24932.50000
    183       -741.95310
    184      12128.39000
    185      15151.09000
    186       4614.56200
    187     -12656.27000
    188     -21044.94000
    189      -9962.34400
    190      15487.89000
    191      31330.16000
    192      16852.66000
    193     -13275.33000
    194     -24212.88000
    195     -11777.94000
    196      -5138.10900
    197     -19366.00000
    198     -39921.56000
    199     -50746.50000
    200     -48326.80000
    201     -35485.38000
    202     -21568.91000
    203     -15301.27000
    204      -7812.54700
    205      17284.59000
    206      53456.78000
    207      74414.61000
    208      67814.52000
    209      45371.56000
    210      23369.73000
    211      10114.89000
    212       7339.23400
    213      11210.75000
    214      14675.52000
    215      11516.08000
    216      -2774.87500
    217     -25578.55000
    218     -40412.05000
    219     -31510.00000
    220      -8989.98400
    221       -548.32810
    222     -15549.53000
    223     -36064.17000
    224     -43461.52000
    225     -36599.72000
    226     -25399.88000
    227     -19787.83000
    228     -21914.73000
    229     -24758.53000
    230     -25488.31000
    231     -35956.39000
    232     -64467.28000
    233     -92734.09000
    234     -90459.72000
    235     -49877.20000
    236       6033.06200
    237      42164.09000
    238      33587.50000
    239     -13533.55000
    240     -60395.53000
    241     -72548.30000
    242     -54265.02000
    243     -30068.28000
    244     -10518.00000
    245        984.76560
    246      -7428.59400
    247     -37436.00000
    248     -66106.77000
    249     -70411.69000
    250     -51471.69000
    251     -26518.41000
    252      -9831.70300
    253      -2769.84400
    254       2081.23400
    255       4536.45300
    256      -5639.54700
    257     -25786.78000
    258     -35119.86000
    259     -26275.11000
    260     -18325.80000
    261     -27322.19000
    262     -46259.77000
    263     -58099.56000
    264     -50031.12000
    265     -20981.97000
    266      11324.92000
    267      22999.22000
    268       9575.25000
    269     -14877.67000
    270     -37784.14000
    271     -48181.94000
    272     -31293.77000
    273      13192.17000
    274      57743.53000
    275      69244.52000
    276      39744.23000
    277      -9002.53100
    278     -45725.56000
    279     -57925.20000
    280     -61728.55000
    281     -74608.28000
    282     -86307.16000
    283     -77020.14000
    284     -54807.44000
    285     -47320.75000
    286     -60464.56000
    287     -68561.55000
    288     -47559.47000
    289      -6620.37500
    290      18824.48000
    291       6988.51600
    292     -25037.41000
    293     -48195.02000
    294     -59351.17000
    295     -68851.42000
    296     -68505.66000
    297     -45826.58000
    298     -14878.12000
    299       -763.56250
    300      -7297.92200
    301     -23022.12000
    302     -40587.97000
    303     -51181.98000
    304     -41643.23000
    305     -15929.75000
    306      -1275.26600
    307     -16303.70000
    308     -46510.41000
    309     -64870.38000
    310     -63404.86000
    311     -51240.28000
    312     -35260.44000
    313     -18819.16000
    314      -8151.07800
    315      -4468.90600
    316      -1647.59400
    317      -4424.95300
    318     -30973.89000
    319     -79098.50000
    320    -110421.40000
    321     -95414.50000
    322     -58464.45000
    323     -45514.91000
    324     -59760.52000
    325     -67590.95000
    326     -56386.41000
    327     -42077.14000
    328     -28497.86000
    329      -6230.75000
    330      16157.72000
    331      22837.86000
    332      21150.88000
    333      24431.41000
    334      22103.41000
    335       1148.32800
    336     -23156.00000
    337     -29044.17000
    338     -22137.77000
    339     -21365.33000
    340     -27254.53000
    341     -26933.42000
    342     -17008.86000
    343      -3455.42200
    344       7499.65600
    345       4358.64100
    346     -24272.72000
    347     -63912.56000
    348     -77144.19000
    349     -48476.17000
    350      -4635.68800
    351      20166.12000
    352      16410.27000
    353      -5888.90600
    354     -30207.28000
    355     -40823.39000
    356     -36103.12000
    357     -31534.94000
    358     -38259.58000
    359     -47211.28000
    360     -42747.31000
    361     -24565.12000
    362      -9774.92200
    363     -15023.22000
    364     -38411.88000
    365     -60453.03000
    366     -64351.08000
    367     -53652.22000
    368     -48534.72000
    369     -63621.38000
    370     -89474.95000
    371    -101782.60000
    372     -90300.98000
    373     -67273.36000
    374     -43669.80000
    375     -15494.66000
    376      18160.52000
    377      41829.11000
    378      39665.38000
    379      14312.86000
    380     -16732.58000
    381     -37802.34000
    382     -46068.64000
    383     -46663.30000
    384     -39411.62000
    385     -20680.20000
    386       -273.07810
    387       4166.45300
    388      -2766.28100
    389       3120.26600
    390      21897.09000
    391      21332.53000
    392     -10673.62000
    393     -39839.36000
    394     -33186.81000
    395      -4278.56200
    396       9816.09400
    397      -4613.07800
    398     -30168.28000
    399     -41395.17000
    400     -25390.36000
    401       7802.07800
    402      28276.94000
    403      11785.64000
    404     -29720.75000
    405     -55506.61000
    406     -43829.41000
    407     -16767.91000
    408      -3289.95300
    409       -122.93750
    410       9189.39100
    411      21549.38000
    412      26524.47000
    413      27122.66000
    414      27258.55000
    415      22723.78000
    416      15771.52000
    417      15048.91000
    418      19767.20000
    419      23436.97000
    420      23377.70000
    421      15087.53000
    422      -1172.01600
    423      -6266.84400
    424      14044.67000
    425      35992.34000
    426      25778.48000
    427      -7359.12500
    428     -23871.27000
    429     -11981.38000
    430        148.54690
    431     -12042.34000
    432     -37623.95000
    433     -45533.66000
    434     -22141.75000
    435      12769.89000
    436      30366.31000
    437      26631.92000
    438      21088.11000
    439      26339.56000
    440      35145.75000
    441      36714.33000
    442      30842.69000
    443      24120.14000
    444      21657.38000
    445      21613.61000
    446      13538.28000
    447     -10549.36000
    448     -40504.06000
    449     -53785.42000
    450     -39855.84000
    451     -10210.52000
    452      14192.19000
    453      18976.39000
    454       7657.12500
    455       -101.60940
    456       6843.81200
    457      13192.02000
    458       2904.40600
    459     -11155.86000
    460     -11235.08000
    461      -8711.06200
    462     -20018.02000
    463     -29940.62000
    464     -16560.56000
    465       7413.01600
    466      14333.42000
    467       6206.96900
    468       7199.45300
    469      23293.69000
    470      36057.92000
    471      30954.44000
    472      13465.11000
    473       -963.06250
    474      -1386.89100
    475      11696.28000
    476      26390.70000
    477      30137.81000
    478      24900.58000
    479      24097.44000
    480      30479.02000
    481      31191.75000
    482      21379.33000
    483      15167.56000
    484      22877.20000
    485      34791.53000
    486      39852.17000
    487      43837.73000
    488      55279.06000
    489      66049.00000
    490      62027.45000
    491      47093.59000
    492      40873.12000
    493      53345.23000
    494      76000.91000
    495     100070.30000
    496     126055.10000
    497     149933.50000
    498     157658.30000
    499     141915.90000
    500     111624.30000
    501      82407.95000
    502      67166.69000
    503      70223.08000
    504      83118.09000
    505      95997.05000
    506     112013.10000
    507     131218.70000
    508     132169.40000
    509     102709.40000
    510      73575.16000
    511      79593.05000
    512     103656.30000
    513     105262.20000
    514      86578.92000
    515      80712.70000
    516      89551.91000
    517      83963.86000
    518      58940.44000
    519      42790.31000
    520      51196.45000
    521      67775.53000
    522      74087.30000
    523      71524.47000
    524      68155.67000
    525      63022.22000
    526      51744.33000
    527      39988.06000
    528      44227.52000
    529      74774.97000
    530     118081.30000
    531     146288.20000
    532     146271.70000
    533     125205.40000
    534      90309.14000
    535      49068.44000
    536      27797.70000
    537      53178.19000
    538     109372.50000
    539     146521.50000
    540     138341.20000
    541     104749.80000
    542      77355.33000
    543      68529.66000
    544      73663.98000
    545      82780.81000
    546      87239.16000
    547      84514.70000
    548      77482.53000
    549      71166.92000
    550      73938.44000
    551      91705.92000
    552     114328.60000
    553     121914.20000
    554     112614.30000
    555     107374.40000
    556     120036.80000
    557     138859.40000
    558     143853.40000
    559     130108.50000
    560     110798.50000
    561     104045.80000
    562     116346.20000
    563     139726.30000
    564     166034.00000
    565     192142.90000
    566     207817.60000
    567     201316.40000
    568     184077.60000
    569     181062.50000
    570     191663.40000
    571     192534.90000
    572     180190.20000
    573     174240.80000
    574     178569.60000
    575     175157.80000
    576     156215.70000
    577     135254.30000
    578     128318.40000
    579     140996.40000
    580     165472.30000
    581     181559.10000
    582     173041.20000
    583     148089.80000
    584     131657.80000
    585     138617.90000
    586     165526.50000
    587     200283.70000
    588     228148.50000
    589     239416.60000
    590     241972.50000
    591     252444.50000
    592     268736.10000
    593     272860.30000
    594     266753.40000
    595     278625.90000
    596     322436.10000
    597     377106.20000
    598     419731.10000
    599     455326.00000
    600     497569.80000
    601     540453.30000
    602     571219.40000
    603     598058.60000
    604     642387.00000
    605     709915.20000
    606     789058.90000
    607     875865.60000
    608     984121.50000
    609    1133057.00000
    610    1335417.00000
    611    1599078.00000
    612    1942888.00000
    613    2417274.00000
    614    3092586.00000
    615    4000130.00000
    616    5073950.00000
    617    6137864.00000
    618    6937326.00000
    619    7225270.00000
    620    6904222.00000
    621    6113900.00000
    622    5139372.00000
    623    4215642.00000
    624    3435126.00000
    625    2804172.00000
    626    2314004.00000
    627    1946575.00000
    628    1665901.00000
    629    1436114.00000
    630    1242355.00000
    631    1090370.00000
    632     989178.50000
    633     932551.60000
    634     893823.90000
    635     840211.00000
    636     753901.60000
    637     642271.10000
    638     532182.80000
    639     454685.30000
    640     424973.10000
    641     426758.80000
    642     420923.70000
    643     380989.90000
    644     318416.30000
    645     265717.20000
    646     243241.10000
    647     249475.60000
    648     268246.60000
    649     275446.10000
    650     256400.80000
    651     226697.00000
    652     217809.20000
    653     234560.90000
    654     246148.80000
    655     229143.60000
    656     201580.40000
    657     196804.70000
    658     213293.70000
    659     216456.90000
    660     193094.60000
    661     173006.00000
    662     181803.90000
    663     202667.60000
    664     204766.10000
    665     183066.50000
    666     153450.20000
    667     132959.60000
    668     134572.30000
    669     156978.40000
    670     174832.70000
    671     162942.40000
    672     131681.80000
    673     115071.20000
    674     122531.70000
    675     127586.00000
    676     110825.80000
    677      88456.92000
    678      84123.81000
    679      95436.12000
    680     106694.70000
    681     113759.60000
    682     116310.00000
    683     104232.50000
    684      72618.41000
    685      38894.69000
    686      29326.92000
    687      51337.47000
    688      84030.58000
    689      96248.31000
    690      76807.23000
    691      46317.75000
    692      34251.73000
    693      47824.38000
    694      70652.05000
    695      86391.47000
    696      90883.05000
    697      82899.12000
    698      61561.27000
    699      39803.50000
    700      39896.39000
    701      61721.38000
    702      76932.83000
    703      69855.34000
    704      58280.27000
    705      58129.47000
    706      57958.59000
    707      44875.20000
    708      27626.94000
    709      22977.50000
    710      40058.20000
    711      75221.22000
    712     105055.90000
    713     102256.40000
    714      75613.03000
    715      65945.91000
    716      86360.81000
    717     103787.30000
    718      96996.81000
    719      88755.03000
    720      97113.50000
    721      99289.34000
    722      74218.41000
    723      44002.88000
    724      41278.16000
    725      63799.62000
    726      87926.78000
    727     102242.20000
    728     105745.50000
    729      95173.53000
    730      71990.06000
    731      45577.19000
    732      22268.78000
    733       5520.78100
    734       3450.18800
    735      18703.91000
    736      36039.75000
    737      35069.81000
    738      13281.66000
    739      -9627.93800
    740     -11717.09000
    741       4063.93800
    742      11671.12000
    743       2778.40600
    744       3275.53100
    745      24443.38000
    746      31807.59000
    747       -568.75000
    748     -42188.78000
    749     -52295.48000
    750     -36496.95000
    751     -21928.78000
    752     -11737.92000
    753       4143.25000
    754      18692.62000
    755      15227.12000
    756      -3910.21900
    757     -15778.97000
    758     -11256.75000
    759     -13866.53000
    760     -40799.78000
    761     -61792.53000
    762     -34959.97000
    763      27350.81000
    764      68315.06000
    765      56532.34000
    766      17269.19000
    767      -2702.96900
    768      12986.19000
    769      34173.62000
    770      23726.81000
    771     -11106.69000
    772     -29524.31000
    773     -16449.30000
    774       2285.12500
    775       6066.21900
    776       5520.78100
    777      12890.19000
    778      16151.75000
    779        517.50000
    780     -22681.28000
    781     -31070.31000
    782     -25359.09000
    783     -24442.09000
    784     -32044.53000
    785     -32054.25000
    786     -13032.56000
    787      19800.16000
    788      48666.28000
    789      50817.28000
    790      18444.19000
    791     -24282.75000
    792     -42825.97000
    793     -31122.14000
    794     -12280.31000
    795      -5858.75000
    796     -10946.88000
    797     -18837.81000
    798     -28480.00000
    799     -43007.19000
    800     -55295.58000
    801     -51328.70000
    802     -34548.34000
    803     -28851.19000
    804     -44216.47000
    805     -58557.61000
    806     -49099.05000
    807     -21977.75000
    808       2712.90600
    809      14150.16000
    810       8739.37500
    811     -13646.78000
    812     -43377.03000
    813     -67440.27000
    814     -79994.92000
    815     -73996.28000
    816     -39881.86000
    817      10204.31000
    818      43008.53000
    819      47384.38000
    820      45526.97000
    821      46608.78000
    822      28967.25000
    823     -13386.09000
    824     -46022.27000
    825     -39321.38000
    826     -11463.00000
    827      -3702.84400
    828     -26446.16000
    829     -51815.30000
    830     -57670.25000
    831     -53993.83000
    832     -55281.16000
    833     -55654.52000
    834     -51883.30000
    835     -59859.22000
    836     -83138.83000
    837     -97147.11000
    838     -88873.33000
    839     -78149.75000
    840     -77064.78000
    841     -63962.48000
    842     -24771.62000
    843       9498.90600
    844       -598.59380
    845     -44139.00000
    846     -70251.33000
    847     -53891.25000
    848     -19924.75000
    849        518.75000
    850       4961.09400
    851       3015.93800
    852      -4599.84400
    853     -17928.09000
    854     -27880.06000
    855     -23625.72000
    856      -5990.00000
    857       6324.87500
    858      -7429.06200
    859     -39931.27000
    860     -59796.47000
    861     -55460.34000
    862     -46707.78000
    863     -44721.77000
    864     -36578.19000
    865     -15714.59000
    866       6668.56200
    867      21297.22000
    868      24584.53000
    869      11542.47000
    870     -14493.56000
    871     -37885.02000
    872     -48824.33000
    873     -52993.47000
    874     -60318.33000
    875     -73473.75000
    876     -83705.22000
    877     -74763.33000
    878     -40642.56000
    879        817.71880
    880      23812.94000
    881      21832.84000
    882       9245.06200
    883       -326.09380
    884      -7257.96900
    885     -18261.00000
    886     -32862.75000
    887     -40660.06000
    888     -32967.31000
    889     -18422.59000
    890     -20083.75000
    891     -44680.31000
    892     -62984.34000
    893     -45118.39000
    894      -5996.43800
    895      18061.00000
    896      23499.12000
    897      27612.56000
    898      25797.62000
    899      11631.75000
    900       9742.90600
    901      34729.03000
    902      52934.25000
    903      35906.47000
    904       9073.46900
    905       1138.37500
    906      -5898.18800
    907     -30509.75000
    908     -44283.08000
    909     -18175.03000
    910      22716.75000
    911      33732.19000
    912      12222.44000
    913     -10463.25000
    914     -16365.25000
    915     -11391.25000
    916      -5858.12500
    917      -7824.46900
    918     -23365.88000
    919     -46611.09000
    920     -58737.34000
    921     -48005.91000
    922     -25390.97000
    923     -13724.56000
    924     -22436.78000
    925     -37417.97000
    926     -39835.16000
    927     -31521.12000
    928     -30102.75000
    929     -38581.94000
    930     -36121.06000
    931      -8580.03100
    932      24375.19000
    933      29680.09000
    934       4632.59400
    935     -21482.50000
    936     -33276.09000
    937     -46283.28000
    938     -65594.48000
    939     -67438.70000
    940     -46150.81000
    941     -36349.06000
    942     -58242.53000
    943     -83420.38000
    944     -83025.31000
    945     -68317.77000
    946     -58997.38000
    947     -48506.78000
    948     -21626.94000
    949      17725.12000
    950      47455.12000
    951      47957.34000
    952      24130.25000
    953       3110.06200
    954      -1284.15600
    955      -5983.62500
    956     -23050.16000
    957     -33447.47000
    958     -19153.56000
    959       7244.43800
    960      25087.53000
    961      29642.44000
    962      22822.34000
    963       7984.40600
    964      -2616.68800
    965        136.71880
    966       6460.00000
    967       3070.84400
    968      -6048.34400
    969      -8105.68800
    970       1873.46900
    971      19224.97000
    972      29636.16000
    973      12834.94000
    974     -33401.72000
    975     -77512.69000
    976     -84668.03000
    977     -57611.17000
    978     -26315.03000
    979      -7843.31200
    980       -330.28120
    981      -3841.75000
    982     -20362.06000
    983     -40808.69000
    984     -52188.97000
    985     -50768.47000
    986     -39383.06000
    987     -23341.81000
    988     -11860.31000
    989     -10217.97000
    990     -12918.62000
    991     -16236.66000
    992     -28039.09000
    993     -52596.41000
    994     -75884.66000
    995     -78185.84000
    996     -54833.72000
    997     -17803.28000
    998      17132.25000
    999      38759.81000
   1000      38634.78000
   1001      10897.56000
   1002     -36471.94000
   1003     -74237.91000
   1004     -72746.59000
   1005     -34929.38000
   1006       4834.43800
   1007      16839.25000
   1008       -564.21880
   1009     -26965.72000
   1010     -32892.81000
   1011      -1037.56200
   1012      45593.69000
   1013      59288.22000
   1014      31798.81000
   1015       9758.37500
   1016      23972.00000
   1017      44805.34000
   1018      31048.88000
   1019     -16574.31000
   1020     -66364.05000
   1021     -85210.33000
   1022     -56401.84000
   1023       -713.46880
   1024      30531.12000
   1025      11794.56000
   1026     -25279.22000
   1027     -40614.75000
   1028     -39502.25000
   1029     -47789.47000
   1030     -57453.44000
   1031     -39550.44000
   1032      -3464.06200
   1033       6686.37500
   1034     -18012.47000
   1035     -37932.00000
   1036     -35536.69000
   1037     -39026.94000
   1038     -56060.78000
   1039     -51103.44000
   1040     -15268.88000
   1041       5141.37500
   1042     -20229.50000
   1043     -59003.19000
   1044     -67094.97000
   1045     -45790.50000
   1046     -24788.66000
   1047     -18224.75000
   1048     -18802.00000
   1049     -16512.78000
   1050      -6751.28100
   1051       6811.09400
   1052       7939.68800
   1053     -15304.00000
   1054     -42908.97000
   1055     -39615.22000
   1056      -7696.03100
   1057      11161.00000
   1058      -2285.46900
   1059     -20335.38000
   1060     -18383.62000
   1061      -7814.87500
   1062      -4738.18800
   1063      -6515.18800
   1064     -13103.47000
   1065     -33262.16000
   1066     -58482.41000
   1067     -64453.00000
   1068     -44221.56000
   1069     -13992.59000
   1070       8665.93800
   1071      12319.72000
   1072      -4781.65600
   1073     -24023.03000
   1074     -24168.81000
   1075     -13985.72000
   1076     -16035.47000
   1077     -27606.25000
   1078     -34417.47000
   1079     -42313.47000
   1080     -56653.78000
   1081     -58623.44000
   1082     -39402.25000
   1083     -26259.41000
   1084     -41476.84000
   1085     -64591.09000
   1086     -63723.62000
   1087     -41443.34000
   1088     -25553.12000
   1089     -29624.69000
   1090     -43694.88000
   1091     -55580.97000
   1092     -58786.84000
   1093     -42604.66000
   1094      -2384.00000
   1095      37138.09000
   1096      39027.09000
   1097       2416.21900
   1098     -34460.00000
   1099     -44126.91000
   1100     -35612.03000
   1101     -28009.97000
   1102     -24173.56000
   1103     -15440.56000
   1104       2271.03100
   1105      19991.22000
   1106      22354.38000
   1107       6465.09400
   1108     -12458.41000
   1109     -20671.12000
   1110     -17599.50000
   1111      -3522.75000
   1112      20813.50000
   1113      36371.88000
   1114      17824.84000
   1115     -25993.78000
   1116     -52693.81000
   1117     -38279.09000
   1118      -3834.93800
   1119      16827.31000
   1120      13315.69000
   1121      -3300.03100
   1122     -17576.94000
   1123     -18596.28000
   1124      -6649.06200
   1125       5307.09400
   1126       5090.56200
   1127      -7835.18800
   1128     -30256.62000
   1129     -58868.94000
   1130     -78446.12000
   1131     -68880.38000
   1132     -35132.78000
   1133      -5653.65600
   1134       5624.90600
   1135       7110.96900
   1136        203.28120
   1137     -20069.53000
   1138     -35744.59000
   1139     -19062.00000
   1140      21422.94000
   1141      42913.47000
   1142      21769.44000
   1143     -19983.31000
   1144     -45419.50000
   1145     -43171.16000
   1146     -31599.03000
   1147     -30381.31000
   1148     -38748.19000
   1149     -46482.38000
   1150     -53837.66000
   1151     -64552.06000
   1152     -69741.75000
   1153     -60972.66000
   1154     -50409.84000
   1155     -55283.16000
   1156     -71265.56000
   1157     -80637.91000
   1158     -74418.34000
   1159     -53858.78000
   1160     -28713.06000
   1161     -18924.25000
   1162     -32111.59000
   1163     -42381.78000
   1164     -23750.81000
   1165       6142.12500
   1166      10695.03000
   1167     -13521.03000
   1168     -41982.38000
   1169     -58531.12000
   1170     -59285.97000
   1171     -45360.59000
   1172     -33015.53000
   1173     -45858.09000
   1174     -80122.91000
   1175     -99433.05000
   1176     -77245.12000
   1177     -29349.00000
   1178       4261.12500
   1179        952.28120
   1180     -25233.09000
   1181     -39940.78000
   1182     -23285.78000
   1183       8137.56200
   1184      17823.91000
   1185      -7948.62500
   1186     -41891.88000
   1187     -48366.47000
   1188     -25436.72000
   1189      -2518.78100
   1190       -828.12500
   1191     -10875.41000
   1192     -14146.44000
   1193     -13933.88000
   1194     -26829.09000
   1195     -49290.97000
   1196     -57756.22000
   1197     -41456.31000
   1198     -11538.06000
   1199      16888.91000
   1200      29094.97000
   1201      11836.91000
   1202     -26819.31000
   1203     -56847.88000
   1204     -59217.53000
   1205     -38890.09000
   1206      -6754.68800
   1207      23230.47000
   1208      29672.41000
   1209       7157.81200
   1210     -19262.16000
   1211     -25487.06000
   1212     -18303.59000
   1213     -19863.34000
   1214     -37401.75000
   1215     -55099.81000
   1216     -50150.34000
   1217     -21681.53000
   1218       -559.25000
   1219     -11791.06000
   1220     -34001.03000
   1221     -26611.72000
   1222       7938.21900
   1223      25771.31000
   1224       5860.96900
   1225     -25453.22000
   1226     -42343.19000
   1227     -54718.34000
   1228     -76623.12000
   1229     -89713.47000
   1230     -69299.59000
   1231     -29684.94000
   1232      -7585.06200
   1233      -7950.96900
   1234      -5493.12500
   1235       3350.84400
