      1      50899.28000
      2      37158.12000
      3      14535.50000
      4      -9823.83600
      5     -26989.93000
      6     -30284.94000
      7     -31334.38000
      8     -48046.06000
      9     -70648.91000
     10     -70911.84000
     11     -47559.47000
     12     -27592.22000
     13     -23797.97000
     14     -26024.04000
     15     -28484.88000
     16     -31027.38000
     17     -21172.28000
     18      12552.69000
     19      52606.99000
     20      63883.15000
     21      36284.43000
     22        136.65620
     23      -6607.09400
     24      20971.02000
     25      52375.24000
     26      54582.96000
     27      23050.47000
     28     -13713.16000
     29     -18849.32000
     30      13398.68000
     31      45124.93000
     32      38781.69000
     33       6848.93000
     34      -8775.97700
     35        488.77340
     36       3364.58600
     37     -16595.45000
     38     -36012.42000
     39     -28760.79000
     40      -2286.60200
     41      13276.55000
     42        763.79690
     43     -24609.52000
     44     -31601.95000
     45      -9690.94500
     46      17894.98000
     47      24292.86000
     48      10589.92000
     49      -3607.85900
     50      -8162.93000
     51      -7369.45300
     52      -6681.42200
     53      -7249.01600
     54      -9143.45300
     55     -12519.34000
     56     -17183.89000
     57     -21643.95000
     58     -22345.30000
     59     -18374.42000
     60     -16140.74000
     61     -19711.80000
     62     -19437.55000
     63      -5164.76600
     64      13123.26000
     65      17040.51000
     66       8078.38300
     67       3485.78900
     68       9393.17200
     69      16948.10000
     70      18127.13000
     71      10704.16000
     72      -2954.80500
     73     -12483.67000
     74      -6835.18000
     75       9163.72700
     76      15230.10000
     77      -3485.30500
     78     -38604.62000
     79     -63195.22000
     80     -58966.03000
     81     -36736.59000
     82     -17921.16000
     83      -4493.93800
     84      11376.75000
     85      21660.69000
     86      13933.84000
     87      -5624.90600
     88     -23104.38000
     89     -33258.97000
     90     -34398.78000
     91     -29418.03000
     92     -31520.50000
     93     -44701.25000
     94     -51356.47000
     95     -42165.16000
     96     -34054.47000
     97     -37020.38000
     98     -34478.41000
     99     -17721.25000
    100      -7298.96900
    101     -18955.38000
    102     -34135.62000
    103     -24552.78000
    104       8378.96900
    105      35669.44000
    106      38570.81000
    107      29283.41000
    108      25959.86000
    109      23048.28000
    110       8778.56200
    111      -2559.03100
    112       8459.98400
    113      23345.14000
    114       7390.96900
    115     -32935.25000
    116     -59416.98000
    117     -58572.30000
    118     -43737.58000
    119     -18139.00000
    120      17456.05000
    121      41886.80000
    122      40491.14000
    123      29889.92000
    124      24867.53000
    125      14400.39000
    126      -6701.35900
    127     -21253.86000
    128     -21119.92000
    129     -18128.86000
    130     -16649.36000
    131     -10149.67000
    132      -4363.82800
    133     -11284.98000
    134     -22534.95000
    135     -17608.89000
    136       2154.79700
    137      12885.30000
    138       3178.82800
    139     -12861.02000
    140     -21480.52000
    141     -23354.64000
    142     -17691.17000
    143      -3501.17200
    144       -250.73440
    145     -29107.52000
    146     -72019.42000
    147     -91934.58000
    148     -88116.58000
    149     -86041.02000
    150     -85159.48000
    151     -64002.45000
    152     -24057.97000
    153       9928.28100
    154      21459.75000
    155      11736.14000
    156      -9369.95300
    157     -29858.72000
    158     -41171.19000
    159     -41460.78000
    160     -36199.83000
    161     -37125.52000
    162     -47720.34000
    163     -49523.25000
    164     -26293.81000
    165       1437.73400
    166       -718.42190
    167     -27237.03000
    168     -37761.94000
    169     -14708.53000
    170      14559.94000
    171      16425.06000
    172      -8198.06200
    173     -28865.41000
    174     -22791.19000
    175       1687.09400
    176      17087.75000
    177       3632.03100
    178     -33455.59000
    179     -65172.41000
    180     -62547.53000
    181     -26397.44000
    182      13524.81000
    183      28577.00000
    184      12155.81000
    185     -19151.88000
    186     -35709.34000
    187     -21780.78000
    188       2861.85900
    189       7940.50000
    190      -6354.90600
    191     -16802.62000
    192     -12677.66000
    193      -1575.85900
    194       4788.75000
    195      -2440.51600
    196     -19008.53000
    197     -25845.25000
    198     -16595.67000
    199     -10582.06000
    200     -18227.08000
    201     -22100.06000
    202     -13180.14000
    203      -8166.95300
    204     -10468.91000
    205       2347.76600
    206      30896.28000
    207      40169.36000
    208      17139.33000
    209       -224.45310
    210      22967.45000
    211      68157.88000
    212      88893.47000
    213      63300.69000
    214       6766.42200
    215     -50169.05000
    216     -84937.66000
    217     -92161.92000
    218     -78090.39000
    219     -51838.05000
    220     -26965.98000
    221     -20898.30000
    222     -37377.95000
    223     -56771.33000
    224     -59826.47000
    225     -51732.83000
    226     -44627.20000
    227     -30064.20000
    228       5077.76600
    229      44503.41000
    230      54265.83000
    231      27274.48000
    232      -8200.98400
    233     -23640.80000
    234     -15430.31000
    235       2313.70300
    236      14866.30000
    237      18547.30000
    238      21267.44000
    239      28309.06000
    240      31071.27000
    241      18943.09000
    242      -4737.20300
    243     -28858.62000
    244     -47141.78000
    245     -56170.19000
    246     -52130.44000
    247     -36791.27000
    248     -17075.50000
    249       1852.31200
    250      11835.27000
    251      -1762.87500
    252     -39048.52000
    253     -70293.00000
    254     -68400.25000
    255     -47063.75000
    256     -35168.16000
    257     -27811.61000
    258      -4697.43800
    259      18369.66000
    260       9882.73400
    261     -15991.91000
    262     -13467.94000
    263      25161.16000
    264      61981.81000
    265      67924.98000
    266      46475.72000
    267      15325.62000
    268      -5707.84400
    269      -2303.78100
    270      18188.61000
    271      30561.16000
    272      19183.69000
    273      -9587.50000
    274     -37942.11000
    275     -47549.30000
    276     -30951.16000
    277      -3928.39100
    278       6305.09400
    279      -7677.15600
    280     -28923.08000
    281     -44900.91000
    282     -59733.84000
    283     -72225.56000
    284     -66424.41000
    285     -38295.70000
    286     -12192.84000
    287     -11185.94000
    288     -24173.84000
    289     -23106.33000
    290      -4310.67200
    291       7102.84400
    292      -7735.64100
    293     -36323.19000
    294     -48582.70000
    295     -32089.30000
    296      -5764.34400
    297       7509.67200
    298       9147.64100
    299       9166.35900
    300       1050.89100
    301     -19903.47000
    302     -35221.30000
    303     -31955.02000
    304     -25586.39000
    305     -22577.58000
    306       2152.31200
    307      53423.77000
    308      83371.91000
    309      53160.64000
    310      -7417.39100
    311     -41287.31000
    312     -36646.08000
    313     -23744.53000
    314     -22063.98000
    315     -24495.86000
    316     -23197.91000
    317     -21757.36000
    318     -22451.03000
    319     -22507.52000
    320     -25616.67000
    321     -39487.06000
    322     -57769.02000
    323     -60110.56000
    324     -37006.17000
    325      -2355.51600
    326      25573.94000
    327      44005.11000
    328      57435.56000
    329      59255.31000
    330      37177.55000
    331      -3350.96900
    332     -35716.11000
    333     -38445.22000
    334     -17029.28000
    335       5283.14100
    336      11304.19000
    337        892.23440
    338     -15825.22000
    339     -31565.09000
    340     -46708.36000
    341     -59934.44000
    342     -59996.77000
    343     -37841.62000
    344      -4461.12500
    345      16251.38000
    346      12980.44000
    347      -3733.73400
    348     -16144.75000
    349     -15171.66000
    350      -5525.68800
    351      -2155.93800
    352     -15865.11000
    353     -35150.66000
    354     -33273.03000
    355      -5036.81200
    356      19207.78000
    357      16184.17000
    358       6436.87500
    359      17136.53000
    360      31253.47000
    361      17310.11000
    362     -11842.92000
    363     -20708.88000
    364     -11436.91000
    365      -9770.98400
    366     -11071.69000
    367       6104.14100
    368      26856.94000
    369      11486.31000
    370     -40286.86000
    371     -75175.36000
    372     -49891.73000
    373      11134.38000
    374      43772.44000
    375      23010.39000
    376     -14583.23000
    377     -27801.73000
    378     -16995.78000
    379      -7763.00000
    380     -18000.58000
    381     -43006.67000
    382     -55453.95000
    383     -33010.84000
    384       4538.10900
    385      15725.67000
    386      -1000.98400
    387      -8518.54700
    388       3289.59400
    389       1308.23400
    390     -32904.34000
    391     -70142.39000
    392     -72461.23000
    393     -41988.66000
    394     -16273.11000
    395     -20845.88000
    396     -40742.84000
    397     -46919.92000
    398     -36147.75000
    399     -25340.98000
    400     -19972.84000
    401     -12788.41000
    402      -3755.79700
    403        864.75000
    404        544.14060
    405      -4239.28100
    406     -16018.16000
    407     -27811.67000
    408     -23207.30000
    409      -2018.20300
    410      11379.59000
    411       -771.15620
    412     -25489.80000
    413     -40082.67000
    414     -42794.89000
    415     -46369.16000
    416     -52449.97000
    417     -50195.20000
    418     -36956.39000
    419     -25352.08000
    420     -26632.47000
    421     -35936.56000
    422     -39310.36000
    423     -31403.09000
    424     -21039.73000
    425     -21459.75000
    426     -37923.06000
    427     -61903.27000
    428     -76433.84000
    429     -72222.80000
    430     -58889.28000
    431     -52223.22000
    432     -50239.23000
    433     -34159.09000
    434       1111.20300
    435      31263.91000
    436      32073.78000
    437      13290.05000
    438       2163.78100
    439       3559.51600
    440       5043.18800
    441       9805.34400
    442      27375.92000
    443      41869.23000
    444      30910.36000
    445       5859.25000
    446      -7170.68800
    447     -11597.77000
    448     -26111.11000
    449     -43306.61000
    450     -41795.53000
    451     -24812.25000
    452     -13814.36000
    453     -16648.16000
    454     -26284.70000
    455     -36909.44000
    456     -42316.97000
    457     -34785.86000
    458     -20312.77000
    459     -16392.42000
    460     -24284.53000
    461     -27272.72000
    462     -24669.02000
    463     -34285.41000
    464     -49600.11000
    465     -34506.50000
    466      17137.53000
    467      54004.58000
    468      29484.62000
    469     -34302.08000
    470     -76002.34000
    471     -72588.94000
    472     -54012.92000
    473     -46166.88000
    474     -37279.58000
    475     -13915.36000
    476       4261.26600
    477      -6069.75000
    478     -30067.28000
    479     -33095.58000
    480      -8884.14100
    481      16726.73000
    482      21982.53000
    483       8509.96900
    484     -10959.05000
    485     -28412.64000
    486     -42206.95000
    487     -49856.72000
    488     -44464.22000
    489     -22755.39000
    490       5743.57800
    491      25488.70000
    492      29833.58000
    493      22145.00000
    494       5765.10900
    495     -17346.92000
    496     -41424.23000
    497     -58214.56000
    498     -60249.84000
    499     -40013.77000
    500       3027.26600
    501      49237.55000
    502      67317.62000
    503      47371.22000
    504      14471.27000
    505      -2909.51600
    506      -5143.89100
    507      -6649.00000
    508      -4585.50000
    509      11296.30000
    510      27895.25000
    511      20709.06000
    512      -4747.03100
    513     -12082.53000
    514      20216.08000
    515      69388.09000
    516      89323.70000
    517      57590.78000
    518       2700.34400
    519     -24085.30000
    520      -8717.28100
    521      13553.30000
    522      14763.25000
    523      11544.66000
    524      27366.33000
    525      47945.25000
    526      41853.77000
    527       8093.37500
    528     -22522.62000
    529     -27286.11000
    530     -12750.91000
    531       3933.48400
    532      13986.34000
    533      12873.00000
    534        440.70310
    535      -8005.59400
    536       4617.57800
    537      27734.91000
    538      34237.69000
    539      20559.61000
    540       9245.87500
    541      15267.36000
    542      29975.61000
    543      33885.03000
    544      18690.11000
    545       3132.90600
    546      15452.95000
    547      51869.77000
    548      79121.11000
    549      85013.02000
    550      89474.72000
    551     103655.10000
    552     121482.90000
    553     145359.50000
    554     175832.90000
    555     188412.50000
    556     161482.20000
    557     111536.80000
    558      72831.97000
    559      61048.80000
    560      70196.62000
    561      83523.14000
    562      84254.36000
    563      73797.97000
    564      71202.17000
    565      84657.34000
    566     102823.00000
    567     116886.40000
    568     124842.00000
    569     118313.70000
    570      95677.16000
    571      76635.42000
    572      73467.08000
    573      65938.94000
    574      35755.83000
    575       6511.34400
    576      17183.52000
    577      68017.36000
    578     116841.40000
    579     126007.50000
    580     100698.10000
    581      79908.86000
    582      91564.45000
    583     122598.00000
    584     140176.90000
    585     132564.00000
    586     113956.50000
    587      97514.80000
    588      84367.81000
    589      75541.72000
    590      77382.50000
    591      94584.36000
    592     125917.90000
    593     164999.30000
    594     201287.20000
    595     226143.30000
    596     241817.40000
    597     261268.30000
    598     295194.00000
    599     339693.30000
    600     381633.50000
    601     414871.50000
    602     443341.20000
    603     470595.40000
    604     501990.50000
    605     552530.80000
    606     630846.70000
    607     724545.90000
    608     822581.40000
    609     937819.90000
    610    1092902.00000
    611    1310463.00000
    612    1628174.00000
    613    2125044.00000
    614    2979088.00000
    615    4463349.00000
    616    6656235.00000
    617    9028024.00000
    618    10561670.00000
    619    10555510.00000
    620    9223477.00000
    621    7369694.00000
    622    5648884.00000
    623    4287124.00000
    624    3282782.00000
    625    2586720.00000
    626    2123174.00000
    627    1802734.00000
    628    1555065.00000
    629    1341371.00000
    630    1159750.00000
    631    1027256.00000
    632     934288.80000
    633     844016.60000
    634     742378.40000
    635     647140.80000
    636     569161.90000
    637     507307.80000
    638     469315.90000
    639     456435.10000
    640     441533.30000
    641     397479.80000
    642     334902.20000
    643     285820.20000
    644     260985.10000
    645     243337.10000
    646     217110.90000
    647     186085.50000
    648     162863.00000
    649     153391.10000
    650     155560.60000
    651     163090.80000
    652     168368.90000
    653     170565.10000
    654     177173.70000
    655     186570.80000
    656     181327.20000
    657     154939.50000
    658     128072.70000
    659     120068.70000
    660     125318.90000
    661     133847.40000
    662     148460.10000
    663     164674.70000
    664     161805.70000
    665     132926.00000
    666     101209.80000
    667      89918.59000
    668      93964.31000
    669      96907.34000
    670     100353.50000
    671     114598.10000
    672     129163.50000
    673     121317.80000
    674      94831.69000
    675      79992.81000
    676      87159.84000
    677      89778.56000
    678      66518.06000
    679      34815.41000
    680      26899.41000
    681      50558.38000
    682      86587.91000
    683     111039.70000
    684     110633.10000
    685      90259.66000
    686      73062.69000
    687      77581.91000
    688      89889.53000
    689      79306.78000
    690      45288.72000
    691      21822.88000
    692      31012.91000
    693      60036.12000
    694      86104.50000
    695      98919.28000
    696      99994.91000
    697      98073.75000
    698      99349.47000
    699      96153.41000
    700      79889.91000
    701      61220.75000
    702      55231.94000
    703      56008.12000
    704      50520.91000
    705      43891.88000
    706      45795.34000
    707      47408.12000
    708      36931.78000
    709      25202.94000
    710      32447.44000
    711      57093.50000
    712      76253.09000
    713      72837.03000
    714      49943.66000
    715      24702.69000
    716      16706.97000
    717      31199.59000
    718      46121.31000
    719      32979.97000
    720      -2366.81200
    721     -22911.09000
    722     -11286.12000
    723      11671.06000
    724      25879.62000
    725      35028.78000
    726      41747.75000
    727      37703.75000
    728      30509.44000
    729      42549.72000
    730      69261.22000
    731      76445.19000
    732      54171.41000
    733      35333.03000
    734      43528.91000
    735      58358.62000
    736      52106.03000
    737      32010.25000
    738      27512.62000
    739      54163.31000
    740     101549.30000
    741     145237.00000
    742     164558.60000
    743     154626.00000
    744     125362.80000
    745      92504.56000
    746      70005.78000
    747      61363.69000
    748      54255.78000
    749      36004.00000
    750      18081.97000
    751      26545.22000
    752      60403.41000
    753      83825.16000
    754      75329.44000
    755      58827.59000
    756      62947.38000
    757      76544.31000
    758      72963.84000
    759      52009.91000
    760      28424.91000
    761       5402.37500
    762     -14244.62000
    763     -16713.78000
    764       3321.53100
    765      33396.72000
    766      60661.84000
    767      80579.94000
    768      92968.31000
    769     102995.30000
    770     114686.00000
    771     119426.30000
    772     108211.20000
    773      91295.44000
    774      85790.66000
    775      92054.69000
    776      98050.22000
    777      95778.84000
    778      84453.72000
    779      69311.16000
    780      60316.66000
    781      63108.22000
    782      73475.69000
    783      83166.72000
    784      83384.31000
    785      66123.03000
    786      35790.53000
    787      14054.56000
    788      16772.34000
    789      30998.94000
    790      30797.34000
    791      11519.41000
    792      -7875.75000
    793     -13241.53000
    794      -8065.31200
    795       1528.65600
    796      14610.56000
    797      23264.41000
    798      12139.16000
    799     -18681.03000
    800     -44023.22000
    801     -40547.78000
    802     -17331.59000
    803      -6390.53100
    804     -21285.16000
    805     -37417.97000
    806     -25372.12000
    807       4209.90600
    808      11206.62000
    809     -17413.59000
    810     -48234.77000
    811     -48627.03000
    812     -26912.72000
    813     -10265.97000
    814      -6185.56200
    815      -4099.21900
    816       1881.78100
    817       7075.37500
    818       3833.25000
    819     -10879.09000
    820     -29392.19000
    821     -37125.03000
    822     -27756.69000
    823      -8747.28100
    824       8782.28100
    825      16992.41000
    826      12963.41000
    827       4201.15600
    828       4105.56200
    829      11734.16000
    830       8967.12500
    831     -12229.91000
    832     -34574.47000
    833     -37842.38000
    834     -22510.25000
    835      -1677.00000
    836      15312.84000
    837      19868.06000
    838       1965.90600
    839     -30581.44000
    840     -46434.41000
    841     -27661.44000
    842       1364.06200
    843       6169.12500
    844     -12383.44000
    845     -28799.31000
    846     -30762.31000
    847     -23586.31000
    848     -13342.59000
    849      -2517.46900
    850       8446.06200
    851      19285.75000
    852      23232.31000
    853      13441.44000
    854        168.31250
    855         -3.62500
    856       7171.09400
    857       2439.81200
    858     -14834.00000
    859     -30861.22000
    860     -40049.72000
    861     -37780.25000
    862     -12427.09000
    863      29896.75000
    864      56266.81000
    865      44839.66000
    866      13304.06000
    867      -2651.53100
    868      14003.53000
    869      47763.94000
    870      63872.81000
    871      42000.59000
    872        335.37500
    873     -25232.09000
    874     -22742.41000
    875      -8798.81200
    876        876.46880
    877       5130.75000
    878       6489.50000
    879       4700.31200
    880       1676.50000
    881       1920.18800
    882       5054.96900
    883       3021.18800
    884     -10176.38000
    885     -27132.97000
    886     -32668.53000
    887     -22307.62000
    888      -9183.18800
    889     -10187.72000
    890     -27621.22000
    891     -45680.44000
    892     -46926.97000
    893     -31748.91000
    894     -14549.34000
    895      -3590.78100
    896       1496.68800
    897      -2582.34400
    898     -16578.16000
    899     -26749.19000
    900     -22548.31000
    901     -17213.97000
    902     -27115.56000
    903     -42358.03000
    904     -40972.44000
    905     -19928.47000
    906       6974.59400
    907      29594.84000
    908      45123.69000
    909      51467.19000
    910      45917.66000
    911      25725.44000
    912      -6569.56200
    913     -34999.72000
    914     -42159.03000
    915     -34396.44000
    916     -33907.53000
    917     -42683.94000
    918     -41669.88000
    919     -26071.41000
    920     -11028.75000
    921      -4041.25000
    922       -159.65620
    923        944.28120
    924      -3809.31200
    925     -10651.44000
    926     -13215.75000
    927      -9416.06200
    928      -3626.50000
    929      -8026.56200
    930     -28901.62000
    931     -49283.69000
    932     -47857.94000
    933     -31529.12000
    934     -21464.91000
    935     -19397.53000
    936     -18977.53000
    937     -30331.97000
    938     -60478.88000
    939     -88617.42000
    940     -87583.11000
    941     -55759.94000
    942     -15476.06000
    943       7628.56200
    944       3831.68800
    945     -12220.66000
    946     -19477.09000
    947     -17371.78000
    948     -17461.47000
    949     -15004.12000
    950       2879.71900
    951      26466.38000
    952      29972.22000
    953       5898.62500
    954     -28501.69000
    955     -54027.78000
    956     -63771.69000
    957     -59622.28000
    958     -43839.69000
    959     -16821.03000
    960      12922.97000
    961      23302.69000
    962       1956.31200
    963     -28823.84000
    964     -34917.56000
    965     -15678.56000
    966       -680.75000
    967      -4553.00000
    968     -14050.28000
    969     -20724.44000
    970     -36079.34000
    971     -62316.31000
    972     -72800.47000
    973     -44270.94000
    974       5781.75000
    975      38668.12000
    976      41379.22000
    977      28467.75000
    978      10570.31000
    979      -7721.84400
    980     -11720.66000
    981       6686.43800
    982      24209.72000
    983       9500.21900
    984     -32931.69000
    985     -66218.88000
    986     -66397.91000
    987     -45146.00000
    988     -26601.16000
    989     -19041.78000
    990     -18515.00000
    991     -24972.44000
    992     -36123.22000
    993     -36771.94000
    994     -17096.91000
    995       6783.03100
    996      11159.78000
    997      -5654.06200
    998     -26199.12000
    999     -33257.38000
   1000     -20767.84000
   1001       -831.68750
   1002       4578.37500
   1003      -5776.28100
   1004      -7840.37500
   1005       6019.40600
   1006      10750.44000
   1007      -8175.18800
   1008     -29964.78000
   1009     -35289.91000
   1010     -34310.78000
   1011     -41078.94000
   1012     -48509.47000
   1013     -44423.28000
   1014     -31822.91000
   1015     -18438.81000
   1016      -1201.09400
   1017      21499.12000
   1018      31937.06000
   1019      11357.72000
   1020     -25873.00000
   1021     -41319.31000
   1022     -19933.03000
   1023      10148.53000
   1024      10181.53000
   1025     -25638.78000
   1026     -62252.22000
   1027     -63573.06000
   1028     -37289.59000
   1029     -18701.00000
   1030     -13239.09000
   1031       4017.75000
   1032      30756.62000
   1033      33640.84000
   1034       7629.84400
   1035     -16575.72000
   1036     -28552.09000
   1037     -47780.09000
   1038     -76008.69000
   1039     -91306.03000
   1040     -90920.88000
   1041     -95084.06000
   1042    -106747.50000
   1043    -107068.90000
   1044     -91720.69000
   1045     -76258.34000
   1046     -65422.41000
   1047     -49501.06000
   1048     -28497.62000
   1049     -10807.41000
   1050       4052.34400
   1051      17626.03000
   1052      22955.25000
   1053      20301.56000
   1054      18955.66000
   1055      13111.22000
   1056     -14026.72000
   1057     -56718.28000
   1058     -85816.41000
   1059     -82625.81000
   1060     -55764.47000
   1061     -31624.00000
   1062     -33171.59000
   1063     -52137.66000
   1064     -50220.44000
   1065     -11185.53000
   1066      26904.78000
   1067      21560.22000
   1068     -14598.75000
   1069     -35492.97000
   1070     -20871.03000
   1071      11933.91000
   1072      34999.97000
   1073      30532.34000
   1074       4034.43800
   1075     -15851.09000
   1076     -10131.34000
   1077       2310.62500
   1078      -5898.25000
   1079     -25207.28000
   1080     -25112.84000
   1081      -2922.03100
   1082      16811.09000
   1083      20292.88000
   1084      11371.03000
   1085      -6446.90600
   1086     -26266.41000
   1087     -30048.56000
   1088     -11484.19000
   1089       5964.25000
   1090      -2533.09400
   1091     -28976.16000
   1092     -45069.94000
   1093     -35647.22000
   1094      -7299.31200
   1095      19939.72000
   1096      22103.47000
   1097      -7862.78100
   1098     -45112.00000
   1099     -56696.34000
   1100     -38558.66000
   1101     -14893.62000
   1102      -9462.87500
   1103     -25476.81000
   1104     -41199.44000
   1105     -28498.75000
   1106       7820.59400
   1107      25797.28000
   1108       4085.50000
   1109     -23009.28000
   1110     -16191.09000
   1111      12901.81000
   1112      25362.03000
   1113       8548.62500
   1114     -18417.44000
   1115     -33485.03000
   1116     -30616.72000
   1117     -20572.34000
   1118     -17272.38000
   1119     -20736.25000
   1120     -20829.81000
   1121     -16510.62000
   1122     -14772.19000
   1123     -13086.16000
   1124      -3556.40600
   1125       7461.43800
   1126       4082.25000
   1127     -16127.66000
   1128     -40715.66000
   1129     -61067.91000
   1130     -77090.59000
   1131     -83832.00000
   1132     -69844.75000
   1133     -36915.31000
   1134      -9033.03100
   1135      -5498.50000
   1136     -14050.03000
   1137     -12550.09000
   1138      -5898.12500
   1139     -10993.50000
   1140     -18872.78000
   1141     -11154.69000
   1142        550.09380
   1143      -5263.56200
   1144     -16933.53000
   1145     -10220.84000
   1146       5471.65600
   1147       4258.06200
   1148      -9133.03100
   1149      -9330.81200
   1150       4082.21900
   1151       6041.12500
   1152     -12884.78000
   1153     -32522.12000
   1154     -32909.84000
   1155     -19902.47000
   1156     -14353.28000
   1157     -25778.84000
   1158     -44087.06000
   1159     -53698.03000
   1160     -48355.91000
   1161     -31215.31000
   1162      -8419.87500
   1163      11251.75000
   1164      16686.34000
   1165       4646.00000
   1166     -12765.31000
   1167     -18542.19000
   1168      -6878.62500
   1169      14079.91000
   1170      30031.25000
   1171      28686.25000
   1172       7000.71900
   1173     -26081.66000
   1174     -54616.94000
   1175     -63426.88000
   1176     -46777.78000
   1177     -16249.78000
   1178       6038.21900
   1179       9852.96900
   1180       4410.06200
   1181      -1031.00000
   1182      -9021.37500
   1183     -19433.47000
   1184     -21608.62000
   1185     -12727.69000
   1186      -7481.40600
   1187     -16457.66000
   1188     -28673.62000
   1189     -29234.44000
   1190     -22857.50000
   1191     -25501.66000
   1192     -38819.38000
   1193     -45946.62000
   1194     -33764.97000
   1195     -11102.62000
   1196       3079.53100
   1197       6539.87500
   1198      11057.62000
   1199      10815.84000
   1200     -14970.31000
   1201     -55101.59000
   1202     -63197.41000
   1203     -26002.16000
   1204       7563.25000
   1205      -5012.43800
   1206     -41500.34000
   1207     -54922.56000
   1208     -38997.34000
   1209     -24672.62000
   1210     -31425.41000
   1211     -45423.75000
   1212     -42413.91000
   1213     -20211.12000
   1214      -1810.09400
   1215      -6095.75000
   1216     -24350.75000
   1217     -31738.91000
   1218     -15744.56000
   1219      12169.28000
   1220      28795.19000
   1221      19664.53000
   1222      -8213.37500
   1223     -31333.06000
   1224     -31982.59000
   1225     -18479.00000
   1226     -15148.28000
   1227     -27542.59000
   1228     -34153.69000
   1229     -23022.19000
   1230     -11920.53000
   1231     -15207.72000
   1232     -22227.12000
   1233     -28481.75000
   1234     -48342.91000
   1235     -75458.06000
