      1     -28821.08000
      2     -58441.53000
      3     -62728.59000
      4     -53125.56000
      5     -55677.66000
      6     -72320.53000
      7     -74006.41000
      8     -42296.73000
      9      -3890.17200
     10       4114.92200
     11     -11072.38000
     12     -14722.67000
     13        603.95310
     14      15074.20000
     15      16432.34000
     16       2193.37500
     17     -28060.64000
     18     -58388.83000
     19     -65458.28000
     20     -55948.03000
     21     -58465.31000
     22     -72911.70000
     23     -70540.33000
     24     -47379.86000
     25     -32245.66000
     26     -35394.73000
     27     -30800.98000
     28      -2519.65600
     29      23508.89000
     30      14397.80000
     31     -20951.42000
     32     -41132.31000
     33     -26233.67000
     34       -331.89060
     35       5110.68800
     36     -10369.33000
     37     -27518.97000
     38     -38918.47000
     39     -48758.19000
     40     -51450.17000
     41     -34279.03000
     42      -2369.40600
     43      19088.83000
     44      14442.27000
     45      -5730.09400
     46     -24549.31000
     47     -38482.69000
     48     -46977.20000
     49     -41801.28000
     50     -21422.50000
     51       -705.25000
     52       5617.64100
     53      -4479.25000
     54     -28367.44000
     55     -60980.92000
     56     -86813.27000
     57     -88217.77000
     58     -65421.89000
     59     -37808.73000
     60     -25577.53000
     61     -32340.08000
     62     -41636.44000
     63     -33939.25000
     64     -11079.44000
     65       6052.68800
     66       5605.81200
     67      -6108.67200
     68     -21712.45000
     69     -37475.36000
     70     -43906.69000
     71     -33674.83000
     72     -15978.44000
     73      -6109.26600
     74      -6190.31200
     75      -7663.85900
     76      -5783.10900
     77      -2750.48400
     78      -1435.45300
     79      -2546.50000
     80      -6923.92200
     81     -16003.22000
     82     -27985.25000
     83     -39135.56000
     84     -50883.84000
     85     -64751.19000
     86     -69175.77000
     87     -51500.55000
     88     -26504.69000
     89     -26791.23000
     90     -59640.34000
     91     -98301.23000
     92    -116475.00000
     93    -106656.80000
     94     -71082.69000
     95     -22848.48000
     96       9288.54700
     97       3792.28100
     98     -25535.06000
     99     -42434.48000
    100     -31100.23000
    101     -13500.58000
    102     -17731.36000
    103     -39419.95000
    104     -49749.44000
    105     -37079.72000
    106     -18968.28000
    107     -11330.97000
    108     -11315.97000
    109     -17711.84000
    110     -40541.64000
    111     -74314.56000
    112     -84525.38000
    113     -45677.83000
    114      17876.64000
    115      53669.80000
    116      41481.73000
    117       9474.35900
    118     -10080.84000
    119     -15503.98000
    120     -20732.05000
    121     -30206.42000
    122     -39741.09000
    123     -46056.92000
    124     -47798.20000
    125     -46075.14000
    126     -44586.51000
    127     -43612.17000
    128     -40144.25000
    129     -38088.77000
    130     -46095.48000
    131     -59939.20000
    132     -62386.34000
    133     -50191.59000
    134     -44843.95000
    135     -59916.88000
    136     -72005.32000
    137     -49392.52000
    138      -2211.12500
    139      26400.80000
    140      16947.09000
    141      -9503.96900
    142     -28831.09000
    143     -36673.33000
    144     -36781.99000
    145     -35436.34000
    146     -41145.34000
    147     -49875.98000
    148     -45859.15000
    149     -29970.70000
    150     -22153.99000
    151     -28995.00000
    152     -39987.02000
    153     -54977.24000
    154     -77635.32000
    155     -85830.60000
    156     -50865.84000
    157      12957.84000
    158      53789.12000
    159      42753.43000
    160       3977.25000
    161     -23300.00000
    162     -33221.72000
    163     -47851.02000
    164     -73724.29000
    165     -90836.17000
    166     -87313.98000
    167     -75775.45000
    168     -66744.05000
    169     -54404.46000
    170     -36887.61000
    171     -22982.67000
    172     -15559.93000
    173     -13519.62000
    174     -24024.45000
    175     -47176.64000
    176     -63141.03000
    177     -61927.77000
    178     -64276.21000
    179     -83120.05000
    180     -91127.42000
    181     -63664.16000
    182     -29015.30000
    183     -32770.86000
    184     -68056.88000
    185     -83800.54000
    186     -55419.65000
    187     -10248.34000
    188      14563.78000
    189       9835.64800
    190      -8081.00800
    191     -15186.04000
    192        258.67190
    193      20176.05000
    194       9516.33600
    195     -40067.46000
    196     -92814.11000
    197    -108839.10000
    198     -89461.38000
    199     -70256.46000
    200     -77628.74000
    201    -102588.40000
    202    -114062.90000
    203     -91131.52000
    204     -42750.27000
    205          0.94531
    206       9984.46900
    207     -12989.38000
    208     -41923.74000
    209     -48798.51000
    210     -33002.42000
    211     -18151.48000
    212     -20595.92000
    213     -33360.80000
    214     -43366.43000
    215     -47679.47000
    216     -46009.03000
    217     -34562.88000
    218     -16637.38000
    219      -5098.69500
    220      -8677.14100
    221     -25860.23000
    222     -48569.41000
    223     -61583.02000
    224     -52006.19000
    225     -29034.53000
    226     -11525.88000
    227       6374.36700
    228      38906.62000
    229      60462.27000
    230      29930.80000
    231     -35442.37000
    232     -71923.23000
    233     -57631.09000
    234     -33125.09000
    235     -35207.48000
    236     -58653.26000
    237     -79711.98000
    238     -82214.47000
    239     -65029.45000
    240     -42272.92000
    241     -29127.12000
    242     -23853.02000
    243     -13817.78000
    244       4074.62500
    245      17595.65000
    246      11463.65000
    247     -16186.62000
    248     -48833.48000
    249     -67477.56000
    250     -68299.82000
    251     -58423.77000
    252     -46550.47000
    253     -45386.59000
    254     -63693.05000
    255     -87344.09000
    256     -89991.07000
    257     -67486.33000
    258     -41236.14000
    259     -29836.49000
    260     -35924.62000
    261     -53190.02000
    262     -69414.62000
    263     -70973.72000
    264     -55382.04000
    265     -34455.07000
    266     -23415.04000
    267     -29569.05000
    268     -45046.36000
    269     -49874.87000
    270     -33987.71000
    271     -12485.47000
    272      -4427.06200
    273      -5264.84400
    274       1098.46100
    275      12743.93000
    276      11421.89000
    277     -13266.89000
    278     -52114.46000
    279     -81477.42000
    280     -80676.64000
    281     -57048.58000
    282     -44764.02000
    283     -60098.87000
    284     -73776.75000
    285     -52272.03000
    286      -8132.75800
    287      19513.30000
    288      16598.15000
    289      -2648.07800
    290     -26820.02000
    291     -53286.68000
    292     -74328.52000
    293     -80162.88000
    294     -69978.97000
    295     -49578.22000
    296     -26114.04000
    297      -9230.50800
    298      -6510.23400
    299     -15283.58000
    300     -26824.34000
    301     -36962.27000
    302     -47044.84000
    303     -57270.34000
    304     -61973.84000
    305     -52023.32000
    306     -27961.45000
    307      -7580.35900
    308      -3925.17200
    309      -2744.82800
    310      11302.91000
    311      16995.13000
    312     -15602.91000
    313     -68687.69000
    314     -91959.38000
    315     -69806.79000
    316     -35682.51000
    317     -22064.39000
    318     -25427.58000
    319     -22594.62000
    320      -5581.58600
    321       8493.93800
    322       2856.87500
    323     -14639.28000
    324     -25928.01000
    325     -29403.32000
    326     -33738.64000
    327     -39340.67000
    328     -43745.87000
    329     -50002.59000
    330     -55684.77000
    331     -49562.06000
    332     -29551.12000
    333     -11903.79000
    334     -17072.10000
    335     -50675.08000
    336     -96172.95000
    337    -123544.40000
    338    -110438.50000
    339     -60382.40000
    340      -2307.43800
    341      28808.00000
    342      18137.55000
    343     -16880.07000
    344     -43798.29000
    345     -46904.98000
    346     -38564.92000
    347     -38923.87000
    348     -51152.55000
    349     -62302.66000
    350     -65284.44000
    351     -67750.78000
    352     -75368.85000
    353     -79938.98000
    354     -73009.30000
    355     -58395.83000
    356     -42478.84000
    357     -25253.87000
    358      -9908.21100
    359     -10133.53000
    360     -35291.91000
    361     -70199.70000
    362     -81450.35000
    363     -53384.64000
    364     -10828.05000
    365       9170.89100
    366       1041.69500
    367     -14093.05000
    368     -27268.25000
    369     -45326.25000
    370     -60603.97000
    371     -52684.63000
    372     -24830.29000
    373      -7221.95300
    374     -14752.52000
    375     -28629.40000
    376     -29202.84000
    377     -21691.34000
    378     -19237.91000
    379     -23032.16000
    380     -28804.59000
    381     -34481.84000
    382     -36161.91000
    383     -28706.13000
    384      -8957.54700
    385      26133.61000
    386      70357.07000
    387      95494.45000
    388      72494.04000
    389      11806.59000
    390     -40066.16000
    391     -50961.41000
    392     -31973.63000
    393     -12498.89000
    394      -2939.48400
    395       7859.67200
    396      25661.10000
    397      37459.91000
    398      30946.56000
    399      14917.09000
    400       8143.80500
    401      14709.90000
    402      19327.74000
    403       4772.04700
    404     -26369.30000
    405     -48433.09000
    406     -40086.40000
    407     -10393.34000
    408      20057.10000
    409      50902.12000
    410      86610.34000
    411     107532.30000
    412      94109.49000
    413      63370.58000
    414      46517.45000
    415      47892.23000
    416      51185.48000
    417      45609.62000
    418      29893.22000
    419      11311.74000
    420       5730.93000
    421      19990.83000
    422      40418.17000
    423      54251.89000
    424      68421.66000
    425      90593.57000
    426     105523.70000
    427      89380.44000
    428      46855.65000
    429      19931.18000
    430      46260.40000
    431     115388.40000
    432     183508.00000
    433     221753.80000
    434     227108.40000
    435     205074.60000
    436     175865.00000
    437     176254.10000
    438     218355.00000
    439     265058.00000
    440     276489.90000
    441     261280.10000
    442     260127.80000
    443     297454.40000
    444     364248.90000
    445     429449.80000
    446     454133.10000
    447     413065.30000
    448     324238.80000
    449     249233.20000
    450     237527.30000
    451     270393.00000
    452     288501.80000
    453     274196.00000
    454     267441.20000
    455     296095.70000
    456     337757.10000
    457     363227.80000
    458     371952.00000
    459     366232.80000
    460     331954.80000
    461     270854.10000
    462     221507.30000
    463     218890.90000
    464     247579.10000
    465     261598.00000
    466     244225.00000
    467     220851.90000
    468     210576.30000
    469     198674.00000
    470     174347.20000
    471     163603.00000
    472     195213.80000
    473     256743.30000
    474     313565.50000
    475     350704.60000
    476     372623.80000
    477     386469.30000
    478     405655.10000
    479     444151.30000
    480     492336.80000
    481     524670.50000
    482     535251.30000
    483     538265.80000
    484     538880.10000
    485     535247.00000
    486     540734.10000
    487     570343.20000
    488     612324.90000
    489     641392.10000
    490     654276.60000
    491     673207.40000
    492     729104.70000
    493     860075.60000
    494    1098795.00000
    495    1451450.00000
    496    1969624.00000
    497    2891267.00000
    498    4539160.00000
    499    6838664.00000
    500    8982767.00000
    501    9887308.00000
    502    9127730.00000
    503    7293642.00000
    504    5366648.00000
    505    3913598.00000
    506    2933300.00000
    507    2235368.00000
    508    1725153.00000
    509    1380547.00000
    510    1160037.00000
    511    1005916.00000
    512     878084.40000
    513     755496.90000
    514     635000.20000
    515     534188.40000
    516     469405.50000
    517     430700.50000
    518     396259.50000
    519     362946.20000
    520     342013.50000
    521     333695.30000
    522     325807.40000
    523     311446.20000
    524     290817.30000
    525     261354.50000
    526     223143.50000
    527     190040.30000
    528     177213.40000
    529     179864.70000
    530     182480.50000
    531     184074.30000
    532     194378.20000
    533     213385.40000
    534     234850.90000
    535     256609.30000
    536     269585.40000
    537     257932.00000
    538     225887.60000
    539     197972.20000
    540     181356.70000
    541     160041.40000
    542     133667.20000
    543     124350.10000
    544     135703.50000
    545     143004.90000
    546     137157.70000
    547     142050.90000
    548     169368.10000
    549     190054.90000
    550     176752.40000
    551     145654.50000
    552     128252.20000
    553     128928.90000
    554     135750.80000
    555     141451.80000
    556     130615.20000
    557      84218.33000
    558      21818.00000
    559        453.12890
    560      43483.76000
    561     100950.50000
    562     108071.30000
    563      63074.79000
    564      20708.44000
    565      19073.50000
    566      42344.46000
    567      58477.34000
    568      62850.79000
    569      67942.95000
    570      73462.45000
    571      68319.09000
    572      50004.27000
    573      26905.38000
    574       7543.09000
    575      -3575.75400
    576      -1652.68000
    577      17266.71000
    578      43324.93000
    579      52229.34000
    580      36830.57000
    581      27835.33000
    582      55620.23000
    583     103119.70000
    584     125972.30000
    585     106975.80000
    586      66838.05000
    587      37329.23000
    588      39973.03000
    589      71695.28000
    590     103826.20000
    591     113018.30000
    592     106063.10000
    593      96249.31000
    594      78558.38000
    595      51725.56000
    596      33167.49000
    597      27435.59000
    598      16183.23000
    599      -1125.82000
    600       -924.79690
    601      13450.52000
    602       4831.37900
    603     -35940.24000
    604     -68324.55000
    605     -58088.89000
    606     -16478.12000
    607      25574.21000
    608      49932.69000
    609      52683.60000
    610      38802.01000
    611      22213.35000
    612      17020.62000
    613      23994.86000
    614      31659.02000
    615      31532.57000
    616      26255.22000
    617      21161.95000
    618      16393.74000
    619      11914.66000
    620      10979.19000
    621      13064.47000
    622      13637.25000
    623      14553.58000
    624      21735.67000
    625      30377.92000
    626      28373.77000
    627      17507.04000
    628      13627.77000
    629      21048.79000
    630      25719.73000
    631      20951.90000
    632      18723.50000
    633      24506.95000
    634      24512.51000
    635      12610.70000
    636       5173.48800
    637      12332.83000
    638      19801.97000
    639      15762.98000
    640      10279.07000
    641      12806.89000
    642      15709.00000
    643      13051.99000
    644      10093.18000
    645       3971.05900
    646     -16559.54000
    647     -41659.93000
    648     -41609.41000
    649     -10378.20000
    650      21200.28000
    651      27036.84000
    652      14222.46000
    653       4302.05500
    654      10677.85000
    655      33164.72000
    656      53057.45000
    657      42472.54000
    658      -1824.37100
    659     -46003.48000
    660     -55412.68000
    661     -30910.82000
    662      -1221.16400
    663       8673.20700
    664      -2700.84400
    665     -16847.60000
    666     -16097.25000
    667      -1914.10200
    668       9598.55100
    669       7271.81200
    670      -6522.73800
    671     -23403.98000
    672     -34202.38000
    673     -28659.93000
    674      -6961.00000
    675       7898.27700
    676      -6174.10200
    677     -31749.79000
    678     -30364.70000
    679      -2200.28100
    680      14060.07000
    681       2447.60200
    682     -14183.03000
    683     -17331.97000
    684      -8639.55100
    685       9533.24200
    686      31046.37000
    687      37233.71000
    688      21708.06000
    689       5257.55900
    690       3043.89800
    691       1315.17600
    692     -11106.61000
    693     -13610.58000
    694      15189.03000
    695      54506.63000
    696      63208.19000
    697      38311.52000
    698      18617.50000
    699      29506.51000
    700      53856.99000
    701      59683.11000
    702      33852.69000
    703      -9681.03500
    704     -40786.32000
    705     -40968.64000
    706     -24488.53000
    707     -15362.39000
    708     -10438.60000
    709       8339.14800
    710      35508.43000
    711      46473.53000
    712      33111.89000
    713      12124.13000
    714       3403.30500
    715      11530.19000
    716      24868.41000
    717      31088.01000
    718      32564.20000
    719      38729.52000
    720      48514.91000
    721      52797.53000
    722      45494.89000
    723      24100.32000
    724      -5383.16800
    725     -22453.62000
    726     -13169.04000
    727       6697.31600
    728      11495.00000
    729      -1333.96900
    730     -14706.57000
    731     -12654.41000
    732       9827.44100
    733      38368.25000
    734      44774.07000
    735      21356.96000
    736      -4563.88300
    737      -9184.09000
    738      -3342.79700
    739      -8838.87900
    740     -27057.57000
    741     -43184.51000
    742     -43110.26000
    743     -21577.03000
    744      12235.50000
    745      36910.21000
    746      35297.35000
    747       8371.76600
    748     -27685.52000
    749     -55444.61000
    750     -69244.01000
    751     -74399.39000
    752     -71073.86000
    753     -48665.93000
    754      -7693.10200
    755      25761.79000
    756      26974.99000
    757       4241.67200
    758     -16497.32000
    759     -27173.68000
    760     -35464.53000
    761     -39587.33000
    762     -31050.79000
    763     -14426.55000
    764      -2429.35200
    765       1072.81600
    766      -2875.17200
    767     -18707.89000
    768     -46690.59000
    769     -69290.66000
    770     -62104.68000
    771     -22774.02000
    772      17857.68000
    773      25611.26000
    774       2888.19100
    775     -18960.47000
    776     -25834.80000
    777     -31437.30000
    778     -40337.35000
    779     -36341.73000
    780     -16293.91000
    781      -4802.44100
    782     -23034.80000
    783     -58354.76000
    784     -72117.27000
    785     -39032.12000
    786      19469.90000
    787      54610.34000
    788      48512.85000
    789      28746.74000
    790      20958.42000
    791      23727.13000
    792      32322.07000
    793      44158.14000
    794      42167.39000
    795      15658.75000
    796     -10004.62000
    797      -3564.55700
    798      25810.41000
    799      44049.20000
    800      37346.39000
    801      17698.24000
    802      -1142.49400
    803     -15544.70000
    804     -27853.05000
    805     -38126.73000
    806     -39479.37000
    807     -24947.11000
    808         79.92188
    809      19490.84000
    810      24700.90000
    811      24887.66000
    812      31204.86000
    813      37061.12000
    814      30791.59000
    815      22396.52000
    816      30054.81000
    817      42589.52000
    818      30906.93000
    819      -4460.65000
    820     -35528.09000
    821     -51993.77000
    822     -65151.10000
    823     -75041.01000
    824     -72387.99000
    825     -64336.66000
    826     -65549.52000
    827     -72447.19000
    828     -69074.62000
    829     -49982.46000
    830     -25803.32000
    831     -15012.33000
    832     -29121.33000
    833     -54963.33000
    834     -62038.87000
    835     -40527.54000
    836     -16686.48000
    837     -17218.13000
    838     -36051.46000
    839     -49161.13000
    840     -47670.34000
    841     -44438.20000
    842     -52385.99000
    843     -62200.27000
    844     -50217.32000
    845     -13216.14000
    846      21668.79000
    847      33465.26000
    848      32770.07000
    849      37431.69000
    850      45833.09000
    851      46233.20000
    852      34080.87000
    853      14561.18000
    854       -645.68360
    855      -1628.29700
    856       8730.09000
    857      17780.76000
    858      17018.91000
    859       8848.95500
    860       4575.42000
    861      13456.00000
    862      27029.60000
    863      26815.27000
    864      15662.49000
    865      18501.06000
    866      41486.70000
    867      57566.34000
    868      44202.00000
    869      12316.05000
    870     -11752.24000
    871     -16790.02000
    872     -11758.99000
    873      -7317.60700
    874      -1240.79700
    875      11473.25000
    876      21791.62000
    877      17234.33000
    878       4957.23600
    879       3337.24800
    880      13851.57000
    881      20223.55000
    882      12208.61000
    883      -2036.70300
    884      -3495.56500
    885      17318.03000
    886      39213.18000
    887      24865.16000
    888     -27055.47000
    889     -68461.12000
    890     -61648.99000
    891     -23251.21000
    892      10705.21000
    893      28461.69000
    894      34025.00000
    895      29184.65000
    896      18485.83000
    897       8951.03200
    898       1042.08600
    899      -9561.68300
    900     -28033.84000
    901     -55891.44000
    902     -76568.73000
    903     -62273.60000
    904     -16103.56000
    905      17570.59000
    906       7516.38800
    907     -25165.58000
    908     -40823.66000
    909     -29980.37000
    910     -12353.03000
    911      -5485.48800
    912     -10008.85000
    913     -19254.71000
    914     -28434.47000
    915     -31349.05000
    916     -22439.13000
    917      -8967.02300
    918      -5368.10500
    919      -9987.09300
    920      -8325.30000
    921      -2810.95900
    922     -13253.88000
    923     -41370.53000
    924     -58881.88000
    925     -42860.68000
    926      -9650.94400
    927        527.45800
    928     -26483.69000
    929     -57110.39000
    930     -50177.02000
    931      -9525.63300
    932      22715.11000
    933      21152.38000
    934       1683.60600
    935     -12845.63000
    936     -26172.34000
    937     -49212.67000
    938     -65792.33000
    939     -48064.47000
    940       -131.50680
    941      44050.71000
    942      64128.22000
    943      64972.39000
    944      49291.36000
    945      12983.79000
    946     -30821.57000
    947     -55266.77000
    948     -53345.82000
    949     -42700.77000
    950     -34131.77000
    951     -22245.17000
    952     -11134.62000
    953     -17877.75000
    954     -42052.21000
    955     -62377.89000
    956     -69919.36000
    957     -73518.25000
    958     -71537.93000
    959     -52223.45000
    960     -19729.98000
    961       9625.07900
    962      29145.86000
    963      38803.45000
    964      36403.29000
    965      25326.27000
    966      14036.41000
    967       5560.51300
    968       1108.80600
    969       2705.80200
    970       2872.29900
    971      -5598.65700
    972      -9497.37900
    973       2095.28900
    974       6462.53600
    975     -17770.64000
    976     -43749.42000
    977     -35879.18000
    978     -12775.73000
    979     -16591.75000
    980     -42689.02000
    981     -51668.69000
    982     -32690.16000
    983     -11459.70000
    984      -9478.42400
    985     -25919.60000
    986     -48030.46000
    987     -58991.96000
    988     -45345.83000
    989     -11504.94000
    990      16835.01000
    991      13988.85000
    992     -17673.01000
    993     -46885.25000
    994     -46529.42000
    995     -21929.55000
    996        446.68120
    997       3856.06400
    998      -6459.85600
    999     -12446.97000
   1000       -931.11340
   1001      20016.86000
   1002      26786.15000
   1003      10376.62000
   1004     -11334.67000
   1005     -19082.10000
   1006     -12608.13000
   1007       -983.37570
   1008       6589.53200
   1009      -2447.35100
   1010     -34519.80000
   1011     -74084.31000
   1012     -94807.53000
   1013     -89109.40000
   1014     -74250.44000
   1015     -66856.33000
   1016     -63151.07000
   1017     -51539.88000
   1018     -34060.58000
   1019     -19786.98000
   1020      -4797.74300
   1021      19947.11000
   1022      45091.78000
   1023      49504.46000
   1024      28805.46000
   1025         70.61133
   1026     -18998.57000
   1027     -25246.32000
   1028     -28147.39000
   1029     -36030.87000
   1030     -43641.60000
   1031     -40677.24000
   1032     -30546.23000
   1033     -23365.62000
   1034     -15432.21000
   1035        970.68700
   1036      15636.04000
   1037      14303.37000
   1038       4697.12500
   1039       4738.17400
   1040      15077.96000
   1041      21865.20000
   1042      18434.52000
   1043      11761.61000
   1044      11327.54000
   1045      17118.42000
   1046      20166.49000
   1047      14131.96000
   1048       1142.90500
   1049     -12201.14000
   1050     -17127.45000
   1051      -8384.92900
   1052       3319.73500
   1053        665.92380
   1054     -10787.12000
   1055      -8298.09900
   1056       8484.03400
   1057      17326.63000
   1058      13483.64000
   1059      13014.15000
   1060      19849.24000
   1061      22785.46000
   1062      16211.51000
   1063         70.48438
   1064     -24841.57000
   1065     -47493.51000
   1066     -53747.50000
   1067     -47984.42000
   1068     -45691.10000
   1069     -47555.46000
   1070     -42094.84000
   1071     -28019.96000
   1072     -16533.74000
   1073     -16002.85000
   1074     -23832.43000
   1075     -32416.79000
   1076     -40926.17000
   1077     -55799.98000
   1078     -72850.10000
   1079     -71296.15000
   1080     -41743.08000
   1081      -4886.18600
   1082      17317.88000
   1083      30631.62000
   1084      46360.27000
   1085      50855.29000
   1086      23700.59000
   1087     -26322.50000
   1088     -64588.02000
   1089     -65548.57000
   1090     -35173.70000
   1091      -2753.62500
   1092       6478.53900
   1093      -8039.66300
   1094     -28823.34000
   1095     -40643.17000
   1096     -35274.04000
   1097      -5689.11300
   1098      43657.33000
   1099      82248.69000
   1100      72841.17000
   1101      16394.15000
   1102     -38340.79000
   1103     -45602.96000
   1104     -13439.34000
   1105      12476.59000
   1106       6717.08600
   1107     -15795.08000
   1108     -30958.09000
   1109     -31300.75000
   1110     -20876.83000
   1111      -6764.57600
   1112        663.94140
   1113      -6448.12900
   1114     -23922.67000
   1115     -37460.67000
   1116     -36137.80000
   1117     -26170.96000
   1118     -29445.36000
   1119     -57582.74000
   1120     -89069.60000
   1121     -91622.62000
   1122     -66672.22000
   1123     -46302.43000
   1124     -45076.23000
   1125     -43679.16000
   1126     -23977.73000
   1127       6541.37100
   1128      28258.25000
   1129      25736.30000
   1130      -6811.29100
   1131     -55090.39000
   1132     -85550.88000
   1133     -76938.48000
   1134     -44939.23000
   1135     -20198.16000
   1136     -14011.54000
   1137     -20253.13000
   1138     -32490.99000
   1139     -40314.39000
   1140     -27548.46000
   1141       3728.44900
   1142      22906.54000
   1143       5776.25600
   1144     -31645.53000
   1145     -51366.23000
   1146     -37615.55000
   1147      -9798.16400
   1148       4719.47700
   1149       2097.32800
   1150       2258.47100
   1151      16746.56000
   1152      26594.86000
   1153       6537.53500
   1154     -36130.36000
   1155     -68078.28000
   1156     -71533.14000
   1157     -57976.68000
   1158     -43611.27000
   1159     -33674.59000
   1160     -30190.41000
   1161     -34888.07000
   1162     -41995.91000
   1163     -40929.82000
   1164     -27016.14000
   1165      -3767.42400
   1166      19145.15000
   1167      25402.73000
   1168        925.53520
   1169     -48452.05000
   1170     -96705.41000
   1171    -121294.40000
   1172    -119989.20000
   1173    -102182.90000
   1174     -73375.89000
   1175     -34585.58000
   1176       6255.26000
   1177      29907.54000
   1178      19748.27000
   1179     -19354.86000
   1180     -61447.05000
   1181     -77725.20000
   1182     -53381.92000
   1183         82.58008
   1184      43878.77000
   1185      45000.01000
   1186      18021.24000
   1187       4685.87900
   1188       7969.46900
   1189      -9408.50400
   1190     -51606.01000
   1191     -69498.76000
   1192     -35105.48000
   1193      13794.80000
   1194      29311.62000
   1195      12408.52000
   1196      -8195.35900
   1197     -19776.15000
   1198     -22935.71000
   1199     -12933.54000
   1200      10287.06000
   1201      27896.02000
   1202      18554.15000
   1203     -13441.08000
   1204     -36108.89000
   1205     -21327.78000
   1206      20405.51000
   1207      45550.30000
   1208      26770.20000
   1209     -13775.76000
   1210     -34395.47000
   1211     -26013.02000
   1212     -16354.79000
   1213     -27809.39000
   1214     -49257.42000
   1215     -54262.68000
   1216     -37282.86000
   1217     -19851.79000
   1218     -21132.68000
   1219     -36221.20000
   1220     -47225.88000
   1221     -41892.33000
   1222     -19118.38000
   1223       8910.28900
   1224      21375.58000
   1225       9519.64100
   1226     -12788.45000
   1227     -28511.32000
   1228     -35793.58000
   1229     -40209.67000
   1230     -44466.52000
   1231     -50182.30000
   1232     -54255.91000
   1233     -43960.46000
   1234     -13644.29000
   1235      15317.91000
