      1       7668.16800
      2     -17671.27000
      3     -20829.93000
      4      -4664.73400
      5       -139.62110
      6     -19076.52000
      7     -39232.52000
      8     -40197.37000
      9     -29833.46000
     10     -26846.67000
     11     -36112.27000
     12     -50123.33000
     13     -59592.14000
     14     -55700.30000
     15     -35776.29000
     16     -12403.79000
     17      -4495.87500
     18     -14337.90000
     19     -25132.74000
     20     -25396.08000
     21     -23573.66000
     22     -32612.47000
     23     -51168.66000
     24     -67280.29000
     25     -71526.52000
     26     -62641.41000
     27     -49104.25000
     28     -43494.94000
     29     -44695.24000
     30     -35514.89000
     31     -13233.01000
     32      -4555.19100
     33     -28023.73000
     34     -60376.07000
     35     -65723.39000
     36     -42410.45000
     37     -17711.04000
     38      -7804.84400
     39      -5302.46500
     40      -3072.64500
     41      -8960.85500
     42     -28041.30000
     43     -46617.31000
     44     -50440.06000
     45     -44788.68000
     46     -38029.42000
     47     -23697.85000
     48       -804.28120
     49       9173.28500
     50      -8795.30500
     51     -34657.83000
     52     -36496.66000
     53     -12377.54000
     54       7385.59800
     55      -2570.77300
     56     -33493.48000
     57     -55672.65000
     58     -54879.38000
     59     -42168.40000
     60     -30250.31000
     61     -20395.11000
     62     -14556.51000
     63     -18366.25000
     64     -26836.90000
     65     -25269.27000
     66      -9564.14500
     67       6535.73400
     68       7446.60200
     69      -8672.54700
     70     -29805.38000
     71     -40476.49000
     72     -35040.30000
     73     -23317.63000
     74     -18576.78000
     75     -20522.81000
     76     -19471.34000
     77     -14737.42000
     78     -15094.60000
     79     -23945.57000
     80     -38465.53000
     81     -57324.02000
     82     -73770.12000
     83     -71593.42000
     84     -45075.79000
     85     -12311.18000
     86       5185.66400
     87       4150.54300
     88      -8430.19900
     89     -27773.70000
     90     -44844.47000
     91     -43733.09000
     92     -20192.30000
     93       5843.39500
     94       8475.66400
     95     -14985.81000
     96     -40195.49000
     97     -43138.21000
     98     -27945.27000
     99     -21293.41000
    100     -36176.31000
    101     -51423.53000
    102     -39939.14000
    103      -9416.60900
    104       4503.86300
    105     -16372.80000
    106     -52612.93000
    107     -71546.64000
    108     -58173.20000
    109     -24371.89000
    110       4137.21500
    111      14372.44000
    112      19112.60000
    113      32719.30000
    114      42765.77000
    115      25619.53000
    116     -17152.29000
    117     -58058.82000
    118     -72697.66000
    119     -56089.20000
    120     -22370.10000
    121       1261.28100
    122      -6091.03900
    123     -37581.07000
    124     -66361.91000
    125     -73934.41000
    126     -61953.29000
    127     -43980.87000
    128     -35574.11000
    129     -42152.79000
    130     -48918.45000
    131     -35590.07000
    132      -5151.59000
    133      17219.76000
    134      15388.83000
    135      -4923.19900
    136     -32789.00000
    137     -58056.87000
    138     -61295.71000
    139     -27550.71000
    140      22374.87000
    141      43289.73000
    142      18856.45000
    143     -23066.13000
    144     -53953.23000
    145     -70602.13000
    146     -72074.35000
    147     -51874.44000
    148     -24714.68000
    149     -20415.39000
    150     -36692.67000
    151     -35925.91000
    152      -2539.78100
    153      32349.79000
    154      38032.13000
    155      23502.84000
    156      12451.84000
    157       6323.98000
    158      -6420.43400
    159     -22029.15000
    160     -24845.45000
    161     -11068.23000
    162       8382.71500
    163      22779.25000
    164      25677.52000
    165      12800.94000
    166      -9492.36700
    167     -24129.62000
    168     -25495.06000
    169     -27322.65000
    170     -36378.49000
    171     -38222.98000
    172     -22762.79000
    173      -1938.53100
    174      11010.29000
    175      18401.73000
    176      23522.52000
    177      18075.45000
    178      -4801.30100
    179     -35219.28000
    180     -52549.64000
    181     -47675.48000
    182     -34583.76000
    183     -31018.63000
    184     -33380.65000
    185     -29025.65000
    186     -24385.20000
    187     -32269.57000
    188     -40716.62000
    189     -27840.55000
    190       -824.99220
    191      10943.95000
    192      -2605.68800
    193     -21793.16000
    194     -27162.94000
    195     -22682.27000
    196     -22272.98000
    197     -24461.61000
    198     -18711.98000
    199     -12506.62000
    200     -23675.95000
    201     -46497.02000
    202     -59509.80000
    203     -61843.01000
    204     -64126.84000
    205     -56974.21000
    206     -29588.83000
    207       -804.39060
    208       4792.80500
    209      -9749.50000
    210     -28103.30000
    211     -43215.98000
    212     -52992.85000
    213     -56438.39000
    214     -55508.79000
    215     -48413.91000
    216     -33156.93000
    217     -20274.23000
    218     -20479.57000
    219     -25047.38000
    220     -21333.62000
    221     -13217.65000
    222      -7778.07800
    223      -3859.64100
    224      -6102.72700
    225     -24493.88000
    226     -52950.71000
    227     -70258.92000
    228     -62754.11000
    229     -34856.20000
    230      -5643.65600
    231       2204.63300
    232     -16329.64000
    233     -41440.60000
    234     -53118.81000
    235     -49783.76000
    236     -36020.59000
    237     -14967.96000
    238         -6.17188
    239      -7612.60200
    240     -31725.81000
    241     -48319.74000
    242     -48039.24000
    243     -42335.11000
    244     -37575.20000
    245     -27017.95000
    246     -11153.28000
    247      -4834.39800
    248     -17109.23000
    249     -37440.07000
    250     -47842.66000
    251     -42212.56000
    252     -32973.05000
    253     -39720.23000
    254     -65216.85000
    255     -83534.50000
    256     -65138.31000
    257     -15492.56000
    258      25903.88000
    259      29103.48000
    260       4730.43000
    261     -15026.69000
    262     -18344.59000
    263     -24152.80000
    264     -47008.61000
    265     -67575.13000
    266     -57991.04000
    267     -28218.78000
    268     -18565.12000
    269     -43636.70000
    270     -71592.14000
    271     -67736.20000
    272     -36060.91000
    273      -7077.33600
    274      -1834.17200
    275     -16688.16000
    276     -31333.69000
    277     -29183.54000
    278     -16956.38000
    279     -15904.05000
    280     -27992.26000
    281     -32499.73000
    282     -23863.75000
    283     -20396.18000
    284     -25854.17000
    285     -20131.98000
    286       2339.62500
    287      22708.90000
    288      30986.03000
    289      34719.41000
    290      35708.98000
    291      27088.90000
    292       9689.65600
    293      -8525.71100
    294     -22319.62000
    295     -28321.48000
    296     -24415.66000
    297     -17634.75000
    298     -23846.62000
    299     -49567.40000
    300     -75932.02000
    301     -73717.77000
    302     -40825.57000
    303      -9575.09400
    304      -6270.05500
    305     -21613.83000
    306     -33108.54000
    307     -35301.23000
    308     -33680.50000
    309     -28243.34000
    310     -16900.87000
    311      -4157.73400
    312       1264.30500
    313      -6440.46900
    314     -25291.81000
    315     -45978.49000
    316     -58308.55000
    317     -54620.95000
    318     -30536.12000
    319       4119.03900
    320      18353.73000
    321     -11448.48000
    322     -63223.85000
    323     -85932.25000
    324     -60461.49000
    325     -19069.77000
    326        -94.07812
    327      -8965.38300
    328     -27155.62000
    329     -35676.87000
    330     -26130.58000
    331      -5200.93000
    332      11890.67000
    333      18230.96000
    334      14765.44000
    335      -4299.52300
    336     -41346.89000
    337     -72718.20000
    338     -67839.23000
    339     -32932.34000
    340      -5925.18000
    341      -6450.39800
    342     -18220.86000
    343     -21949.20000
    344     -17284.91000
    345      -7182.37500
    346      10819.57000
    347      26717.36000
    348      18528.18000
    349     -13283.47000
    350     -37561.34000
    351     -35019.31000
    352     -23283.49000
    353     -24996.58000
    354     -37779.23000
    355     -46668.03000
    356     -42750.84000
    357     -26186.36000
    358      -7838.35900
    359       -610.19530
    360        193.03120
    361       7851.25800
    362      13650.70000
    363      -3679.35900
    364     -38969.66000
    365     -65217.25000
    366     -73544.93000
    367     -75803.52000
    368     -74568.66000
    369     -62122.13000
    370     -44717.66000
    371     -40511.40000
    372     -51957.61000
    373     -60573.35000
    374     -53706.32000
    375     -40607.70000
    376     -33424.00000
    377     -26736.15000
    378     -10075.58000
    379       9779.93000
    380      14906.91000
    381        879.07030
    382     -16265.77000
    383     -17613.39000
    384      -1266.70300
    385      17362.43000
    386      24623.91000
    387      22695.48000
    388      20608.80000
    389      20077.48000
    390      20131.46000
    391      27254.00000
    392      47427.32000
    393      70982.20000
    394      78224.80000
    395      63072.61000
    396      41004.15000
    397      27178.34000
    398      17792.35000
    399       5839.29700
    400        767.74220
    401      11182.19000
    402      22698.75000
    403      19056.91000
    404      10123.05000
    405      11968.98000
    406      17596.49000
    407      13625.34000
    408       5411.78900
    409       1921.76600
    410      -1384.91400
    411      -6485.03100
    412      -5360.43000
    413       -731.24220
    414      -4113.82800
    415      -5377.03900
    416      19256.55000
    417      59945.91000
    418      71964.70000
    419      35622.26000
    420     -13680.36000
    421     -28663.38000
    422       -330.18750
    423      42675.41000
    424      66142.88000
    425      56896.30000
    426      31410.83000
    427      19332.21000
    428      30114.44000
    429      42387.79000
    430      35016.05000
    431      17033.11000
    432      11735.09000
    433      21535.50000
    434      28540.60000
    435      25646.23000
    436      27062.84000
    437      44889.91000
    438      69665.24000
    439      79703.88000
    440      64786.76000
    441      39046.67000
    442      29338.34000
    443      45129.56000
    444      64615.81000
    445      62842.23000
    446      45611.80000
    447      36405.18000
    448      39387.34000
    449      41246.50000
    450      38701.16000
    451      35084.98000
    452      23465.65000
    453       4501.59400
    454       3048.28900
    455      32521.88000
    456      63938.95000
    457      65680.68000
    458      51437.75000
    459      53497.75000
    460      71419.35000
    461      83079.23000
    462      86602.33000
    463      95941.59000
    464     107415.70000
    465     104130.40000
    466      88338.61000
    467      79294.05000
    468      78921.90000
    469      70926.77000
    470      59175.62000
    471      71474.95000
    472     111931.10000
    473     144931.00000
    474     145098.40000
    475     129004.50000
    476     119696.80000
    477     116191.80000
    478     116484.70000
    479     133093.50000
    480     164948.90000
    481     189734.70000
    482     202299.50000
    483     224137.40000
    484     258101.30000
    485     273721.00000
    486     257640.60000
    487     239948.20000
    488     249728.80000
    489     277354.40000
    490     298160.10000
    491     306647.20000
    492     315987.10000
    493     343956.80000
    494     402562.90000
    495     487226.40000
    496     576351.50000
    497     649508.40000
    498     705230.70000
    499     761722.80000
    500     840187.00000
    501     943506.40000
    502    1053941.00000
    503    1151186.00000
    504    1219525.00000
    505    1242010.00000
    506    1213916.00000
    507    1156635.00000
    508    1091545.00000
    509    1013530.00000
    510     915237.80000
    511     813561.60000
    512     727297.60000
    513     653626.30000
    514     582824.40000
    515     513285.80000
    516     447442.10000
    517     391390.00000
    518     353494.80000
    519     331750.50000
    520     312814.10000
    521     286746.30000
    522     254003.70000
    523     223976.90000
    524     209469.30000
    525     209311.10000
    526     204153.20000
    527     187171.90000
    528     177523.80000
    529     181910.10000
    530     176487.40000
    531     152684.20000
    532     140113.40000
    533     155719.80000
    534     172649.90000
    535     168616.40000
    536     163891.40000
    537     180088.60000
    538     197887.80000
    539     189102.30000
    540     162920.90000
    541     147862.30000
    542     147778.90000
    543     144966.90000
    544     132201.20000
    545     117479.40000
    546     107778.20000
    547     105949.50000
    548     114354.90000
    549     129959.50000
    550     144286.00000
    551     153668.10000
    552     161850.10000
    553     170062.00000
    554     171425.40000
    555     158787.90000
    556     136925.10000
    557     121039.50000
    558     117387.30000
    559     112738.80000
    560      94495.92000
    561      72956.62000
    562      69140.69000
    563      89419.91000
    564     124100.60000
    565     159733.00000
    566     183417.50000
    567     187416.70000
    568     177189.10000
    569     165928.70000
    570     159920.70000
    571     156412.10000
    572     154139.20000
    573     158336.90000
    574     171655.10000
    575     182622.00000
    576     173340.30000
    577     144910.80000
    578     122052.40000
    579     123066.80000
    580     139882.10000
    581     155653.60000
    582     163999.80000
    583     165520.00000
    584     163244.30000
    585     164424.90000
    586     174616.00000
    587     190977.60000
    588     207193.10000
    589     220830.10000
    590     236265.70000
    591     261663.30000
    592     295154.40000
    593     318218.60000
    594     317013.80000
    595     302754.40000
    596     296545.00000
    597     307416.60000
    598     334600.90000
    599     370981.20000
    600     400468.80000
    601     415032.40000
    602     432636.30000
    603     476303.90000
    604     544026.00000
    605     618344.90000
    606     693232.10000
    607     775430.20000
    608     868074.40000
    609     966831.50000
    610    1074323.00000
    611    1213370.00000
    612    1412765.00000
    613    1676831.00000
    614    1982892.00000
    615    2304104.00000
    616    2608029.00000
    617    2841868.00000
    618    2958145.00000
    619    2949184.00000
    620    2829193.00000
    621    2608313.00000
    622    2317177.00000
    623    2020397.00000
    624    1765087.00000
    625    1542568.00000
    626    1327648.00000
    627    1127154.00000
    628     968136.80000
    629     858532.10000
    630     776391.20000
    631     695317.30000
    632     616571.60000
    633     565927.10000
    634     550206.80000
    635     535811.80000
    636     489209.20000
    637     420353.30000
    638     364312.10000
    639     335174.90000
    640     317925.20000
    641     296040.70000
    642     271038.20000
    643     256169.10000
    644     257634.20000
    645     262921.40000
    646     250122.00000
    647     213734.70000
    648     177402.00000
    649     169224.70000
    650     185401.30000
    651     194719.10000
    652     179406.00000
    653     150844.00000
    654     124496.10000
    655     104170.70000
    656      92861.08000
    657      94908.78000
    658     105333.70000
    659     115218.30000
    660     125161.20000
    661     137985.10000
    662     142869.10000
    663     122995.90000
    664      80556.80000
    665      41699.22000
    666      29385.50000
    667      40152.55000
    668      56685.69000
    669      71074.89000
    670      81487.28000
    671      79641.02000
    672      59135.42000
    673      27310.47000
    674        601.29690
    675      -3291.51600
    676      24868.88000
    677      68274.42000
    678      89611.00000
    679      72586.25000
    680      42984.94000
    681      34752.98000
    682      52266.66000
    683      74671.64000
    684      81450.20000
    685      68619.44000
    686      48779.34000
    687      35559.89000
    688      29453.56000
    689      26022.31000
    690      28200.06000
    691      35585.78000
    692      33293.58000
    693       9628.78100
    694     -23759.77000
    695     -43320.05000
    696     -39049.35000
    697     -21882.51000
    698     -10333.27000
    699     -10614.23000
    700      -9446.43800
    701       6932.70300
    702      30762.30000
    703      43600.42000
    704      41915.84000
    705      33630.45000
    706      20419.67000
    707       4510.50000
    708      -1194.71900
    709       9294.76600
    710      21913.36000
    711      22169.42000
    712      11805.12000
    713      -2016.21900
    714     -15940.95000
    715     -26138.21000
    716     -31116.16000
    717     -36298.79000
    718     -42657.12000
    719     -39109.33000
    720     -19252.69000
    721       4285.93800
    722      15893.23000
    723      18699.69000
    724      24354.25000
    725      28267.66000
    726      16781.17000
    727      -3514.75000
    728     -10423.42000
    729      -1536.42200
    730       3346.04700
    731      -3445.31200
    732      -8982.09400
    733      -5159.31200
    734       2265.42200
    735       6099.01600
    736       2357.42200
    737      -7887.10900
    738     -13470.94000
    739      -5295.12500
    740       5714.92200
    741       1292.45300
    742     -17959.09000
    743     -37364.86000
    744     -51376.31000
    745     -63435.38000
    746     -68581.81000
    747     -54438.53000
    748     -21491.23000
    749       9542.67200
    750      17556.69000
    751       3027.57800
    752     -15336.39000
    753     -20673.44000
    754     -10530.38000
    755       4114.51600
    756       8958.79700
    757        648.07810
    758     -10646.17000
    759     -16603.66000
    760     -20879.05000
    761     -29068.05000
    762     -37698.14000
    763     -37242.64000
    764     -21721.84000
    765       2021.17200
    766      15599.11000
    767       9559.17200
    768      -2988.40600
    769      -6770.96900
    770      -5363.85900
    771      -5964.15600
    772      -3536.35900
    773       3324.73400
    774       4155.12500
    775      -2995.82800
    776      -7397.46900
    777      -7130.62500
    778      -9675.98400
    779     -12783.55000
    780      -7943.17200
    781       3226.98400
    782      13558.64000
    783      20501.23000
    784      20998.45000
    785      10263.28000
    786      -7247.43800
    787     -18097.78000
    788     -15356.72000
    789      -7063.28100
    790      -8230.87500
    791     -24385.66000
    792     -42079.12000
    793     -41027.36000
    794     -17289.17000
    795      12710.20000
    796      29665.64000
    797      24543.06000
    798        284.51560
    799     -29377.36000
    800     -47087.61000
    801     -44187.75000
    802     -24850.92000
    803      -1392.25000
    804      11543.97000
    805       7319.26600
    806      -4471.51600
    807     -10349.81000
    808     -12899.27000
    809     -23225.12000
    810     -34604.84000
    811     -24555.64000
    812      10533.39000
    813      41157.47000
    814      38026.48000
    815       7399.28100
    816     -21631.84000
    817     -35925.08000
    818     -45694.92000
    819     -57371.42000
    820     -60615.02000
    821     -48390.83000
    822     -33540.80000
    823     -31234.05000
    824     -34344.50000
    825     -26485.39000
    826     -15562.75000
    827     -25896.95000
    828     -53287.88000
    829     -61728.62000
    830     -36059.16000
    831      -5858.20300
    832      -1621.28100
    833     -12710.62000
    834      -6713.79700
    835      21896.62000
    836      39629.50000
    837      16127.44000
    838     -32968.19000
    839     -64615.78000
    840     -63154.80000
    841     -48313.52000
    842     -35393.77000
    843     -22787.78000
    844     -14101.53000
    845     -17891.89000
    846     -28940.05000
    847     -35427.83000
    848     -36292.72000
    849     -35017.41000
    850     -30834.81000
    851     -27854.17000
    852     -36055.42000
    853     -53900.44000
    854     -64607.08000
    855     -56130.11000
    856     -35068.64000
    857     -17832.56000
    858     -13866.61000
    859     -18485.64000
    860     -20813.39000
    861     -18516.78000
    862     -18027.73000
    863     -17101.66000
    864      -1358.87500
    865      30996.33000
    866      55168.56000
    867      44496.92000
    868         95.93750
    869     -50753.31000
    870     -77398.09000
    871     -69614.03000
    872     -49744.84000
    873     -52102.06000
    874     -79525.30000
    875     -95758.20000
    876     -72564.03000
    877     -26213.09000
    878       5746.17200
    879       8137.10900
    880      -3277.65600
    881      -6186.20300
    882       6500.78100
    883      26024.02000
    884      39599.58000
    885      38799.06000
    886      21513.33000
    887      -6709.14100
    888     -34947.39000
    889     -54899.48000
    890     -63450.78000
    891     -57338.38000
    892     -34643.03000
    893      -3318.15600
    894      21796.44000
    895      31730.75000
    896      26191.05000
    897       7410.85900
    898     -19364.86000
    899     -42773.38000
    900     -51710.03000
    901     -45603.88000
    902     -36155.78000
    903     -37338.50000
    904     -49804.20000
    905     -56118.05000
    906     -39156.44000
    907      -3264.03100
    908      31461.36000
    909      49634.66000
    910      46465.14000
    911      25466.75000
    912       1384.93800
    913      -9089.96900
    914      -8206.40600
    915     -13050.05000
    916     -27500.75000
    917     -36928.19000
    918     -32029.88000
    919     -20631.77000
    920     -15814.17000
    921     -22446.14000
    922     -31412.44000
    923     -24609.34000
    924       3866.46900
    925      31757.48000
    926      28883.08000
    927      -5810.06200
    928     -41055.58000
    929     -48163.25000
    930     -27438.12000
    931       -175.84380
    932      13527.59000
    933       7583.03100
    934      -8363.60900
    935     -16604.70000
    936      -8354.07800
    937       5905.89100
    938       8490.71900
    939      -5522.57800
    940     -26588.78000
    941     -45032.12000
    942     -58565.56000
    943     -65921.31000
    944     -61142.89000
    945     -41746.08000
    946     -19990.95000
    947     -13330.55000
    948     -20307.55000
    949     -20680.45000
    950      -5422.56200
    951      10625.56000
    952      12740.22000
    953       4948.32800
    954      -2038.75000
    955      -5248.81200
    956      -7199.17200
    957     -12863.36000
    958     -28482.72000
    959     -50595.73000
    960     -61031.31000
    961     -48207.58000
    962     -27075.89000
    963     -20080.77000
    964     -24645.86000
    965     -20832.94000
    966      -6137.93800
    967       2332.42200
    968      -2441.85900
    969     -11680.80000
    970     -23277.92000
    971     -42159.11000
    972     -57523.41000
    973     -47879.89000
    974     -14300.38000
    975      14031.53000
    976      15905.20000
    977       3792.45300
    978       3586.57800
    979      18074.69000
    980      25015.14000
    981      12495.98000
    982      -1643.65600
    983       1814.10900
    984      12586.25000
    985       8846.67200
    986      -9585.29700
    987     -28541.64000
    988     -42561.36000
    989     -47668.69000
    990     -32596.27000
    991       -896.45310
    992      21159.34000
    993      19376.98000
    994      10899.30000
    995      13459.36000
    996      20785.06000
    997      21167.09000
    998      17095.98000
    999      14768.03000
   1000       9936.93800
   1001      -4813.12500
   1002     -23289.67000
   1003     -24391.80000
   1004       4029.71900
   1005      41539.83000
   1006      51031.00000
   1007      21855.38000
   1008     -19687.33000
   1009     -45861.62000
   1010     -52670.88000
   1011     -44968.98000
   1012     -20896.00000
   1013      15250.80000
   1014      41703.19000
   1015      38237.31000
   1016      10022.33000
   1017     -17795.22000
   1018     -23616.66000
   1019      -2859.10900
   1020      30173.12000
   1021      48942.09000
   1022      37082.84000
   1023       6938.34400
   1024     -17427.03000
   1025     -29431.25000
   1026     -34180.17000
   1027     -28370.53000
   1028     -11593.92000
   1029      -1639.17200
   1030     -11433.30000
   1031     -26504.12000
   1032     -28833.25000
   1033     -24498.70000
   1034     -26340.03000
   1035     -28451.80000
   1036     -19459.39000
   1037      -6541.79700
   1038      -6946.32800
   1039     -24218.59000
   1040     -45801.50000
   1041     -57410.86000
   1042     -50798.73000
   1043     -25525.89000
   1044       7609.43800
   1045      30597.44000
   1046      33381.73000
   1047      21808.75000
   1048       7705.37500
   1049      -3319.59400
   1050     -11357.14000
   1051     -14410.66000
   1052      -8191.81200
   1053       3506.26600
   1054       6128.64100
   1055      -6582.75000
   1056     -18450.61000
   1057     -13692.23000
   1058      -3988.51600
   1059     -10139.72000
   1060     -29587.00000
   1061     -45948.50000
   1062     -53162.38000
   1063     -49063.31000
   1064     -29753.34000
   1065      -7673.68800
   1066      -6635.90600
   1067     -27190.50000
   1068     -44638.70000
   1069     -43119.12000
   1070     -26938.73000
   1071      -7751.03100
   1072       -192.35940
   1073     -12132.91000
   1074     -27959.88000
   1075     -26792.25000
   1076     -17306.41000
   1077     -22577.81000
   1078     -38508.05000
   1079     -43013.20000
   1080     -34389.83000
   1081     -26501.48000
   1082     -20225.39000
   1083      -9015.92200
   1084        726.95310
   1085      -1599.28100
   1086     -12178.53000
   1087     -19940.48000
   1088     -25175.72000
   1089     -37157.53000
   1090     -54022.34000
   1091     -58896.47000
   1092     -45150.45000
   1093     -33370.38000
   1094     -44698.92000
   1095     -66390.23000
   1096     -68191.31000
   1097     -44933.16000
   1098     -16276.33000
   1099       6159.37500
   1100      22785.02000
   1101      29628.39000
   1102      26095.48000
   1103      24690.38000
   1104      30033.47000
   1105      28653.38000
   1106      16598.53000
   1107       8922.25000
   1108      10114.69000
   1109       7479.40600
   1110      -1016.43800
   1111      -5042.32800
   1112      -4417.73400
   1113      -3540.65600
   1114       3512.96900
   1115      17449.30000
   1116      22673.55000
   1117      10223.80000
   1118      -8953.98400
   1119     -23079.05000
   1120     -32121.66000
   1121     -39364.20000
   1122     -45839.92000
   1123     -51872.56000
   1124     -55717.41000
   1125     -53556.53000
   1126     -44461.61000
   1127     -34991.08000
   1128     -36640.73000
   1129     -51425.62000
   1130     -62323.61000
   1131     -52636.48000
   1132     -31455.52000
   1133     -21387.02000
   1134     -27861.06000
   1135     -38393.78000
   1136     -42095.48000
   1137     -37210.94000
   1138     -30383.61000
   1139     -30797.05000
   1140     -33924.81000
   1141     -23269.19000
   1142      -1510.03100
   1143       3259.82800
   1144     -20790.23000
   1145     -46977.22000
   1146     -46516.19000
   1147     -23503.88000
   1148        451.14060
   1149      15496.11000
   1150      23383.61000
   1151      23924.98000
   1152      17586.39000
   1153      12798.31000
   1154      15213.31000
   1155      15563.19000
   1156       5345.57800
   1157      -3344.37500
   1158       3026.12500
   1159       9282.17200
   1160      -7765.57800
   1161     -34718.48000
   1162     -34702.22000
   1163      -4303.81200
   1164      18911.19000
   1165      10605.91000
   1166     -10622.11000
   1167     -17101.77000
   1168      -9873.96900
   1169      -7184.51600
   1170     -11601.00000
   1171      -9918.64100
   1172      -1375.14100
   1173      -3431.31200
   1174     -23355.45000
   1175     -43749.36000
   1176     -47815.41000
   1177     -43094.44000
   1178     -46485.95000
   1179     -56116.70000
   1180     -53174.77000
   1181     -30403.44000
   1182      -6093.43800
   1183      -1432.65600
   1184     -12360.92000
   1185     -19365.31000
   1186     -17673.77000
   1187     -15940.67000
   1188     -13523.53000
   1189      -7394.40600
   1190     -11356.23000
   1191     -35149.92000
   1192     -55143.23000
   1193     -43198.66000
   1194     -16510.33000
   1195     -18700.53000
   1196     -53345.91000
   1197     -75951.84000
   1198     -58435.98000
   1199     -23669.12000
   1200      -1765.32800
   1201      11001.98000
   1202      27248.81000
   1203      36151.41000
   1204      24727.30000
   1205       4626.90600
   1206      -8013.40600
   1207     -16111.14000
   1208     -25199.92000
   1209     -27141.09000
   1210     -18349.27000
   1211     -13333.30000
   1212     -22872.41000
   1213     -33521.02000
   1214     -25771.42000
   1215      -4307.75000
   1216       6789.70300
   1217      -3968.14100
   1218     -27264.55000
   1219     -55640.56000
   1220     -87669.81000
   1221    -106430.90000
   1222     -88018.95000
   1223     -42428.31000
   1224     -12077.62000
   1225     -17907.89000
   1226     -38471.66000
   1227     -48166.84000
   1228     -43119.31000
   1229     -27157.20000
   1230      -5705.70300
   1231       5769.37500
   1232      -4314.17200
   1233     -23208.39000
   1234     -27775.45000
   1235     -14218.97000
