      1     -39768.60000
      2     -21324.12000
      3     -20241.05000
      4     -38275.81000
      5     -54619.31000
      6     -53300.06000
      7     -39289.86000
      8     -26667.89000
      9     -23939.95000
     10     -30885.67000
     11     -42488.43000
     12     -55219.16000
     13     -66510.61000
     14     -69186.00000
     15     -57200.02000
     16     -36015.62000
     17     -18214.37000
     18     -13803.00000
     19     -27058.57000
     20     -50347.55000
     21     -65862.10000
     22     -67293.09000
     23     -63690.19000
     24     -52971.16000
     25     -24535.71000
     26       5191.64800
     27       5567.12500
     28     -15857.43000
     29     -23057.85000
     30     -10699.27000
     31      -5134.41400
     32     -16322.41000
     33     -33662.76000
     34     -54623.83000
     35     -78604.78000
     36     -87403.13000
     37     -63228.12000
     38     -17172.61000
     39      17400.12000
     40      14945.16000
     41     -20774.75000
     42     -59221.45000
     43     -71346.28000
     44     -59732.19000
     45     -51910.83000
     46     -62208.91000
     47     -74903.48000
     48     -70238.08000
     49     -52359.40000
     50     -40994.06000
     51     -45234.32000
     52     -57219.71000
     53     -66998.31000
     54     -72992.86000
     55     -77631.27000
     56     -78627.47000
     57     -67408.28000
     58     -40298.17000
     59     -12069.60000
     60      -7413.49200
     61     -32028.90000
     62     -63965.33000
     63     -79067.27000
     64     -71156.26000
     65     -45929.24000
     66     -13526.38000
     67      11284.93000
     68      18346.20000
     69      10604.19000
     70      -6169.39100
     71     -31344.68000
     72     -56720.54000
     73     -61543.17000
     74     -36094.25000
     75        178.96090
     76      18312.95000
     77      11770.22000
     78      -3287.68800
     79     -14663.26000
     80     -24959.67000
     81     -36491.81000
     82     -44429.87000
     83     -49630.29000
     84     -59208.07000
     85     -68347.10000
     86     -59690.77000
     87     -26366.36000
     88      16708.66000
     89      43741.52000
     90      34226.09000
     91      -8176.75800
     92     -48033.37000
     93     -50934.94000
     94     -26718.05000
     95     -14558.33000
     96     -29365.05000
     97     -52779.01000
     98     -67358.12000
     99     -69682.22000
    100     -61559.73000
    101     -49993.23000
    102     -41125.65000
    103     -28944.87000
    104     -11275.45000
    105      -5391.14100
    106     -19706.43000
    107     -32081.65000
    108     -24175.96000
    109      -7412.46900
    110       5195.95300
    111      15531.93000
    112      17526.59000
    113      -1840.32000
    114     -34225.18000
    115     -57889.87000
    116     -69255.17000
    117     -78643.42000
    118     -86731.30000
    119     -86510.23000
    120     -75316.07000
    121     -52623.89000
    122     -21190.31000
    123       3815.18000
    124       4328.08600
    125     -15077.11000
    126     -27087.54000
    127     -15511.58000
    128       4297.59400
    129       7823.42200
    130      -9485.57000
    131     -34408.09000
    132     -50915.57000
    133     -46149.37000
    134     -21072.98000
    135       2216.85900
    136       5492.89100
    137       -331.99220
    138       -690.59380
    139      -7901.68800
    140     -32536.32000
    141     -51264.27000
    142     -41777.32000
    143     -21980.40000
    144     -19786.88000
    145     -32624.95000
    146     -42818.83000
    147     -44524.51000
    148     -38451.96000
    149     -25111.50000
    150      -9640.43800
    151       4221.09400
    152      18511.27000
    153      27729.68000
    154      18957.41000
    155      -3994.50000
    156     -17535.40000
    157      -8892.92200
    158       7244.58600
    159      10393.89000
    160       1220.64100
    161      -1843.74200
    162      10016.53000
    163      22465.96000
    164      18868.70000
    165       2984.96100
    166     -12984.12000
    167     -29819.62000
    168     -50367.89000
    169     -58826.96000
    170     -37685.87000
    171      -1963.83600
    172      10491.30000
    173     -10126.01000
    174     -28860.93000
    175     -15849.01000
    176      10281.95000
    177      12039.20000
    178     -15908.48000
    179     -52097.79000
    180     -80596.84000
    181     -92570.81000
    182     -83307.06000
    183     -67247.56000
    184     -63346.72000
    185     -58851.81000
    186     -29871.10000
    187       8001.66400
    188      20518.49000
    189      11267.10000
    190       4378.14800
    191      -4022.37500
    192     -26425.91000
    193     -48811.54000
    194     -57294.59000
    195     -61440.17000
    196     -60684.46000
    197     -32993.88000
    198      19124.90000
    199      52857.45000
    200      33236.80000
    201     -27711.20000
    202     -82648.61000
    203     -87653.26000
    204     -41335.99000
    205       8758.09400
    206      13645.77000
    207     -25104.86000
    208     -64322.34000
    209     -69482.89000
    210     -42524.53000
    211     -10630.18000
    212       1794.99200
    213      -6446.04700
    214     -18993.33000
    215     -25703.24000
    216     -30723.38000
    217     -38203.55000
    218     -45413.28000
    219     -52623.44000
    220     -65794.45000
    221     -82307.81000
    222     -84615.96000
    223     -61605.38000
    224     -32419.88000
    225     -29276.70000
    226     -52872.00000
    227     -69134.74000
    228     -58310.46000
    229     -39187.20000
    230     -33679.13000
    231     -38350.81000
    232     -43396.61000
    233     -49056.88000
    234     -53085.48000
    235     -49694.06000
    236     -45659.09000
    237     -52432.89000
    238     -64617.63000
    239     -68601.94000
    240     -66113.81000
    241     -69775.98000
    242     -80895.55000
    243     -84790.84000
    244     -67570.69000
    245     -34889.42000
    246      -9361.82800
    247      -4360.84400
    248     -10488.80000
    249     -15917.88000
    250     -22462.59000
    251     -32078.86000
    252     -37383.35000
    253     -31030.93000
    254     -10896.66000
    255      16981.58000
    256      33546.63000
    257      24059.41000
    258        -69.59375
    259     -20775.02000
    260     -40618.96000
    261     -65392.95000
    262     -83997.88000
    263     -86615.96000
    264     -74840.86000
    265     -48756.56000
    266     -15861.05000
    267      -2457.82800
    268     -22212.72000
    269     -50501.59000
    270     -57884.47000
    271     -49028.34000
    272     -49267.43000
    273     -68563.30000
    274     -90268.27000
    275     -91255.34000
    276     -71626.84000
    277     -58159.67000
    278     -70267.26000
    279     -93870.62000
    280    -101078.60000
    281     -85061.34000
    282     -63114.16000
    283     -51244.41000
    284     -47539.27000
    285     -41971.37000
    286     -32710.11000
    287     -24777.52000
    288     -22269.68000
    289     -31763.48000
    290     -58166.76000
    291     -85985.38000
    292     -86742.38000
    293     -59456.17000
    294     -38846.60000
    295     -49259.85000
    296     -75203.11000
    297     -89294.06000
    298     -84188.70000
    299     -66566.99000
    300     -43650.67000
    301     -25922.99000
    302     -23601.00000
    303     -32156.18000
    304     -37355.09000
    305     -37677.76000
    306     -45665.14000
    307     -66159.00000
    308     -87373.23000
    309     -92936.74000
    310     -73568.98000
    311     -34042.73000
    312       3493.53100
    313      13502.33000
    314      -7687.20300
    315     -38277.28000
    316     -55826.33000
    317     -56342.61000
    318     -47632.73000
    319     -35893.77000
    320     -25201.47000
    321     -19249.68000
    322     -13915.93000
    323       1395.09400
    324      23072.30000
    325      28895.52000
    326      11412.48000
    327      -3493.45300
    328       7347.37500
    329      30124.33000
    330      37284.77000
    331      23588.12000
    332        533.18750
    333     -22967.00000
    334     -39920.33000
    335     -44972.81000
    336     -44138.59000
    337     -48685.12000
    338     -57402.93000
    339     -60484.12000
    340     -57956.55000
    341     -56969.72000
    342     -53052.83000
    343     -33415.02000
    344      -1089.57800
    345      21470.42000
    346      18729.41000
    347       -134.35940
    348     -14786.38000
    349     -15766.01000
    350     -10858.09000
    351     -15073.13000
    352     -32238.39000
    353     -44733.98000
    354     -31812.08000
    355         10.51562
    356      19618.47000
    357       7652.00000
    358     -23245.78000
    359     -46356.36000
    360     -47062.48000
    361     -30660.25000
    362     -11397.52000
    363       5136.17200
    364      24672.73000
    365      44706.11000
    366      45315.09000
    367      15537.31000
    368     -23705.34000
    369     -42110.82000
    370     -34187.31000
    371     -14238.77000
    372       7360.06200
    373      22734.55000
    374      17792.84000
    375     -10978.72000
    376     -42081.55000
    377     -53341.91000
    378     -49359.31000
    379     -42315.94000
    380     -21704.31000
    381      24088.48000
    382      66674.39000
    383      60468.02000
    384       9524.92200
    385     -27449.50000
    386     -10880.05000
    387      33154.17000
    388      54241.77000
    389      37722.73000
    390       7384.51600
    391     -10276.55000
    392      -6168.20300
    393      14175.52000
    394      38061.55000
    395      52907.41000
    396      51496.02000
    397      32502.86000
    398       3144.37500
    399     -16321.33000
    400      -5410.04700
    401      30001.61000
    402      56690.72000
    403      50309.78000
    404      23886.59000
    405      12539.19000
    406      37659.02000
    407      90012.16000
    408     139899.40000
    409     159236.90000
    410     141620.00000
    411     108273.10000
    412      92338.12000
    413     111147.60000
    414     153141.40000
    415     193976.00000
    416     220070.90000
    417     232802.90000
    418     238819.00000
    419     245414.70000
    420     259610.20000
    421     283772.20000
    422     312036.90000
    423     330247.60000
    424     325293.80000
    425     305533.70000
    426     302160.40000
    427     330680.80000
    428     367187.70000
    429     388985.90000
    430     412809.30000
    431     459544.10000
    432     509988.20000
    433     532387.00000
    434     528666.00000
    435     523725.80000
    436     530954.70000
    437     546438.40000
    438     560058.90000
    439     565639.40000
    440     575210.20000
    441     621148.70000
    442     730666.90000
    443     897137.60000
    444    1079912.00000
    445    1229799.00000
    446    1316770.00000
    447    1343991.00000
    448    1345668.00000
    449    1374976.00000
    450    1487805.00000
    451    1741578.00000
    452    2221309.00000
    453    3026298.00000
    454    4132765.00000
    455    5240142.00000
    456    5867612.00000
    457    5714228.00000
    458    4905302.00000
    459    3842918.00000
    460    2870668.00000
    461    2122578.00000
    462    1596098.00000
    463    1247124.00000
    464    1021035.00000
    465     867772.10000
    466     755870.60000
    467     668949.60000
    468     599814.10000
    469     547510.10000
    470     505413.60000
    471     458259.50000
    472     401609.10000
    473     351907.50000
    474     329242.80000
    475     340311.80000
    476     373214.20000
    477     397278.30000
    478     384163.00000
    479     342605.80000
    480     311310.80000
    481     307950.60000
    482     311535.70000
    483     301148.40000
    484     282795.40000
    485     270868.10000
    486     267046.30000
    487     265516.20000
    488     265634.00000
    489     272051.00000
    490     282428.90000
    491     279201.50000
    492     245700.00000
    493     194234.30000
    494     162216.60000
    495     169764.40000
    496     193227.30000
    497     193202.20000
    498     162051.10000
    499     129714.60000
    500     121594.00000
    501     126058.40000
    502     115894.20000
    503      89935.64000
    504      71570.61000
    505      70370.89000
    506      70889.48000
    507      63183.09000
    508      60538.88000
    509      77087.75000
    510     104932.40000
    511     123486.30000
    512     120614.70000
    513      99454.20000
    514      73980.47000
    515      59615.70000
    516      60022.70000
    517      66045.44000
    518      73865.86000
    519      91680.55000
    520     117947.10000
    521     132073.60000
    522     124034.70000
    523     112880.80000
    524     115322.50000
    525     117792.80000
    526     103622.20000
    527      85227.30000
    528      80866.91000
    529      79861.75000
    530      62625.75000
    531      40180.52000
    532      41447.61000
    533      68901.17000
    534      94560.16000
    535      98145.70000
    536      88008.61000
    537      80949.80000
    538      75825.72000
    539      57709.59000
    540      25326.56000
    541        420.32810
    542       1650.93800
    543      21814.45000
    544      43552.50000
    545      64129.98000
    546      88244.75000
    547     109020.10000
    548     114333.00000
    549     104534.20000
    550      91371.16000
    551      84760.11000
    552      86934.91000
    553      93367.19000
    554      95652.09000
    555      87768.92000
    556      71173.42000
    557      52603.14000
    558      39348.25000
    559      37075.94000
    560      46747.88000
    561      61211.12000
    562      68357.64000
    563      59550.38000
    564      35374.30000
    565       7205.60900
    566      -7577.21900
    567       -827.26560
    568      16274.50000
    569      28370.95000
    570      35683.52000
    571      43640.05000
    572      43718.77000
    573      27966.36000
    574      13290.80000
    575      24329.06000
    576      55231.61000
    577      72737.55000
    578      61301.97000
    579      47075.52000
    580      62206.31000
    581      93577.06000
    582      94466.11000
    583      54016.42000
    584      19022.44000
    585      25239.12000
    586      46647.72000
    587      44643.84000
    588      28432.20000
    589      27784.69000
    590      39256.11000
    591      39137.75000
    592      25583.89000
    593      14966.17000
    594      14183.81000
    595      20134.66000
    596      30254.81000
    597      36959.30000
    598      27680.94000
    599       3126.75000
    600     -17698.09000
    601     -18551.12000
    602      -2204.54700
    603      15729.05000
    604      21360.62000
    605      13112.31000
    606       2551.98400
    607       2462.54700
    608      15088.22000
    609      32924.08000
    610      42789.25000
    611      31543.95000
    612       2532.09400
    613     -19200.20000
    614     -15514.62000
    615       1137.43800
    616       8479.25000
    617       3341.23400
    618      -2631.53100
    619        809.12500
    620      16209.48000
    621      33186.58000
    622      35030.64000
    623      22687.86000
    624      14942.45000
    625      15727.95000
    626       8455.10900
    627      -9223.87500
    628     -17568.20000
    629      -9656.71900
    630      -3434.06200
    631     -11709.19000
    632     -24542.58000
    633     -27084.30000
    634     -18025.11000
    635      -5968.32800
    636       3628.17200
    637      12055.25000
    638      17637.25000
    639       9959.42200
    640     -15008.06000
    641     -39314.72000
    642     -39319.03000
    643     -15914.92000
    644       5894.62500
    645       6125.29700
    646     -11364.25000
    647     -26005.59000
    648     -21401.97000
    649      -1842.84400
    650      13393.11000
    651      13563.91000
    652       6562.73400
    653       4749.76600
    654      12459.95000
    655      26833.69000
    656      37822.09000
    657      30915.22000
    658       4387.21900
    659     -21120.33000
    660     -26411.27000
    661     -21121.66000
    662     -27109.45000
    663     -39864.88000
    664     -34553.08000
    665     -10268.81000
    666       6958.12500
    667       9627.89100
    668      16490.66000
    669      27733.42000
    670      18287.72000
    671     -13750.50000
    672     -35829.97000
    673     -28632.80000
    674      -9514.50000
    675      -2719.20300
    676     -12927.83000
    677     -29216.22000
    678     -38784.12000
    679     -37803.81000
    680     -32401.98000
    681     -25410.59000
    682     -10853.38000
    683       8951.98400
    684      15723.09000
    685        -13.87500
    686     -18958.98000
    687     -14709.52000
    688      12281.70000
    689      37851.08000
    690      46375.92000
    691      43966.48000
    692      39512.80000
    693      30090.55000
    694      13100.64000
    695      -1483.45300
    696      -4488.89100
    697      -4238.15600
    698     -14105.41000
    699     -28505.86000
    700     -27774.03000
    701      -5576.84400
    702      22703.95000
    703      36903.86000
    704      26982.31000
    705      -1669.06200
    706     -26848.31000
    707     -22943.55000
    708      12236.36000
    709      50204.14000
    710      58603.95000
    711      32671.94000
    712      -1031.54700
    713     -11209.67000
    714       7121.03100
    715      31079.61000
    716      39684.44000
    717      34603.80000
    718      28459.23000
    719      25714.97000
    720      21536.44000
    721      12529.41000
    722       3676.28100
    723       3299.31200
    724      10912.41000
    725      17267.06000
    726      18770.95000
    727      21064.64000
    728      26941.88000
    729      33467.56000
    730      38653.17000
    731      38477.42000
    732      25664.00000
    733       4130.32800
    734      -7410.09400
    735        265.53120
    736      11625.30000
    737       8755.96900
    738      -3070.75000
    739      -7711.01600
    740      -6376.98400
    741     -12294.55000
    742     -21092.44000
    743     -13046.83000
    744      11017.61000
    745      25248.41000
    746      21447.69000
    747      25246.42000
    748      50578.38000
    749      67986.52000
    750      47160.45000
    751       7493.95300
    752      -8310.98400
    753       5498.71900
    754      19872.34000
    755      20749.45000
    756      18307.02000
    757      14568.98000
    758        105.68750
    759     -18073.09000
    760     -17348.28000
    761       9209.46900
    762      43779.62000
    763      65659.67000
    764      66377.69000
    765      46878.94000
    766      17454.89000
    767      -1015.23400
    768       6043.68800
    769      26979.19000
    770      37008.59000
    771      30955.45000
    772      24650.00000
    773      25424.78000
    774      22523.69000
    775      10037.31000
    776       1644.09400
    777      12373.80000
    778      33085.41000
    779      39281.83000
    780      30863.22000
    781      40804.12000
    782      87366.73000
    783     143300.50000
    784     173530.70000
    785     174163.70000
    786     158366.10000
    787     137779.50000
    788     124507.20000
    789     116575.60000
    790      89502.33000
    791      36302.88000
    792      -8896.37500
    793     -20103.23000
    794     -16523.16000
    795     -21310.48000
    796     -25190.73000
    797     -16765.59000
    798      -6984.92200
    799      -1496.17200
    800      13892.97000
    801      40945.77000
    802      52969.12000
    803      29479.70000
    804     -14415.31000
    805     -48158.69000
    806     -60579.23000
    807     -61261.80000
    808     -56552.62000
    809     -40855.30000
    810     -15418.75000
    811       -784.31250
    812     -11454.88000
    813     -27060.83000
    814     -19195.25000
    815      -1922.43800
    816     -12830.23000
    817     -45248.70000
    818     -52376.05000
    819     -23386.72000
    820       1105.15600
    821      -1808.57800
    822      -8290.18800
    823        245.14060
    824       6895.93800
    825      -2834.95300
    826     -15604.45000
    827     -20395.92000
    828     -28084.98000
    829     -42855.88000
    830     -45613.66000
    831     -24678.50000
    832       3521.35900
    833      18875.48000
    834      19025.64000
    835       9720.21900
    836      -2846.54700
    837      -8804.64100
    838      -3790.37500
    839       4035.48400
    840       9836.73400
    841      20846.28000
    842      37440.08000
    843      43906.14000
    844      30200.53000
    845       7085.60900
    846     -10512.36000
    847     -21864.47000
    848     -31018.89000
    849     -31086.41000
    850     -15012.61000
    851       5123.12500
    852      10747.09000
    853       5193.35900
    854       6893.43800
    855      18173.09000
    856      24233.05000
    857      19689.70000
    858      14280.92000
    859      13479.33000
    860      10270.09000
    861      -1271.37500
    862     -12964.06000
    863     -10800.53000
    864       3723.07800
    865      12669.55000
    866       8783.59400
    867       7281.14100
    868      18424.73000
    869      26600.11000
    870      12740.64000
    871     -15915.91000
    872     -33750.03000
    873     -28959.86000
    874     -17895.38000
    875     -23477.41000
    876     -42881.66000
    877     -50313.44000
    878     -36113.17000
    879     -22075.62000
    880     -25265.06000
    881     -30514.09000
    882     -16977.92000
    883       9743.23400
    884      29684.22000
    885      33095.41000
    886      18992.14000
    887     -10437.39000
    888     -42271.16000
    889     -58389.19000
    890     -56520.50000
    891     -49490.52000
    892     -42626.02000
    893     -30298.28000
    894     -12499.27000
    895       3244.43800
    896      13653.86000
    897      20200.47000
    898      23282.75000
    899      23488.06000
    900      22287.92000
    901      18928.66000
    902      10712.28000
    903      -5743.81200
    904     -31076.03000
    905     -53341.69000
    906     -54207.33000
    907     -39138.22000
    908     -39881.84000
    909     -67762.27000
    910     -92607.77000
    911     -89232.80000
    912     -71789.77000
    913     -60268.98000
    914     -46931.42000
    915     -19814.00000
    916       7279.87500
    917      11804.70000
    918      -4495.31200
    919     -17611.83000
    920     -14538.83000
    921     -11508.66000
    922     -30053.05000
    923     -62596.08000
    924     -78837.28000
    925     -65683.20000
    926     -42179.75000
    927     -30961.48000
    928     -31065.27000
    929     -26914.53000
    930     -13724.08000
    931      -3880.37500
    932      -9124.00000
    933     -23328.25000
    934     -28639.41000
    935     -18570.22000
    936      -8636.51600
    937     -17195.53000
    938     -38828.25000
    939     -48384.94000
    940     -33981.28000
    941     -12615.55000
    942      -6452.46900
    943     -17464.88000
    944     -33016.33000
    945     -42299.47000
    946     -40364.52000
    947     -30551.92000
    948     -26979.09000
    949     -38458.95000
    950     -49680.42000
    951     -37217.47000
    952      -3879.29700
    953      22365.05000
    954      23445.81000
    955       8683.17200
    956      -1084.23400
    957       4931.04700
    958      19391.22000
    959      25807.45000
    960      19887.77000
    961      15820.97000
    962      21740.58000
    963      22538.98000
    964       2675.12500
    965     -28616.95000
    966     -49122.77000
    967     -46430.81000
    968     -23652.55000
    969       1198.65600
    970       4834.90600
    971     -14526.42000
    972     -31028.22000
    973     -26893.25000
    974     -14225.25000
    975      -9168.64100
    976     -10461.89000
    977     -12663.72000
    978     -13381.75000
    979      -5074.39100
    980      14016.19000
    981      26995.28000
    982      21007.23000
    983       9455.96900
    984       8214.06200
    985       7464.28100
    986     -10040.59000
    987     -37513.12000
    988     -50567.88000
    989     -38283.45000
    990     -16042.34000
    991      -6078.87500
    992      -9946.96900
    993     -10866.39000
    994      -3248.14100
    995        532.09380
    996      -3242.98400
    997      -3626.46900
    998       -730.53120
    999      -6724.09400
   1000     -17727.50000
   1001     -15172.11000
   1002       2728.62500
   1003      16744.06000
   1004      13986.12000
   1005        569.71880
   1006     -11681.31000
   1007     -17583.84000
   1008     -16432.09000
   1009      -8071.14100
   1010       1690.03100
   1011       -215.31250
   1012     -17293.69000
   1013     -32897.44000
   1014     -31981.38000
   1015     -22437.50000
   1016     -17595.16000
   1017     -11538.72000
   1018       8601.71900
   1019      36549.59000
   1020      49853.97000
   1021      36089.00000
   1022       6509.59400
   1023     -18977.23000
   1024     -33043.34000
   1025     -38441.61000
   1026     -35102.84000
   1027     -27681.20000
   1028     -31267.27000
   1029     -47006.70000
   1030     -52235.31000
   1031     -36264.97000
   1032     -18937.66000
   1033     -16674.31000
   1034     -23217.41000
   1035     -34189.94000
   1036     -53833.78000
   1037     -71617.44000
   1038     -67223.89000
   1039     -42733.38000
   1040     -22350.03000
   1041     -19751.28000
   1042     -27052.86000
   1043     -35739.56000
   1044     -47517.66000
   1045     -58791.59000
   1046     -55522.59000
   1047     -38498.48000
   1048     -32006.06000
   1049     -44321.66000
   1050     -45439.19000
   1051     -15533.28000
   1052      13997.84000
   1053       8003.81200
   1054     -13203.81000
   1055      -7490.09400
   1056      19846.41000
   1057      24441.28000
   1058     -12874.75000
   1059     -63557.81000
   1060     -86343.27000
   1061     -66528.75000
   1062     -26074.94000
   1063      -1237.06200
   1064      -6498.87500
   1065     -25264.84000
   1066     -39592.34000
   1067     -52536.22000
   1068     -71008.09000
   1069     -84977.56000
   1070     -78986.75000
   1071     -53913.67000
   1072     -26808.39000
   1073     -14254.16000
   1074     -17942.09000
   1075     -24061.22000
   1076     -20074.78000
   1077      -9251.50000
   1078       1348.12500
   1079      15721.47000
   1080      31085.94000
   1081      23359.69000
   1082     -17920.59000
   1083     -59105.59000
   1084     -61741.47000
   1085     -31545.72000
   1086       1512.50000
   1087      23681.03000
   1088      33688.59000
   1089      31600.38000
   1090      27854.44000
   1091      30511.69000
   1092      22513.25000
   1093     -13034.69000
   1094     -55869.75000
   1095     -72588.44000
   1096     -62511.08000
   1097     -50506.50000
   1098     -50277.59000
   1099     -54147.80000
   1100     -48078.03000
   1101     -29016.22000
   1102     -10148.88000
   1103      -3598.62500
   1104      -2858.40600
   1105       2939.53100
   1106       8447.12500
   1107       4325.37500
   1108      -4152.93800
   1109      -8349.65600
   1110     -11275.34000
   1111     -18263.69000
   1112     -25399.53000
   1113     -24704.75000
   1114     -13188.38000
   1115       4305.37500
   1116      17432.84000
   1117      18851.84000
   1118      10334.50000
   1119      -4417.37500
   1120     -26978.30000
   1121     -54811.41000
   1122     -71533.78000
   1123     -60672.52000
   1124     -26948.94000
   1125       7665.03100
   1126      26025.66000
   1127      23173.41000
   1128       -790.50000
   1129     -37432.31000
   1130     -65061.44000
   1131     -66597.84000
   1132     -50381.91000
   1133     -39555.30000
   1134     -47420.28000
   1135     -72036.89000
   1136    -101647.90000
   1137    -117853.90000
   1138    -108545.90000
   1139     -82529.56000
   1140     -59024.50000
   1141     -45829.56000
   1142     -38661.78000
   1143     -33572.53000
   1144     -30871.12000
   1145     -33671.17000
   1146     -43698.23000
   1147     -53067.12000
   1148     -49163.03000
   1149     -32589.64000
   1150     -16492.31000
   1151      -6954.65600
   1152        421.03120
   1153       7592.12500
   1154      11402.81000
   1155       7420.93800
   1156      -8644.34400
   1157     -32403.69000
   1158     -47189.00000
   1159     -44142.64000
   1160     -36125.47000
   1161     -36388.06000
   1162     -37995.45000
   1163     -28518.91000
   1164      -9565.46900
   1165       9883.84400
   1166      23925.50000
   1167      25037.78000
   1168       6835.34400
   1169     -17680.25000
   1170     -20422.75000
   1171       2125.25000
   1172      15312.22000
   1173      -4276.56200
   1174     -30556.47000
   1175     -28051.47000
   1176      -1766.65600
   1177      24299.81000
   1178      44389.00000
   1179      54994.22000
   1180      39467.09000
   1181        829.68750
   1182     -25485.38000
   1183     -18984.09000
   1184      -2062.81200
   1185       -714.71880
   1186      -8965.93800
   1187     -11374.19000
   1188     -11765.28000
   1189     -19099.41000
   1190     -27678.25000
   1191     -30475.56000
   1192     -32649.16000
   1193     -37483.78000
   1194     -39291.19000
   1195     -38730.28000
   1196     -41814.75000
   1197     -40567.81000
   1198     -20553.31000
   1199      12984.28000
   1200      37939.94000
   1201      38195.03000
   1202      12708.06000
   1203     -22218.38000
   1204     -35630.12000
   1205      -9303.90600
   1206      37292.53000
   1207      67658.75000
   1208      64733.06000
   1209      33059.06000
   1210     -15075.88000
   1211     -57646.27000
   1212     -67816.56000
   1213     -42843.12000
   1214     -16785.16000
   1215     -23960.84000
   1216     -53857.66000
   1217     -62502.45000
   1218     -30154.00000
   1219      15177.81000
   1220      38112.78000
   1221      33538.09000
   1222      14624.19000
   1223      -8540.75000
   1224     -25745.50000
   1225     -26368.66000
   1226     -13494.84000
   1227      -2596.37500
   1228      -3693.03100
   1229     -14230.38000
   1230     -23228.38000
   1231     -17140.97000
   1232       5089.21900
   1233      21686.47000
   1234      11197.97000
   1235     -17010.44000
