      1    -118514.20000
      2    -142115.70000
      3    -140340.70000
      4    -108891.70000
      5     -70631.86000
      6     -54243.09000
      7     -72812.16000
      8    -108874.80000
      9    -126065.70000
     10    -110957.30000
     11     -87471.17000
     12     -76638.53000
     13     -69720.36000
     14     -59988.61000
     15     -66188.17000
     16     -94383.11000
     17    -110191.20000
     18     -84997.61000
     19     -40900.05000
     20     -13669.94000
     21      -2418.48400
     22       6113.07800
     23      -1791.68800
     24     -39576.67000
     25     -81485.06000
     26     -89318.88000
     27     -58786.98000
     28     -15137.19000
     29      17277.12000
     30      24137.92000
     31      -1400.18800
     32     -49776.25000
     33     -89297.70000
     34     -88853.38000
     35     -58073.33000
     36     -49814.33000
     37     -98618.06000
     38    -165941.00000
     39    -179596.90000
     40    -125062.10000
     41     -61768.27000
     42     -45458.02000
     43     -66425.14000
     44     -76179.33000
     45     -53183.53000
     46     -23173.33000
     47     -16330.27000
     48     -22606.28000
     49     -10752.27000
     50      16795.59000
     51      22450.22000
     52      -9722.76600
     53     -53981.16000
     54     -87572.34000
     55    -114548.30000
     56    -135431.00000
     57    -133910.30000
     58    -108537.30000
     59     -83635.97000
     60     -73909.86000
     61     -63536.41000
     62     -36945.16000
     63     -12154.98000
     64     -20929.16000
     65     -61633.61000
     66     -96719.30000
     67    -100510.20000
     68     -82372.67000
     69     -57617.42000
     70     -27230.69000
     71       4647.07800
     72      21786.64000
     73      12831.44000
     74     -20134.48000
     75     -64405.00000
     76     -96969.56000
     77     -98368.86000
     78     -76707.88000
     79     -61697.50000
     80     -68962.62000
     81     -83855.12000
     82     -83924.81000
     83     -71774.56000
     84     -76158.69000
     85    -108110.80000
     86    -129593.20000
     87     -98771.19000
     88     -35550.02000
     89       2261.12500
     90      -4432.82800
     91     -29250.64000
     92     -51782.06000
     93     -66719.83000
     94     -61945.95000
     95     -34187.84000
     96     -10283.39000
     97     -15607.14000
     98     -35521.59000
     99     -37535.58000
    100     -16164.22000
    101      10640.41000
    102      34463.78000
    103      55058.34000
    104      57129.78000
    105      25257.66000
    106     -22273.59000
    107     -50418.16000
    108     -56274.41000
    109     -65699.30000
    110     -84304.80000
    111     -86894.22000
    112     -54250.55000
    113       3667.89100
    114      54604.16000
    115      61673.70000
    116      15408.95000
    117     -44122.03000
    118     -68608.86000
    119     -66917.56000
    120     -88126.05000
    121    -139971.90000
    122    -175995.10000
    123    -165798.90000
    124    -126785.40000
    125     -83306.75000
    126     -41971.23000
    127     -10315.42000
    128      -3053.31200
    129     -26560.08000
    130     -72771.25000
    131    -120972.60000
    132    -141661.00000
    133    -117484.60000
    134     -64402.20000
    135     -18902.14000
    136      -5100.31200
    137     -19857.27000
    138     -44482.20000
    139     -65946.14000
    140     -86338.20000
    141    -108567.50000
    142    -120246.80000
    143    -106188.40000
    144     -72906.39000
    145     -47036.77000
    146     -46556.27000
    147     -58326.89000
    148     -51231.70000
    149     -18842.34000
    150       5231.03100
    151      -7211.01600
    152     -38298.91000
    153     -55078.78000
    154     -55446.61000
    155     -53730.34000
    156     -50041.28000
    157     -40600.92000
    158     -30971.28000
    159     -21008.42000
    160      -2488.48400
    161      19999.47000
    162      29578.41000
    163      20423.27000
    164       3352.90600
    165     -11691.11000
    166     -27431.80000
    167     -52205.09000
    168     -84747.86000
    169    -109407.80000
    170    -110785.00000
    171     -90111.86000
    172     -62875.06000
    173     -43459.67000
    174     -35030.06000
    175     -31257.44000
    176     -25930.67000
    177     -21389.17000
    178     -24437.88000
    179     -35301.19000
    180     -45745.19000
    181     -48168.69000
    182     -42550.88000
    183     -35349.50000
    184     -32505.45000
    185     -33535.06000
    186     -34267.12000
    187     -31810.56000
    188     -23289.69000
    189      -7754.64100
    190       4672.60900
    191        288.68750
    192     -14872.25000
    193     -19774.45000
    194     -11930.41000
    195     -11071.08000
    196     -23496.89000
    197     -30215.12000
    198     -15752.20000
    199      13674.47000
    200      40641.41000
    201      49080.86000
    202      33247.84000
    203       6022.76600
    204     -14945.84000
    205     -33618.84000
    206     -66872.28000
    207    -108062.30000
    208    -129581.50000
    209    -124387.80000
    210    -111650.20000
    211     -98521.03000
    212     -71990.91000
    213     -32355.22000
    214       2006.51600
    215      23301.95000
    216      31214.78000
    217       9189.37500
    218     -51765.03000
    219    -113238.40000
    220    -121707.60000
    221     -77837.47000
    222     -34883.75000
    223     -30954.75000
    224     -52193.50000
    225     -62560.06000
    226     -51187.88000
    227     -41266.72000
    228     -49439.44000
    229     -55214.88000
    230     -39029.56000
    231     -30474.44000
    232     -68695.06000
    233    -127617.30000
    234    -138082.00000
    235     -79283.50000
    236      -1274.25000
    237      39274.81000
    238      32274.75000
    239       9612.65600
    240       6417.68800
    241      27287.25000
    242      52248.09000
    243      68749.72000
    244      74245.91000
    245      57256.78000
    246      16578.56000
    247     -14260.12000
    248      -9389.71900
    249       2034.34400
    250     -18824.47000
    251     -53515.97000
    252     -57283.19000
    253     -29887.72000
    254      -7762.90600
    255     -10423.53000
    256     -34442.53000
    257     -77259.78000
    258    -131474.90000
    259    -170738.80000
    260    -166503.90000
    261    -115881.20000
    262     -47849.41000
    263      -7509.68800
    264     -22841.41000
    265     -71680.09000
    266     -95616.59000
    267     -65913.34000
    268     -19283.44000
    269      -7929.81200
    270     -34260.91000
    271     -55947.09000
    272     -39326.44000
    273       7737.56200
    274      45841.25000
    275      44802.12000
    276      18773.62000
    277       2879.37500
    278      -2964.00000
    279     -26819.56000
    280     -63269.19000
    281     -77071.56000
    282     -68852.25000
    283     -70512.88000
    284     -76734.94000
    285     -53468.81000
    286     -14559.06000
    287     -13957.56000
    288     -55433.62000
    289     -80165.44000
    290     -53987.75000
    291      -6822.37500
    292      24675.00000
    293      37040.59000
    294      31648.28000
    295        905.06250
    296     -37233.62000
    297     -37584.75000
    298      14927.78000
    299      79919.84000
    300     111915.50000
    301     103922.00000
    302      64195.19000
    303      -7312.15600
    304     -87215.16000
    305    -115644.20000
    306     -66082.34000
    307       1253.87500
    308      10772.09000
    309     -30337.78000
    310     -58273.59000
    311     -45872.53000
    312     -12915.78000
    313      25366.69000
    314      61970.34000
    315      72636.97000
    316      35555.22000
    317     -29169.66000
    318     -68015.31000
    319     -46071.94000
    320      14460.47000
    321      53984.72000
    322      37464.34000
    323     -10886.94000
    324     -38711.75000
    325     -21869.62000
    326      11615.97000
    327      10559.53000
    328     -36881.19000
    329     -79319.75000
    330     -64553.12000
    331      -6080.43800
    332      45362.47000
    333      68692.56000
    334      76000.81000
    335      79022.56000
    336      76888.62000
    337      59869.25000
    338      28607.84000
    339      13534.81000
    340      34791.12000
    341      46013.94000
    342     -10790.75000
    343    -103089.70000
    344    -143233.00000
    345    -109622.80000
    346     -54823.88000
    347     -21322.81000
    348     -16267.09000
    349     -33402.34000
    350     -50326.91000
    351     -38313.12000
    352      -2437.50000
    353      21225.22000
    354      17875.66000
    355      13557.84000
    356      36114.44000
    357      75990.38000
    358      97281.28000
    359      82204.22000
    360      49433.53000
    361      23654.19000
    362       9623.03100
    363       6333.25000
    364      17111.31000
    365      30739.22000
    366      20569.34000
    367     -19954.34000
    368     -60734.56000
    369     -66183.38000
    370     -32298.34000
    371      12846.59000
    372      39728.78000
    373      42874.69000
    374      38467.31000
    375      44065.44000
    376      63733.84000
    377      85492.66000
    378      89483.94000
    379      67731.06000
    380      38682.81000
    381      32581.00000
    382      55720.47000
    383      78746.81000
    384      72924.56000
    385      51933.00000
    386      52591.97000
    387      75216.31000
    388      82779.62000
    389      67784.06000
    390      69270.69000
    391     103386.60000
    392     133012.60000
    393     131955.70000
    394     125386.60000
    395     139222.20000
    396     158399.50000
    397     163483.50000
    398     168080.90000
    399     193519.50000
    400     231298.60000
    401     252578.40000
    402     244758.80000
    403     224448.70000
    404     214247.70000
    405     215195.30000
    406     213988.60000
    407     210860.50000
    408     216505.50000
    409     222356.60000
    410     209536.60000
    411     190397.00000
    412     200264.40000
    413     243418.70000
    414     288004.20000
    415     311197.80000
    416     307376.00000
    417     271731.20000
    418     223054.80000
    419     213245.70000
    420     265642.80000
    421     337008.10000
    422     378242.30000
    423     390374.50000
    424     396295.90000
    425     406126.50000
    426     430039.00000
    427     480411.90000
    428     545740.40000
    429     593158.60000
    430     604844.40000
    431     599329.90000
    432     612388.50000
    433     657218.10000
    434     710068.40000
    435     745049.90000
    436     770091.50000
    437     809225.40000
    438     868783.20000
    439     940433.80000
    440    1017262.00000
    441    1091858.00000
    442    1158284.00000
    443    1219945.00000
    444    1283736.00000
    445    1356300.00000
    446    1453017.00000
    447    1592109.00000
    448    1771760.00000
    449    1968689.00000
    450    2160567.00000
    451    2343766.00000
    452    2533282.00000
    453    2742910.00000
    454    2962012.00000
    455    3161427.00000
    456    3323516.00000
    457    3447144.00000
    458    3526330.00000
    459    3549324.00000
    460    3519699.00000
    461    3460564.00000
    462    3394820.00000
    463    3329915.00000
    464    3262000.00000
    465    3189545.00000
    466    3116399.00000
    467    3046430.00000
    468    2989840.00000
    469    2969059.00000
    470    2992459.00000
    471    3028300.00000
    472    3039493.00000
    473    3038966.00000
    474    3074703.00000
    475    3164802.00000
    476    3282576.00000
    477    3401150.00000
    478    3517898.00000
    479    3634578.00000
    480    3744830.00000
    481    3848306.00000
    482    3946340.00000
    483    4009700.00000
    484    3983875.00000
    485    3852947.00000
    486    3667721.00000
    487    3477022.00000
    488    3261621.00000
    489    2977166.00000
    490    2636646.00000
    491    2306079.00000
    492    2033333.00000
    493    1815387.00000
    494    1626125.00000
    495    1449081.00000
    496    1282647.00000
    497    1126309.00000
    498     974663.40000
    499     834058.60000
    500     730322.00000
    501     672102.00000
    502     619369.20000
    503     527338.20000
    504     413320.50000
    505     340270.60000
    506     337502.30000
    507     369325.20000
    508     380842.50000
    509     356258.30000
    510     328713.70000
    511     331805.20000
    512     347994.70000
    513     328118.80000
    514     260494.50000
    515     186218.80000
    516     142942.00000
    517     128772.40000
    518     125941.70000
    519     127984.50000
    520     134991.90000
    521     143766.90000
    522     153422.20000
    523     168267.20000
    524     183281.80000
    525     177420.70000
    526     139910.90000
    527      93866.31000
    528      72436.06000
    529      83082.31000
    530     111441.20000
    531     137443.20000
    532     135976.60000
    533      96314.62000
    534      48815.69000
    535      34494.97000
    536      49951.62000
    537      59886.06000
    538      51774.66000
    539      42120.00000
    540      44744.75000
    541      58973.78000
    542      72118.03000
    543      64984.22000
    544      36950.56000
    545      19922.75000
    546      38887.50000
    547      71669.09000
    548      77714.84000
    549      49413.19000
    550       8730.75000
    551     -23989.59000
    552     -34375.56000
    553     -14503.91000
    554      19937.81000
    555      36512.62000
    556      21732.62000
    557     -10074.31000
    558     -41136.22000
    559     -62719.06000
    560     -71758.72000
    561     -71383.62000
    562     -67111.25000
    563     -59018.97000
    564     -46516.25000
    565     -31833.84000
    566      -9955.03100
    567      28919.25000
    568      80155.12000
    569     121070.20000
    570     126950.50000
    571      86966.50000
    572      17288.75000
    573     -42230.38000
    574     -62543.81000
    575     -51431.53000
    576     -32913.19000
    577     -18449.72000
    578     -12222.19000
    579     -21689.34000
    580     -45206.97000
    581     -63442.72000
    582     -57636.06000
    583     -31548.38000
    584      -6763.68800
    585       2728.62500
    586       3246.25000
    587       6753.65600
    588      12553.75000
    589       5895.87500
    590     -28713.72000
    591     -84066.78000
    592    -118840.80000
    593     -95150.81000
    594     -34576.38000
    595       -810.06250
    596     -14783.16000
    597     -27281.12000
    598       6152.87500
    599      61186.62000
    600      81984.12000
    601      55312.25000
    602      16316.38000
    603      -6247.03100
    604     -16287.97000
    605     -22490.16000
    606     -17768.78000
    607       1479.18800
    608      17753.91000
    609      10032.53000
    610     -18302.72000
    611     -40082.59000
    612     -36606.00000
    613     -19228.28000
    614      -7370.59400
    615      -1389.65600
    616       1772.37500
    617      -9331.03100
    618     -36196.78000
    619     -59442.97000
    620     -71795.44000
    621     -81718.56000
    622     -78739.47000
    623     -46609.09000
    624      -4395.37500
    625      18485.44000
    626      26540.38000
    627      30584.53000
    628      13841.28000
    629     -27418.34000
    630     -50034.19000
    631     -17287.50000
    632      40326.44000
    633      55665.97000
    634      10868.16000
    635     -35190.66000
    636     -20220.66000
    637      39381.50000
    638      74155.38000
    639      57851.16000
    640      28012.62000
    641      11205.59000
    642     -11457.84000
    643     -46103.12000
    644     -52547.28000
    645      -6053.87500
    646      51247.38000
    647      64791.75000
    648      38301.44000
    649       6067.15600
    650     -24842.44000
    651     -54641.41000
    652     -57340.53000
    653     -23187.19000
    654       6209.40600
    655      -6463.62500
    656     -41672.75000
    657     -58983.62000
    658     -47244.75000
    659     -17699.94000
    660      16616.03000
    661      38857.00000
    662      32279.03000
    663       1098.81200
    664     -22607.41000
    665      -5455.59400
    666      52523.41000
    667     116867.30000
    668     151697.20000
    669     143284.50000
    670     100383.20000
    671      50760.72000
    672      27334.19000
    673      39295.72000
    674      66627.53000
    675      86793.59000
    676      89255.69000
    677      73711.91000
    678      55131.50000
    679      51563.72000
    680      53309.50000
    681      36785.94000
    682      14952.97000
    683      27043.44000
    684      71183.12000
    685      95184.41000
    686      67977.38000
    687      24546.44000
    688      22412.84000
    689      72208.62000
    690     128300.80000
    691     143455.80000
    692     116460.10000
    693      83525.88000
    694      77718.75000
    695     102380.50000
    696     135703.20000
    697     157661.90000
    698     170765.10000
    699     186733.60000
    700     200594.00000
    701     194189.10000
    702     160160.60000
    703     111246.20000
    704      74038.19000
    705      73131.50000
    706     105631.40000
    707     138637.80000
    708     146798.70000
    709     137227.70000
    710     128387.40000
    711     131261.00000
    712     154912.10000
    713     195853.00000
    714     223613.80000
    715     212682.00000
    716     180733.10000
    717     161371.30000
    718     156179.20000
    719     146986.00000
    720     135048.60000
    721     136245.20000
    722     151438.60000
    723     164661.60000
    724     163846.40000
    725     153487.70000
    726     146705.20000
    727     145431.20000
    728     137246.40000
    729     118702.70000
    730     102842.50000
    731      93143.09000
    732      78444.72000
    733      62793.94000
    734      64385.94000
    735      77617.47000
    736      75324.66000
    737      54056.22000
    738      42848.19000
    739      64440.44000
    740     111553.90000
    741     162251.60000
    742     201915.40000
    743     222684.60000
    744     209331.90000
    745     149524.80000
    746      68842.94000
    747      24300.69000
    748      38081.81000
    749      63741.50000
    750      45117.25000
    751      -9358.37500
    752     -36621.16000
    753      -1725.87500
    754      50295.25000
    755      52522.31000
    756      16895.38000
    757      21305.78000
    758      86066.09000
    759     137480.20000
    760     121928.60000
    761      78141.19000
    762      56779.91000
    763      41710.72000
    764       2737.31200
    765     -29838.66000
    766      -2861.75000
    767      74133.78000
    768     133461.40000
    769     131570.50000
    770      85888.03000
    771      36175.69000
    772       9105.96900
    773      16738.25000
    774      51629.34000
    775      85620.78000
    776      98841.12000
    777     100464.60000
    778     108585.30000
    779     128021.70000
    780     153392.00000
    781     175305.80000
    782     189063.20000
    783     211337.50000
    784     270189.70000
    785     362096.40000
    786     437489.50000
    787     443682.60000
    788     374702.90000
    789     276686.50000
    790     204615.40000
    791     169278.20000
    792     136046.10000
    793      83767.50000
    794      38033.81000
    795      26830.28000
    796      38372.72000
    797      48566.62000
    798      53813.38000
    799      53425.38000
    800      39464.03000
    801      21531.53000
    802      22337.59000
    803      41728.94000
    804      57902.19000
    805      55236.09000
    806      27740.59000
    807     -16206.78000
    808     -42502.84000
    809     -31135.94000
    810     -19662.50000
    811     -47458.78000
    812     -82854.44000
    813     -74957.53000
    814     -39651.75000
    815     -27134.88000
    816     -45365.62000
    817     -68755.06000
    818     -82494.84000
    819     -83144.94000
    820     -66381.91000
    821     -33705.25000
    822       -744.87500
    823       6503.46900
    824     -24268.66000
    825     -64969.22000
    826     -72296.97000
    827     -46714.03000
    828     -29326.66000
    829     -42751.53000
    830     -75860.16000
    831    -113078.30000
    832    -138466.00000
    833    -132606.10000
    834     -98114.94000
    835     -64590.09000
    836     -51786.81000
    837     -53618.47000
    838     -62968.66000
    839     -83567.81000
    840    -113048.20000
    841    -134477.30000
    842    -132930.90000
    843    -112348.60000
    844     -86060.75000
    845     -55234.19000
    846     -16799.22000
    847      10931.44000
    848       7897.68800
    849      -5175.12500
    850       6568.93800
    851      30189.75000
    852      29334.50000
    853      13664.06000
    854      16273.44000
    855      29688.44000
    856      30907.19000
    857      30564.56000
    858      39475.81000
    859      38406.56000
    860      24617.81000
    861      27453.19000
    862      53227.56000
    863      74576.50000
    864      75515.81000
    865      55163.25000
    866      13398.38000
    867     -23530.38000
    868     -12221.38000
    869      38184.81000
    870      62990.00000
    871      32120.56000
    872     -13069.50000
    873     -21957.53000
    874      15582.81000
    875      77140.81000
    876     123978.50000
    877     123091.00000
    878      86412.69000
    879      65832.69000
    880      84316.88000
    881     105610.90000
    882      97753.56000
    883      82173.31000
    884      86437.50000
    885      94149.69000
    886      78140.38000
    887      44695.62000
    888      16526.69000
    889       4393.18800
    890       8105.12500
    891      17626.81000
    892      15593.88000
    893      -1655.81200
    894     -19923.94000
    895     -33152.81000
    896     -48018.12000
    897     -59090.31000
    898     -47407.72000
    899     -11505.50000
    900      17901.38000
    901       9221.12500
    902     -23621.00000
    903     -29125.25000
    904       9444.31200
    905      42815.75000
    906      25641.38000
    907     -22912.25000
    908     -58121.75000
    909     -63217.75000
    910     -42756.44000
    911     -12051.00000
    912      -2398.93800
    913     -31245.50000
    914     -69364.50000
    915     -74831.28000
    916     -48740.72000
    917     -28693.44000
    918     -37395.66000
    919     -55846.44000
    920     -48660.53000
    921     -11007.75000
    922      24219.31000
    923      34315.25000
    924      36100.62000
    925      45857.62000
    926      40086.31000
    927     -10745.19000
    928     -86362.00000
    929    -126021.60000
    930     -93800.12000
    931     -19565.94000
    932      32518.44000
    933      31363.31000
    934        715.87500
    935     -25871.31000
    936     -45107.84000
    937     -65144.81000
    938     -75739.25000
    939     -62513.28000
    940     -34049.50000
    941     -15566.44000
    942     -24728.25000
    943     -58525.47000
    944     -92215.22000
    945     -96845.16000
    946     -70784.91000
    947     -42537.94000
    948     -34772.38000
    949     -44366.94000
    950     -59173.62000
    951     -67724.59000
    952     -55867.00000
    953     -21176.31000
    954      15676.25000
    955      33264.50000
    956      30974.69000
    957      17617.38000
    958      -3374.56200
    959     -30511.19000
    960     -57465.06000
    961     -71903.03000
    962     -62926.69000
    963     -38183.25000
    964     -23103.69000
    965     -30756.56000
    966     -47742.50000
    967     -57609.94000
    968     -57948.56000
    969     -50032.06000
    970     -32502.12000
    971      -7659.00000
    972      17973.19000
    973      37312.56000
    974      44673.31000
    975      37985.44000
    976      17626.00000
    977     -13095.75000
    978     -37123.19000
    979     -28490.12000
    980      11608.25000
    981      41164.00000
    982      22987.94000
    983     -30117.12000
    984     -72888.16000
    985     -76102.88000
    986     -47385.88000
    987     -16532.81000
    988      -9326.75000
    989     -28916.06000
    990     -54527.62000
    991     -57786.88000
    992     -28320.00000
    993      10076.44000
    994      19468.31000
    995      -6955.50000
    996     -35219.00000
    997     -37394.50000
    998     -25665.81000
    999     -24108.44000
   1000     -33523.50000
   1001     -43895.38000
   1002     -56586.31000
   1003     -74289.75000
   1004     -90833.69000
   1005    -104476.20000
   1006    -118513.80000
   1007    -123147.80000
   1008    -103259.80000
   1009     -66827.94000
   1010     -38670.88000
   1011     -27264.94000
   1012     -20975.94000
   1013      -9060.25000
   1014      11790.50000
   1015      37866.38000
   1016      52278.38000
   1017      38373.75000
   1018       7032.31200
   1019     -11684.38000
   1020      -8122.12500
   1021      -1766.43800
   1022      -9937.25000
   1023     -28933.75000
   1024     -45745.25000
   1025     -50718.94000
   1026     -37193.19000
   1027      -4610.00000
   1028      29885.69000
   1029      33663.81000
   1030      -9414.06200
   1031     -68750.69000
   1032     -92577.00000
   1033     -71589.12000
   1034     -49302.56000
   1035     -57195.50000
   1036     -75896.44000
   1037     -80356.50000
   1038     -82518.06000
   1039    -100430.00000
   1040    -118584.40000
   1041    -110422.70000
   1042     -80583.44000
   1043     -62111.19000
   1044     -77093.50000
   1045    -110114.80000
   1046    -124747.60000
   1047    -106391.80000
   1048     -76729.94000
   1049     -60965.94000
   1050     -60707.31000
   1051     -64261.19000
   1052     -61525.94000
   1053     -48105.44000
   1054     -34447.56000
   1055     -41051.44000
   1056     -68096.62000
   1057     -89225.19000
   1058     -84367.44000
   1059     -54501.88000
   1060      -8129.87500
   1061      33417.75000
   1062      31192.06000
   1063     -26117.94000
   1064     -85804.44000
   1065     -89108.12000
   1066     -55930.31000
   1067     -55931.81000
   1068     -96272.38000
   1069    -104203.90000
   1070     -40200.75000
   1071      36159.12000
   1072      49601.38000
   1073       5766.43800
   1074     -34168.31000
   1075     -37889.62000
   1076     -27013.06000
   1077     -35457.31000
   1078     -62980.94000
   1079     -78436.00000
   1080     -71379.50000
   1081     -70574.19000
   1082     -89044.75000
   1083     -93848.00000
   1084     -63869.69000
   1085     -29888.56000
   1086     -28369.94000
   1087     -59334.19000
   1088     -95992.31000
   1089     -97135.94000
   1090     -35338.19000
   1091      47100.62000
   1092      60843.81000
   1093     -13927.06000
   1094     -97496.94000
   1095    -125929.50000
   1096    -125343.40000
   1097    -144897.70000
   1098    -178068.20000
   1099    -175075.20000
   1100    -103765.10000
   1101       6145.68800
   1102      74773.94000
   1103      50129.50000
   1104     -28734.94000
   1105     -78382.44000
   1106     -69354.88000
   1107     -42003.31000
   1108     -36858.62000
   1109     -47993.81000
   1110     -45759.38000
   1111     -21530.94000
   1112       1913.06200
   1113       3483.12500
   1114      -7052.18800
   1115      -7658.87500
   1116       1149.43800
   1117       2585.87500
   1118      -7493.50000
   1119     -20229.25000
   1120     -30990.19000
   1121     -41655.50000
   1122     -53823.56000
   1123     -65098.50000
   1124     -69194.31000
   1125     -67864.12000
   1126     -78429.44000
   1127    -106588.40000
   1128    -122113.20000
   1129     -94393.31000
   1130     -39886.00000
   1131       -476.93750
   1132       7641.18800
   1133      -5930.62500
   1134     -33513.00000
   1135     -68267.00000
   1136     -94427.00000
   1137    -100692.10000
   1138     -92423.31000
   1139     -81035.56000
   1140     -68528.25000
   1141     -48652.75000
   1142     -21465.88000
   1143       2036.50000
   1144      16310.69000
   1145      27150.38000
   1146      27778.81000
   1147       1156.87500
   1148     -30784.25000
   1149     -13045.44000
   1150      48878.19000
   1151      71053.44000
   1152      18571.31000
   1153     -32109.69000
   1154     -18487.12000
   1155      11708.12000
   1156      -3408.81200
   1157     -39801.94000
   1158     -52423.94000
   1159     -57790.44000
   1160     -84707.88000
   1161    -106132.90000
   1162     -80166.25000
   1163     -21870.50000
   1164      10966.38000
   1165      -7374.00000
   1166     -39930.38000
   1167     -39871.94000
   1168     -14424.31000
   1169      -8029.12500
   1170     -29963.56000
   1171     -41725.38000
   1172     -22562.25000
   1173      -3623.43800
   1174     -18486.12000
   1175     -54557.44000
   1176     -75893.81000
   1177     -68878.06000
   1178     -44532.19000
   1179     -15440.19000
   1180       8077.00000
   1181      15165.44000
   1182       7991.87500
   1183       3721.56200
   1184       7772.06200
   1185       2463.00000
   1186     -21927.25000
   1187     -43348.31000
   1188     -33395.88000
   1189       3656.75000
   1190      33587.38000
   1191      30644.50000
   1192         28.37500
   1193     -37823.25000
   1194     -67091.50000
   1195     -74345.31000
   1196     -51313.94000
   1197     -12700.62000
   1198      13022.12000
   1199      20579.25000
   1200      29553.62000
   1201      46406.50000
   1202      53869.31000
   1203      35882.25000
   1204      -9429.81200
   1205     -70425.50000
   1206    -117648.40000
   1207    -117514.40000
   1208     -67848.56000
   1209      -7095.25000
   1210      20067.38000
   1211        554.75000
   1212     -41632.75000
   1213     -71410.00000
   1214     -74316.56000
   1215     -61021.88000
   1216     -46572.38000
   1217     -40826.62000
   1218     -55491.06000
   1219     -95381.19000
   1220    -138443.50000
   1221    -148735.10000
   1222    -117186.60000
   1223     -71930.12000
   1224     -42321.62000
   1225     -30608.25000
   1226     -26761.62000
   1227     -30248.50000
   1228     -41136.06000
   1229     -45887.19000
   1230     -34453.56000
   1231     -22532.50000
   1232     -34664.25000
   1233     -68714.75000
   1234     -96054.88000
   1235     -97250.44000
