      1     -71419.59000
      2     -48422.98000
      3     -30402.42000
      4     -36847.18000
      5     -59407.15000
      6     -68104.44000
      7     -49519.85000
      8     -18442.73000
      9       6786.17200
     10      20589.57000
     11      26085.07000
     12      29008.66000
     13      31352.74000
     14      28354.39000
     15      19215.42000
     16      11609.32000
     17       4490.53300
     18     -12908.47000
     19     -32011.32000
     20     -25924.29000
     21       3815.79100
     22      18760.32000
     23       1713.75000
     24     -16570.13000
     25     -10657.11000
     26       -309.11130
     27     -10817.96000
     28     -29118.19000
     29     -30170.00000
     30     -20618.01000
     31     -23929.89000
     32     -36368.02000
     33     -29534.31000
     34       3651.77900
     35      30507.12000
     36      17915.46000
     37     -23691.96000
     38     -52212.96000
     39     -45655.47000
     40     -23767.38000
     41     -14892.57000
     42     -22324.95000
     43     -34524.71000
     44     -47402.21000
     45     -57488.94000
     46     -52602.48000
     47     -33081.17000
     48     -23668.99000
     49     -38092.74000
     50     -50631.66000
     51     -32786.29000
     52       -263.22850
     53       8574.70400
     54     -13313.99000
     55     -39236.37000
     56     -48867.03000
     57     -43200.98000
     58     -28908.17000
     59     -12599.42000
     60      -4754.96100
     61      -8279.27800
     62      -8688.94100
     63       6292.24200
     64      23769.17000
     65      19576.82000
     66     -10126.71000
     67     -45417.38000
     68     -64515.76000
     69     -59485.51000
     70     -37715.89000
     71     -15030.21000
     72      -3842.65300
     73      -8046.62700
     74     -27668.35000
     75     -55370.95000
     76     -70421.74000
     77     -57306.77000
     78     -29585.72000
     79     -13033.94000
     80      -9146.23100
     81       -107.29790
     82      15356.48000
     83      17625.22000
     84      -1825.65800
     85     -26945.63000
     86     -42322.52000
     87     -53438.43000
     88     -68661.18000
     89     -75621.72000
     90     -57803.10000
     91     -26946.23000
     92     -13824.55000
     93     -27880.30000
     94     -47421.56000
     95     -49034.63000
     96     -30665.73000
     97      -8169.04400
     98        305.16800
     99     -10093.03000
    100     -25565.56000
    101     -28569.35000
    102     -17727.32000
    103      -6736.07900
    104      -6974.17900
    105     -18560.68000
    106     -34744.25000
    107     -46306.04000
    108     -44279.45000
    109     -27166.93000
    110      -5858.24400
    111       5735.21800
    112       7332.74500
    113      12863.71000
    114      29615.05000
    115      42823.45000
    116      31796.32000
    117       -358.50090
    118     -27047.04000
    119     -30346.98000
    120     -18288.49000
    121      -6669.24300
    122      -1061.59400
    123      -1833.00600
    124     -10283.60000
    125     -24033.01000
    126     -38362.77000
    127     -51652.28000
    128     -60175.00000
    129     -55269.82000
    130     -35528.61000
    131     -12904.55000
    132       -116.83620
    133      -2093.40500
    134     -19437.60000
    135     -44881.76000
    136     -57655.39000
    137     -39581.12000
    138        -38.12256
    139      29197.50000
    140      28507.15000
    141      11165.27000
    142       4355.70300
    143      14546.29000
    144      20481.28000
    145       1624.99800
    146     -34904.13000
    147     -61808.17000
    148     -60394.30000
    149     -37043.93000
    150     -14641.50000
    151     -10216.98000
    152     -19310.54000
    153     -25284.58000
    154     -24314.40000
    155     -29158.84000
    156     -43707.91000
    157     -49772.45000
    158     -31322.20000
    159       -705.96090
    160      13136.94000
    161       -388.59380
    162     -20030.97000
    163     -17536.39000
    164       8522.14000
    165      29933.01000
    166      20616.19000
    167     -14235.69000
    168     -44759.32000
    169     -50499.42000
    170     -42015.11000
    171     -41480.12000
    172     -48176.03000
    173     -41417.51000
    174     -15518.61000
    175      12858.29000
    176      31645.88000
    177      39567.69000
    178      29441.37000
    179      -3499.41700
    180     -40938.55000
    181     -57924.21000
    182     -53745.53000
    183     -45107.66000
    184     -37998.60000
    185     -22859.51000
    186       8123.67000
    187      46474.29000
    188      69324.82000
    189      60920.90000
    190      31832.99000
    191       7050.39500
    192      -1755.61500
    193      -2479.71300
    194      -9242.34600
    195     -30360.13000
    196     -58015.54000
    197     -69655.64000
    198     -54968.27000
    199     -33512.28000
    200     -26188.19000
    201     -24099.32000
    202      -9707.63900
    203       8962.57200
    204      11024.88000
    205      -4228.96700
    206     -18642.57000
    207     -21256.07000
    208     -20778.48000
    209     -33263.30000
    210     -57060.31000
    211     -65588.91000
    212     -42020.79000
    213     -15788.39000
    214     -33561.43000
    215     -93968.24000
    216    -145203.90000
    217    -148909.20000
    218    -112776.80000
    219     -61864.30000
    220     -16068.46000
    221       4288.15600
    222      -9883.81600
    223     -34109.88000
    224     -33509.89000
    225     -11450.18000
    226      -3272.08800
    227     -21674.03000
    228     -41416.25000
    229     -40335.23000
    230     -25403.64000
    231     -15025.05000
    232     -17058.59000
    233     -24054.34000
    234     -20621.29000
    235      -3851.23200
    236       3824.35700
    237     -18345.65000
    238     -54394.25000
    239     -68407.69000
    240     -51097.67000
    241     -27300.89000
    242     -23584.56000
    243     -42996.00000
    244     -64640.84000
    245     -65921.61000
    246     -51989.55000
    247     -51055.11000
    248     -71447.71000
    249     -86881.19000
    250     -75951.78000
    251     -48586.45000
    252     -22670.61000
    253       -161.70900
    254      23596.47000
    255      43856.43000
    256      47470.84000
    257      28404.99000
    258       1198.57400
    259     -13607.84000
    260     -19981.87000
    261     -38552.66000
    262     -65540.58000
    263     -73976.30000
    264     -57956.65000
    265     -37807.75000
    266     -22819.38000
    267      -7088.69500
    268       3820.95700
    269      -1131.36700
    270     -14052.34000
    271     -19543.19000
    272     -20958.04000
    273     -30556.86000
    274     -41688.48000
    275     -32607.96000
    276       1685.12900
    277      34894.84000
    278      35442.43000
    279       4769.33600
    280     -20487.26000
    281     -11787.49000
    282      13922.97000
    283      15675.91000
    284     -15269.26000
    285     -42383.92000
    286     -34047.11000
    287      -2914.40200
    288      18245.06000
    289      16422.78000
    290         26.33203
    291     -15371.17000
    292     -12535.15000
    293       9019.09800
    294      18373.41000
    295      -8493.85500
    296     -40591.64000
    297     -27845.77000
    298      20088.60000
    299      42821.16000
    300      14672.96000
    301     -30237.92000
    302     -56821.92000
    303     -62135.62000
    304     -50684.31000
    305     -25573.57000
    306      -7148.63700
    307     -18799.98000
    308     -50000.61000
    309     -65516.96000
    310     -51571.47000
    311     -28029.29000
    312     -16900.64000
    313     -19377.43000
    314     -25319.77000
    315     -31976.47000
    316     -45750.07000
    317     -64156.45000
    318     -64747.89000
    319     -27429.58000
    320      31342.78000
    321      65567.94000
    322      50271.96000
    323      11331.52000
    324      -9354.54700
    325      -8318.48800
    326     -17200.37000
    327     -48670.56000
    328     -77296.41000
    329     -80823.89000
    330     -64714.89000
    331     -35264.09000
    332      10064.16000
    333      51404.96000
    334      49804.49000
    335       1401.45300
    336     -48814.18000
    337     -61220.05000
    338     -38006.07000
    339      -1922.75800
    340      27901.92000
    341      36645.70000
    342      21453.66000
    343        137.40620
    344      -9547.22300
    345     -12404.48000
    346     -17925.86000
    347     -15615.05000
    348       5498.62900
    349      28328.56000
    350      27273.93000
    351       5265.60900
    352     -13731.46000
    353     -18068.15000
    354     -13498.47000
    355      -7375.53500
    356      -7362.85900
    357     -23079.86000
    358     -48205.74000
    359     -53273.75000
    360     -20678.12000
    361      20637.17000
    362      24390.98000
    363     -10472.21000
    364     -38703.33000
    365     -33828.22000
    366     -18342.35000
    367     -17990.85000
    368     -23746.61000
    369     -17683.73000
    370      -4698.42600
    371       2313.18400
    372       6557.43000
    373      18709.18000
    374      37536.30000
    375      49779.67000
    376      43886.03000
    377      20835.09000
    378      -6677.16400
    379     -25077.29000
    380     -27991.86000
    381     -14027.49000
    382      13469.18000
    383      40914.99000
    384      49271.74000
    385      31631.86000
    386       1809.04300
    387     -16954.47000
    388     -12108.48000
    389       7882.52300
    390      27473.20000
    391      45829.14000
    392      68912.51000
    393      83525.87000
    394      71436.05000
    395      48972.17000
    396      49712.42000
    397      66513.60000
    398      60057.46000
    399      29794.15000
    400      25696.83000
    401      79755.89000
    402     164598.60000
    403     227890.10000
    404     244116.90000
    405     230463.80000
    406     225289.20000
    407     250431.30000
    408     293728.00000
    409     329874.20000
    410     348336.30000
    411     354367.10000
    412     356742.20000
    413     361943.10000
    414     368358.10000
    415     364770.20000
    416     345892.70000
    417     325727.60000
    418     322105.20000
    419     334487.70000
    420     350036.20000
    421     363976.70000
    422     382814.60000
    423     412879.00000
    424     451980.10000
    425     486009.20000
    426     495917.30000
    427     481483.50000
    428     476442.90000
    429     522225.30000
    430     619127.90000
    431     716469.10000
    432     761548.10000
    433     751199.00000
    434     723310.20000
    435     706034.40000
    436     699348.20000
    437     709059.60000
    438     773246.60000
    439     928592.10000
    440    1146404.00000
    441    1324626.00000
    442    1378946.00000
    443    1338635.00000
    444    1311893.00000
    445    1363695.00000
    446    1481362.00000
    447    1656118.00000
    448    1969537.00000
    449    2642962.00000
    450    3958534.00000
    451    5896734.00000
    452    7776998.00000
    453    8567460.00000
    454    7798132.00000
    455    6009242.00000
    456    4163578.00000
    457    2822792.00000
    458    1999306.00000
    459    1508560.00000
    460    1205693.00000
    461    1002489.00000
    462     864657.30000
    463     805532.40000
    464     830302.10000
    465     902269.40000
    466     976293.10000
    467    1032483.00000
    468    1060479.00000
    469    1034924.00000
    470     933336.90000
    471     774440.90000
    472     615549.90000
    473     505608.30000
    474     453298.80000
    475     441186.60000
    476     452030.40000
    477     470533.70000
    478     470926.90000
    479     427480.30000
    480     351399.20000
    481     298262.40000
    482     310790.50000
    483     365537.90000
    484     406819.90000
    485     418480.00000
    486     422200.60000
    487     419674.20000
    488     390160.60000
    489     345452.30000
    490     333181.60000
    491     369879.70000
    492     411687.50000
    493     409212.40000
    494     360880.90000
    495     298608.90000
    496     248319.80000
    497     218526.40000
    498     206189.50000
    499     198804.70000
    500     182652.30000
    501     160161.80000
    502     151339.90000
    503     167409.60000
    504     190463.20000
    505     195393.60000
    506     185505.90000
    507     181889.90000
    508     182524.20000
    509     166551.20000
    510     140055.30000
    511     138102.50000
    512     171888.70000
    513     207822.60000
    514     210232.40000
    515     178836.40000
    516     136246.80000
    517     100694.10000
    518      77978.37000
    519      62535.99000
    520      42057.91000
    521      16679.13000
    522      12560.92000
    523      53200.70000
    524     115529.30000
    525     143900.20000
    526     116953.50000
    527      72241.58000
    528      52729.48000
    529      56933.54000
    530      57660.63000
    531      47152.54000
    532      44045.25000
    533      64703.20000
    534     100786.80000
    535     126350.00000
    536     123929.80000
    537      98924.87000
    538      67456.33000
    539      39877.70000
    540      22317.59000
    541      22145.11000
    542      39259.26000
    543      58231.33000
    544      60858.64000
    545      47366.45000
    546      38196.48000
    547      49563.66000
    548      70961.50000
    549      77233.58000
    550      61786.13000
    551      42413.52000
    552      33163.19000
    553      28457.34000
    554      18436.45000
    555       3511.32000
    556      -9562.78100
    557     -14261.53000
    558      -5675.64800
    559      16732.79000
    560      45355.61000
    561      64973.81000
    562      61791.91000
    563      39747.96000
    564      23555.52000
    565      32666.12000
    566      57056.81000
    567      74072.30000
    568      80510.17000
    569      86572.20000
    570      87445.20000
    571      69458.06000
    572      41102.52000
    573      27437.94000
    574      31583.48000
    575      30893.51000
    576      15345.27000
    577       3118.31200
    578      13827.61000
    579      46548.99000
    580      82312.20000
    581      94829.05000
    582      70363.92000
    583      27282.67000
    584        -48.49219
    585        904.17970
    586      17211.08000
    587      34751.58000
    588      44277.18000
    589      40177.95000
    590      33344.30000
    591      41706.68000
    592      54056.25000
    593      38018.48000
    594      -2067.98400
    595     -17476.80000
    596      13997.41000
    597      50160.22000
    598      43184.33000
    599        641.57030
    600     -39699.52000
    601     -63643.74000
    602     -77364.64000
    603     -76774.17000
    604     -54258.23000
    605     -21726.52000
    606       -309.64840
    607       6169.69500
    608      10053.09000
    609      16919.84000
    610      18764.91000
    611      13098.32000
    612      14839.85000
    613      35320.19000
    614      58994.34000
    615      61722.63000
    616      45448.04000
    617      31370.38000
    618      24523.66000
    619       9024.53100
    620     -22988.54000
    621     -56468.93000
    622     -69580.85000
    623     -55301.22000
    624     -25455.44000
    625       1858.97700
    626      15892.88000
    627      17925.97000
    628      17751.20000
    629      23652.23000
    630      32390.00000
    631      34601.40000
    632      31497.77000
    633      33547.66000
    634      40156.38000
    635      36620.80000
    636      15761.66000
    637     -12139.93000
    638     -33899.75000
    639     -45125.28000
    640     -46436.38000
    641     -39987.41000
    642     -29852.83000
    643     -16282.80000
    644       5801.16400
    645      32704.34000
    646      46582.79000
    647      37594.95000
    648      17382.16000
    649      -3031.47700
    650     -26900.05000
    651     -48260.06000
    652     -43626.94000
    653      -7989.46900
    654      27664.91000
    655      35630.31000
    656      26723.95000
    657      27696.53000
    658      38363.08000
    659      31992.00000
    660      -3013.73400
    661     -40412.05000
    662     -46123.58000
    663     -17801.41000
    664      19447.12000
    665      42660.84000
    666      41981.86000
    667      18072.38000
    668     -15365.84000
    669     -37047.19000
    670     -36286.03000
    671     -22711.20000
    672     -15825.02000
    673     -22695.19000
    674     -27532.61000
    675     -16310.17000
    676      -5711.89100
    677     -16971.25000
    678     -31031.36000
    679     -17218.06000
    680       6266.62500
    681       -348.85940
    682     -25913.05000
    683     -27813.30000
    684      -7313.28100
    685      -3208.87500
    686     -25676.08000
    687     -48352.23000
    688     -52318.98000
    689     -41716.42000
    690     -28951.17000
    691     -23020.56000
    692     -21542.58000
    693     -14034.52000
    694      -2651.85900
    695      -2775.54700
    696     -11746.28000
    697      -5562.31200
    698      19162.78000
    699      31702.67000
    700      12311.86000
    701     -17833.94000
    702     -27961.91000
    703     -15698.58000
    704       2783.17200
    705      22074.86000
    706      44928.28000
    707      59067.14000
    708      43335.75000
    709       2797.76600
    710     -25851.66000
    711     -17505.84000
    712       9500.42200
    713      18474.31000
    714       -794.01560
    715     -25154.17000
    716     -29806.17000
    717     -17038.08000
    718     -11286.81000
    719     -28556.14000
    720     -57381.84000
    721     -73196.03000
    722     -64180.59000
    723     -37459.91000
    724      -8788.85900
    725       7089.60900
    726       4842.45300
    727      -5119.46900
    728      -6342.96900
    729       3641.34400
    730      12221.17000
    731      10703.62000
    732        556.15620
    733     -16896.36000
    734     -36639.92000
    735     -40760.92000
    736     -20250.53000
    737        -32.59375
    738      -9997.53100
    739     -37681.12000
    740     -43709.91000
    741     -16047.56000
    742      21713.22000
    743      44140.00000
    744      40436.61000
    745      13275.16000
    746     -18206.89000
    747     -31262.84000
    748     -27125.66000
    749     -27504.09000
    750     -39223.92000
    751     -43428.41000
    752     -24455.00000
    753       7464.89100
    754      27476.92000
    755      22759.73000
    756       5300.01600
    757       -844.46880
    758      15530.75000
    759      43414.59000
    760      63319.44000
    761      63927.75000
    762      47020.31000
    763      24311.80000
    764       9141.23400
    765       5508.54700
    766       7641.42200
    767      11885.77000
    768      20133.41000
    769      27899.47000
    770      22598.86000
    771       4009.21900
    772      -6878.45300
    773       4096.65600
    774      17957.70000
    775       8581.73400
    776     -10604.92000
    777       1355.17200
    778      51024.62000
    779      97213.62000
    780     110344.10000
    781     106692.70000
    782     109713.20000
    783     118433.90000
    784     130819.50000
    785     155024.20000
    786     179322.00000
    787     173455.90000
    788     136985.00000
    789     106318.80000
    790      99798.44000
    791      94464.06000
    792      69390.27000
    793      37143.70000
    794      20511.42000
    795      25571.27000
    796      45784.23000
    797      69113.89000
    798      76377.22000
    799      55377.17000
    800      22456.92000
    801       8277.92200
    802      16130.42000
    803      18257.34000
    804       1324.04700
    805     -12541.75000
    806      -3817.25000
    807      14626.30000
    808      23876.84000
    809      25689.08000
    810      21730.62000
    811      -3774.67200
    812     -52423.62000
    813     -87459.80000
    814     -73326.36000
    815     -24825.64000
    816      11852.12000
    817      16623.81000
    818       7257.20300
    819        613.76560
    820      -9455.20300
    821     -31102.70000
    822     -52288.86000
    823     -51538.78000
    824     -24688.62000
    825       8109.73400
    826      23269.31000
    827      15649.41000
    828      -3540.73400
    829     -22058.09000
    830     -31539.59000
    831     -28555.83000
    832     -24462.88000
    833     -41712.66000
    834     -81211.03000
    835    -104378.80000
    836     -73021.23000
    837      -3078.46900
    838      47344.72000
    839      47708.75000
    840      27618.27000
    841      28148.22000
    842      45480.47000
    843      47045.75000
    844      26008.56000
    845       7462.54700
    846       6105.40600
    847       8220.78100
    848        262.18750
    849      -8453.67200
    850      -2644.42200
    851      13991.69000
    852      25252.77000
    853      27239.75000
    854      30150.23000
    855      37524.27000
    856      41579.89000
    857      39390.73000
    858      35242.45000
    859      26546.61000
    860       5197.76600
    861     -26388.66000
    862     -52082.02000
    863     -54363.94000
    864     -28721.70000
    865       7897.31200
    866      29430.16000
    867      30977.48000
    868      32233.91000
    869      40728.75000
    870      35763.11000
    871       5474.64100
    872     -25161.38000
    873     -24505.45000
    874       3130.51600
    875      23127.00000
    876      13530.77000
    877      -9811.87500
    878     -16300.34000
    879      -3704.82800
    880      -1143.43800
    881     -22685.67000
    882     -40793.97000
    883     -26508.20000
    884       1406.45300
    885      -2512.56200
    886     -44896.19000
    887     -80649.88000
    888     -75209.38000
    889     -49326.98000
    890     -39533.41000
    891     -43309.50000
    892     -37415.83000
    893     -24177.14000
    894     -19050.55000
    895     -16491.52000
    896      -6764.03100
    897      -2436.21900
    898     -16879.38000
    899     -42087.86000
    900     -65725.17000
    901     -81475.92000
    902     -78429.53000
    903     -51824.67000
    904     -20323.53000
    905      -5377.75000
    906      -5306.79700
    907      -8692.29700
    908     -15717.34000
    909     -32565.73000
    910     -56964.34000
    911     -73235.64000
    912     -60095.92000
    913     -15822.19000
    914      28375.27000
    915      42674.81000
    916      37089.73000
    917      37979.33000
    918      40594.27000
    919      19089.31000
    920     -27088.34000
    921     -68091.38000
    922     -80126.39000
    923     -66579.11000
    924     -46474.16000
    925     -33594.61000
    926     -25371.28000
    927     -11994.84000
    928       3297.39100
    929       6236.65600
    930       -606.39060
    931       5024.95300
    932      27923.77000
    933      42167.78000
    934      29943.56000
    935       5047.50000
    936     -16059.66000
    937     -33207.25000
    938     -39496.06000
    939     -17637.98000
    940      23442.41000
    941      45505.42000
    942      33920.89000
    943      18652.59000
    944      23305.77000
    945      29206.30000
    946      13208.17000
    947     -13917.11000
    948     -32410.09000
    949     -43497.59000
    950     -51038.55000
    951     -45798.42000
    952     -27444.70000
    953     -11822.67000
    954      -6910.73400
    955      -9455.40600
    956     -19853.22000
    957     -33053.28000
    958     -33198.06000
    959     -21619.05000
    960     -19790.38000
    961     -27523.11000
    962     -19904.11000
    963       3381.51600
    964      14643.20000
    965       8016.98400
    966       1415.68800
    967      -7186.79700
    968     -32967.81000
    969     -62007.41000
    970     -66960.86000
    971     -55362.72000
    972     -56557.55000
    973     -71207.55000
    974     -73988.78000
    975     -56496.95000
    976     -32679.83000
    977     -10547.16000
    978      12197.36000
    979      30556.45000
    980      33643.73000
    981      20941.95000
    982       1551.31200
    983     -18779.59000
    984     -38249.27000
    985     -51811.34000
    986     -56377.30000
    987     -59775.12000
    988     -69760.69000
    989     -74508.23000
    990     -53582.69000
    991     -14491.39000
    992       5160.73400
    993     -13406.00000
    994     -41670.48000
    995     -43487.89000
    996     -19725.34000
    997       7791.45300
    998      29288.88000
    999      39311.12000
   1000      25656.83000
   1001      -6239.21900
   1002     -26548.98000
   1003     -21598.83000
   1004     -10001.95000
   1005      -3380.03100
   1006       8470.89100
   1007      19832.94000
   1008       5078.56200
   1009     -30858.92000
   1010     -45588.81000
   1011     -21152.11000
   1012       8478.50000
   1013       7573.65600
   1014     -18328.88000
   1015     -41304.75000
   1016     -45679.97000
   1017     -34275.08000
   1018     -17993.47000
   1019      -6337.95300
   1020      -3545.87500
   1021     -11484.03000
   1022     -28259.20000
   1023     -39795.83000
   1024     -30399.72000
   1025     -11955.88000
   1026     -18022.17000
   1027     -54207.41000
   1028     -80958.36000
   1029     -63001.78000
   1030     -13433.08000
   1031      25898.39000
   1032      30615.22000
   1033      11370.48000
   1034      -3215.39100
   1035       4352.43800
   1036      24039.53000
   1037      30616.38000
   1038      13226.44000
   1039     -12099.66000
   1040     -23235.33000
   1041     -20603.91000
   1042     -24371.53000
   1043     -43935.19000
   1044     -65400.42000
   1045     -71845.17000
   1046     -60514.34000
   1047     -41386.11000
   1048     -32239.56000
   1049     -43442.09000
   1050     -57051.08000
   1051     -44154.56000
   1052      -9317.14100
   1053      14993.30000
   1054      17542.80000
   1055      13686.14000
   1056      10131.47000
   1057       2559.65600
   1058      -3555.90600
   1059       -408.81250
   1060       6370.90600
   1061       4716.73400
   1062     -12765.67000
   1063     -42016.97000
   1064     -61160.42000
   1065     -47442.02000
   1066     -10215.19000
   1067      16161.44000
   1068      16506.41000
   1069       4812.14100
   1070      -8048.07800
   1071     -25669.06000
   1072     -45306.89000
   1073     -53812.23000
   1074     -45547.25000
   1075     -25077.33000
   1076       2724.87500
   1077      26922.95000
   1078      27670.77000
   1079       2732.50000
   1080     -17813.00000
   1081      -9252.82800
   1082      12232.12000
   1083      18722.33000
   1084      14081.25000
   1085      18397.50000
   1086      28291.05000
   1087      22945.20000
   1088      -1107.59400
   1089     -23773.31000
   1090     -26193.62000
   1091     -10867.09000
   1092       3615.73400
   1093       5554.06200
   1094       2149.04700
   1095       4175.42200
   1096       9833.93800
   1097      15570.14000
   1098      27580.22000
   1099      44631.25000
   1100      45207.70000
   1101      14388.22000
   1102     -28768.00000
   1103     -50690.58000
   1104     -40175.84000
   1105     -12787.27000
   1106       8555.10900
   1107       7299.00000
   1108     -17414.62000
   1109     -46175.91000
   1110     -54937.84000
   1111     -39491.36000
   1112     -17224.83000
   1113      -6801.18800
   1114     -13394.84000
   1115     -28138.02000
   1116     -34484.16000
   1117     -21906.31000
   1118      -1958.29700
   1119      -2369.12500
   1120     -31499.91000
   1121     -57509.12000
   1122     -44628.61000
   1123      -4688.98400
   1124      17008.00000
   1125       5532.53100
   1126      -9433.35900
   1127      -5808.51600
   1128       2174.46900
   1129      -3626.59400
   1130     -17332.73000
   1131     -24993.94000
   1132     -24802.16000
   1133     -21139.73000
   1134     -13839.52000
   1135      -1217.31200
   1136      14104.58000
   1137      27572.66000
   1138      36943.06000
   1139      38831.05000
   1140      24766.81000
   1141      -7934.90600
   1142     -40044.75000
   1143     -42894.97000
   1144     -16795.80000
   1145       2999.51600
   1146      -5395.37500
   1147     -18306.73000
   1148      -4848.07800
   1149      27031.91000
   1150      50327.70000
   1151      58332.78000
   1152      53962.94000
   1153      29689.08000
   1154      -7411.35900
   1155     -21965.53000
   1156       1849.54700
   1157      27439.56000
   1158      15116.73000
   1159     -22509.64000
   1160     -45499.67000
   1161     -42608.20000
   1162     -31317.25000
   1163     -18781.58000
   1164       4617.50000
   1165      35251.33000
   1166      47865.45000
   1167      29873.92000
   1168       5456.48400
   1169       4015.06200
   1170      16349.45000
   1171      10219.59000
   1172     -16506.02000
   1173     -32993.20000
   1174     -26334.95000
   1175     -17743.73000
   1176     -20808.75000
   1177     -20570.14000
   1178      -6983.57800
   1179       4038.03100
   1180      -2568.89100
   1181     -20451.36000
   1182     -38158.17000
   1183     -49872.36000
   1184     -45790.48000
   1185     -23242.38000
   1186      -7863.45300
   1187     -25571.41000
   1188     -54921.30000
   1189     -53667.67000
   1190     -28536.72000
   1191     -22995.02000
   1192     -40843.42000
   1193     -45915.81000
   1194     -32131.06000
   1195     -25076.59000
   1196     -21900.44000
   1197      -1008.12500
   1198      17790.72000
   1199      -3472.56200
   1200     -44000.34000
   1201     -42516.53000
   1202       6086.75000
   1203      36789.66000
   1204       9124.81200
   1205     -37820.33000
   1206     -47515.03000
   1207     -22636.84000
   1208      -7402.03100
   1209     -17990.41000
   1210     -27855.89000
   1211     -14575.38000
   1212       9439.18800
   1213      16620.50000
   1214      -1571.68800
   1215     -24193.34000
   1216     -24052.09000
   1217      -3353.56200
   1218       5229.75000
   1219     -15895.48000
   1220     -40510.45000
   1221     -35783.66000
   1222      -9576.51600
   1223       5306.68800
   1224       -843.62500
   1225     -10137.08000
   1226     -10701.72000
   1227      -8043.09400
   1228      -7507.12500
   1229      -7145.75000
   1230      -6529.06200
   1231      -7067.78100
   1232      -6332.25000
   1233      -3435.03100
   1234      -5458.68800
   1235     -19588.33000
