      1     -21990.59000
      2      12331.75000
      3      35252.96000
      4      19393.83000
      5     -17680.77000
      6     -42612.90000
      7     -54791.78000
      8     -71727.38000
      9     -84635.45000
     10     -69885.83000
     11     -34133.36000
     12     -11467.18000
     13     -18480.72000
     14     -38102.38000
     15     -46864.04000
     16     -38759.27000
     17     -21808.46000
     18      -5813.77300
     19       3067.15600
     20       4086.21500
     21       -726.19920
     22     -13496.68000
     23     -36537.87000
     24     -59494.22000
     25     -66559.97000
     26     -60144.23000
     27     -57150.39000
     28     -60893.99000
     29     -60238.09000
     30     -52418.62000
     31     -41014.66000
     32     -20294.91000
     33      10214.08000
     34      28040.73000
     35      14929.25000
     36      -8479.71900
     37      -6669.25000
     38      16711.30000
     39      21255.23000
     40      -9294.33200
     41     -42179.87000
     42     -48496.91000
     43     -47087.79000
     44     -67083.32000
     45     -96746.67000
     46    -105346.50000
     47     -91882.97000
     48     -76899.62000
     49     -65546.38000
     50     -48780.73000
     51     -27570.86000
     52     -14291.09000
     53     -16463.75000
     54     -27380.04000
     55     -31071.20000
     56     -21997.02000
     57     -17773.30000
     58     -34596.18000
     59     -53172.68000
     60     -39204.88000
     61       1188.23800
     62      21682.23000
     63      -1494.04700
     64     -40472.96000
     65     -58863.44000
     66     -52862.38000
     67     -38039.51000
     68     -21330.73000
     69      -1102.14800
     70      20204.72000
     71      34607.97000
     72      34860.68000
     73      21468.89000
     74       4980.91800
     75      -5111.74200
     76     -14454.22000
     77     -34393.47000
     78     -58244.57000
     79     -64830.42000
     80     -47514.58000
     81     -20994.09000
     82        988.82030
     83      13803.30000
     84      11907.18000
     85      -4777.89100
     86     -20255.95000
     87     -22078.84000
     88     -22747.31000
     89     -40154.09000
     90     -69488.80000
     91     -90399.39000
     92     -87484.96000
     93     -58146.80000
     94     -19787.53000
     95      -4235.72700
     96     -20043.85000
     97     -32488.34000
     98      -8897.89800
     99      32468.04000
    100      49159.31000
    101      33081.71000
    102      10882.17000
    103      -1196.92200
    104     -10419.52000
    105     -18950.91000
    106     -12867.97000
    107      10929.12000
    108      27056.84000
    109       7860.41400
    110     -39172.18000
    111     -74597.16000
    112     -68693.88000
    113     -30819.16000
    114       5231.57800
    115      14514.36000
    116      -5191.84400
    117     -38309.62000
    118     -58906.10000
    119     -46503.13000
    120      -8366.79700
    121      24966.29000
    122      34559.76000
    123      29818.05000
    124      26469.37000
    125      26051.24000
    126      21261.86000
    127       6375.04700
    128     -20044.97000
    129     -52602.38000
    130     -79243.85000
    131     -89607.89000
    132     -81923.33000
    133     -61671.68000
    134     -36579.12000
    135     -12387.35000
    136       7146.27300
    137      15845.64000
    138       6381.79700
    139     -17207.56000
    140     -35084.53000
    141     -32310.22000
    142     -20756.70000
    143     -24730.64000
    144     -44814.37000
    145     -55689.65000
    146     -43345.40000
    147     -22681.48000
    148     -11787.29000
    149     -11393.99000
    150     -16063.80000
    151     -23860.12000
    152     -29157.12000
    153     -24734.41000
    154     -15346.42000
    155     -16257.20000
    156     -36503.18000
    157     -67603.06000
    158     -87055.16000
    159     -76333.70000
    160     -41251.45000
    161      -8239.14800
    162       3922.41400
    163      -1531.08600
    164     -13019.34000
    165     -22931.27000
    166     -25581.33000
    167     -18330.02000
    168      -5841.28100
    169       5755.28100
    170      13529.69000
    171      11581.84000
    172      -7798.08600
    173     -40134.37000
    174     -67851.37000
    175     -77981.10000
    176     -70467.73000
    177     -50766.70000
    178     -27370.11000
    179     -13469.62000
    180     -15828.78000
    181     -24251.38000
    182     -24107.51000
    183     -15545.11000
    184     -10339.70000
    185     -15752.09000
    186     -28755.01000
    187     -37456.74000
    188     -26221.60000
    189       6176.60900
    190      33789.67000
    191      28586.54000
    192      -3376.00000
    193     -31460.01000
    194     -39731.17000
    195     -36216.05000
    196     -32862.99000
    197     -35199.80000
    198     -41055.30000
    199     -39644.51000
    200     -25508.05000
    201     -11215.08000
    202      -8770.24200
    203     -10991.62000
    204     -12267.34000
    205     -25443.78000
    206     -53580.58000
    207     -70245.23000
    208     -54132.11000
    209     -20919.53000
    210       -418.03910
    211      -3799.25800
    212     -26874.32000
    213     -60174.40000
    214     -81483.68000
    215     -66606.80000
    216     -26078.81000
    217      -4988.20300
    218     -26192.39000
    219     -58547.61000
    220     -61585.69000
    221     -36151.41000
    222     -12123.57000
    223      -9197.88300
    224     -22630.37000
    225     -28469.52000
    226      -3279.99200
    227      41275.34000
    228      58901.65000
    229      27362.59000
    230     -18331.30000
    231     -37213.31000
    232     -34772.84000
    233     -36782.69000
    234     -45417.79000
    235     -48092.82000
    236     -40097.95000
    237     -19795.62000
    238       9765.83600
    239      25627.43000
    240       3530.49200
    241     -40958.23000
    242     -61374.70000
    243     -37931.90000
    244       1353.15600
    245      22807.99000
    246      24227.61000
    247      20849.02000
    248      18283.82000
    249      13769.20000
    250       7257.75800
    251      -2038.75800
    252     -16588.86000
    253     -28395.01000
    254     -22431.27000
    255         12.31250
    256      19615.16000
    257      24606.41000
    258      17602.45000
    259      -1771.80500
    260     -33827.96000
    261     -59782.43000
    262     -55456.57000
    263     -26838.70000
    264      -6319.41400
    265     -10605.71000
    266     -23939.47000
    267     -25966.44000
    268     -16384.09000
    269      -6098.79700
    270       -470.14060
    271       1571.76600
    272       1754.56200
    273       -904.44530
    274     -12068.38000
    275     -33080.63000
    276     -45748.77000
    277     -26357.25000
    278      15811.01000
    279      38890.34000
    280      19391.90000
    281     -21319.73000
    282     -48672.30000
    283     -48383.77000
    284     -26957.27000
    285      -2725.43800
    286       3991.24200
    287      -9409.41400
    288     -21626.30000
    289     -13478.90000
    290       7958.68000
    291      20705.63000
    292      15002.87000
    293        672.89060
    294      -5839.10900
    295       3865.10900
    296      22223.31000
    297      28971.34000
    298      11800.42000
    299     -14769.27000
    300     -26824.30000
    301     -26110.62000
    302     -32162.84000
    303     -41365.20000
    304     -31887.86000
    305      -9669.85900
    306      -3353.36700
    307     -11548.34000
    308      -5521.71900
    309      13413.47000
    310      12707.55000
    311     -12065.77000
    312     -27765.90000
    313     -17857.37000
    314      -1195.75800
    315       6533.23400
    316      10996.20000
    317      15742.23000
    318      12116.72000
    319      -1755.75000
    320     -13820.25000
    321     -15646.25000
    322     -13704.16000
    323     -16000.55000
    324     -16059.88000
    325      -2429.37500
    326      18995.94000
    327      28451.45000
    328      19654.89000
    329       4350.39100
    330     -12167.20000
    331     -36084.38000
    332     -61471.66000
    333     -67056.73000
    334     -46019.77000
    335     -19565.05000
    336     -11621.56000
    337     -21947.06000
    338     -30550.83000
    339     -20887.05000
    340       5889.14100
    341      32581.56000
    342      38024.59000
    343      15744.00000
    344     -14058.12000
    345     -21748.80000
    346      -3713.67200
    347      13477.00000
    348      10238.03000
    349      -2382.70300
    350      -4543.54700
    351       5137.67200
    352      14521.31000
    353      17479.50000
    354      17192.81000
    355      14270.72000
    356       1660.45300
    357     -22572.05000
    358     -42821.75000
    359     -40199.50000
    360     -19019.66000
    361      -3552.76600
    362      -5551.92200
    363     -11629.81000
    364      -9243.17200
    365      -7891.93800
    366     -21229.72000
    367     -40241.83000
    368     -43098.58000
    369     -25732.17000
    370      -4017.60900
    371       9805.62500
    372      15863.72000
    373      17709.50000
    374      19088.80000
    375      21410.39000
    376      18761.03000
    377       9568.15600
    378       8629.32800
    379      24150.33000
    380      33898.42000
    381      16241.61000
    382      -9397.60900
    383      -8844.37500
    384      13737.25000
    385      24779.83000
    386      11490.30000
    387      -8720.78100
    388     -20152.97000
    389     -22617.25000
    390     -17027.39000
    391       -340.10940
    392      22048.48000
    393      33334.55000
    394      22271.56000
    395      -3090.12500
    396     -25315.05000
    397     -36102.23000
    398     -36758.86000
    399     -26954.56000
    400      -9300.56200
    401        -31.70312
    402     -12160.61000
    403     -29392.23000
    404     -22690.03000
    405       5819.96900
    406      22862.91000
    407       9459.25000
    408     -20282.56000
    409     -46183.73000
    410     -58731.20000
    411     -48133.39000
    412      -8845.78100
    413      37236.91000
    414      51352.77000
    415      24534.14000
    416     -10083.44000
    417     -21058.28000
    418      -9779.96900
    419      10138.50000
    420      33858.23000
    421      53390.20000
    422      54685.77000
    423      40526.19000
    424      33841.59000
    425      48427.20000
    426      72224.80000
    427      81992.17000
    428      63950.06000
    429      25673.53000
    430      -4014.17200
    431       3229.85900
    432      42417.08000
    433      72653.77000
    434      61645.16000
    435      28359.66000
    436      22319.56000
    437      58199.20000
    438      97407.92000
    439     104685.50000
    440      91976.78000
    441      87055.80000
    442      90943.27000
    443      92129.30000
    444      96543.33000
    445     114373.30000
    446     132865.30000
    447     129274.80000
    448     105072.50000
    449      85769.14000
    450      85999.73000
    451      95445.08000
    452     103969.30000
    453     116803.30000
    454     135652.60000
    455     149749.20000
    456     157704.00000
    457     172791.20000
    458     196351.20000
    459     211132.50000
    460     210248.80000
    461     211600.40000
    462     233994.00000
    463     273142.70000
    464     308856.30000
    465     330845.20000
    466     350299.80000
    467     384790.60000
    468     438106.50000
    469     502009.30000
    470     571383.20000
    471     647805.00000
    472     733531.20000
    473     828381.50000
    474     929190.40000
    475    1031471.00000
    476    1141012.00000
    477    1287348.00000
    478    1515886.00000
    479    1859167.00000
    480    2329068.00000
    481    2962465.00000
    482    3842559.00000
    483    4972389.00000
    484    6088711.00000
    485    6721732.00000
    486    6564776.00000
    487    5746446.00000
    488    4671332.00000
    489    3667563.00000
    490    2858208.00000
    491    2255586.00000
    492    1830177.00000
    493    1515795.00000
    494    1252308.00000
    495    1030363.00000
    496     864386.20000
    497     747909.20000
    498     658115.60000
    499     577827.90000
    500     500647.60000
    501     431442.10000
    502     380433.90000
    503     346863.50000
    504     319697.70000
    505     296234.30000
    506     279362.20000
    507     261473.70000
    508     237272.90000
    509     222083.90000
    510     228282.90000
    511     237212.60000
    512     223886.20000
    513     195506.80000
    514     179170.60000
    515     182572.30000
    516     187744.40000
    517     178281.10000
    518     159334.10000
    519     148575.70000
    520     151593.30000
    521     154249.30000
    522     143014.20000
    523     122150.20000
    524     103102.20000
    525      88525.73000
    526      76772.81000
    527      72419.19000
    528      79399.28000
    529      85405.73000
    530      66524.03000
    531      17498.27000
    532     -31246.52000
    533     -43745.06000
    534     -21294.19000
    535       2664.93800
    536       5330.92200
    537      -6324.75000
    538     -13893.52000
    539      -7274.09400
    540      12156.14000
    541      35798.69000
    542      53064.55000
    543      56599.44000
    544      46108.00000
    545      29736.97000
    546      18587.05000
    547      14905.09000
    548       8390.21900
    549      -9998.64100
    550     -31563.33000
    551     -34520.20000
    552     -10810.11000
    553      16815.75000
    554      18050.77000
    555      -5419.46900
    556     -22861.28000
    557     -19589.50000
    558     -13257.11000
    559     -16762.30000
    560     -14821.83000
    561       5681.23400
    562      28890.28000
    563      35175.23000
    564      31418.03000
    565      34653.55000
    566      43397.23000
    567      45388.77000
    568      40528.59000
    569      38910.48000
    570      42541.38000
    571      39689.91000
    572      20637.69000
    573      -2289.12500
    574      -4993.96900
    575       9284.76600
    576       7672.26600
    577     -17923.86000
    578     -32601.19000
    579     -17974.16000
    580      -3643.04700
    581     -15290.12000
    582     -39667.75000
    583     -57247.58000
    584     -62557.39000
    585     -48775.83000
    586     -16472.53000
    587      10479.66000
    588      15178.19000
    589      14381.84000
    590      25367.19000
    591      33355.47000
    592      17234.19000
    593     -16967.48000
    594     -45909.00000
    595     -53565.59000
    596     -38883.86000
    597     -13428.34000
    598       6441.37500
    599      13047.70000
    600      11552.47000
    601       8577.43800
    602       2412.21900
    603     -13284.30000
    604     -37490.52000
    605     -54799.08000
    606     -48342.42000
    607     -25210.48000
    608     -15778.05000
    609     -35350.42000
    610     -60797.94000
    611     -60236.33000
    612     -33099.33000
    613      -6300.95300
    614      -1155.12500
    615     -15695.69000
    616     -33000.48000
    617     -39123.03000
    618     -34642.27000
    619     -30965.14000
    620     -34562.86000
    621     -37381.12000
    622     -27972.44000
    623     -11041.11000
    624      -4324.18800
    625     -10665.02000
    626     -10198.12000
    627       7546.37500
    628      23768.80000
    629      19361.75000
    630       2294.54700
    631     -11369.33000
    632     -21877.88000
    633     -35436.92000
    634     -48367.83000
    635     -53676.55000
    636     -49722.19000
    637     -37749.86000
    638     -21466.23000
    639      -9271.71900
    640      -7899.95300
    641     -14449.77000
    642     -20624.23000
    643     -23543.36000
    644     -28123.50000
    645     -38130.53000
    646     -47065.58000
    647     -41896.14000
    648     -21741.25000
    649      -9746.31200
    650     -29139.02000
    651     -64312.62000
    652     -72126.30000
    653     -42438.22000
    654     -13301.06000
    655     -10931.94000
    656     -15715.19000
    657      -6419.90600
    658       4739.92200
    659       1040.62500
    660     -11800.58000
    661     -20607.80000
    662     -18802.38000
    663      -4249.93800
    664      16006.33000
    665      25775.39000
    666      18135.88000
    667       2577.32800
    668     -10671.78000
    669     -20315.95000
    670     -29021.50000
    671     -39075.67000
    672     -47829.17000
    673     -45047.31000
    674     -25892.89000
    675      -2742.73400
    676      10920.83000
    677      20459.97000
    678      35774.28000
    679      47223.92000
    680      37110.78000
    681       9004.60900
    682     -13610.91000
    683     -16517.00000
    684      -7379.75000
    685       2051.18800
    686      13958.81000
    687      37398.70000
    688      69188.62000
    689      92700.34000
    690      97015.14000
    691      88112.72000
    692      76406.33000
    693      62828.28000
    694      45099.98000
    695      28139.55000
    696      16816.25000
    697       6180.50000
    698      -7585.56200
    699     -15026.70000
    700      -8718.35900
    701      -1212.73400
    702      -5631.87500
    703      -8611.06200
    704       8400.53100
    705      29538.92000
    706      23268.91000
    707      -2136.10900
    708      -4722.20300
    709      24626.73000
    710      46652.62000
    711      38317.50000
    712      27527.81000
    713      38895.48000
    714      46147.95000
    715      13813.77000
    716     -41036.12000
    717     -64547.44000
    718     -30769.80000
    719      33298.25000
    720      79985.39000
    721      86256.25000
    722      70901.69000
    723      68056.97000
    724      83441.30000
    725      90227.33000
    726      71269.73000
    727      44324.66000
    728      36051.80000
    729      49994.88000
    730      70818.97000
    731      85409.38000
    732      88006.88000
    733      74120.48000
    734      47268.98000
    735      31642.33000
    736      54954.31000
    737     106896.70000
    738     138186.60000
    739     119193.80000
    740      76452.22000
    741      53122.00000
    742      58072.44000
    743      72597.62000
    744      83496.95000
    745      89820.92000
    746      93068.95000
    747      95572.91000
    748     100683.50000
    749     107523.50000
    750     111360.90000
    751     111671.20000
    752     113150.40000
    753     116251.40000
    754     114311.20000
    755     105330.20000
    756      98216.42000
    757      99784.86000
    758     103101.30000
    759      97151.08000
    760      81647.78000
    761      65491.45000
    762      54682.34000
    763      45953.39000
    764      33129.03000
    765      20283.95000
    766      22066.08000
    767      42148.98000
    768      60703.33000
    769      57754.91000
    770      38502.69000
    771      20232.44000
    772       8516.79700
    773       3519.90600
    774      12785.86000
    775      40209.62000
    776      76842.89000
    777     111750.50000
    778     135809.00000
    779     136544.50000
    780     113595.00000
    781      93195.06000
    782     100931.80000
    783     128945.40000
    784     152989.70000
    785     166163.00000
    786     174654.70000
    787     178005.00000
    788     171844.20000
    789     156590.00000
    790     133684.90000
    791     104381.60000
    792      73837.06000
    793      47232.41000
    794      24339.48000
    795       4517.62500
    796      -6927.45300
    797      -3131.84400
    798      15145.52000
    799      37510.88000
    800      51481.77000
    801      51548.59000
    802      41328.92000
    803      27857.41000
    804      13040.88000
    805      -6069.67200
    806     -23784.58000
    807     -23136.33000
    808      -2095.57800
    809      13598.67000
    810       8566.65600
    811       5930.85900
    812      26480.78000
    813      50367.55000
    814      54752.41000
    815      52857.94000
    816      61415.00000
    817      68833.47000
    818      63206.81000
    819      51045.41000
    820      32292.09000
    821       -107.25000
    822     -30662.27000
    823     -34507.20000
    824     -17848.48000
    825      -6419.09400
    826      -3751.35900
    827       3083.37500
    828       9146.25000
    829      -4221.45300
    830     -37353.14000
    831     -66289.12000
    832     -68668.39000
    833     -48016.70000
    834     -29224.09000
    835     -27743.34000
    836     -32639.48000
    837     -29249.98000
    838     -21644.94000
    839     -17792.50000
    840     -15562.69000
    841     -18116.89000
    842     -34492.48000
    843     -52938.88000
    844     -47206.91000
    845     -18811.17000
    846        660.50000
    847      -4421.50000
    848     -15125.20000
    849     -10377.16000
    850       4889.68800
    851       9786.31200
    852      -6770.56200
    853     -35102.36000
    854     -55332.70000
    855     -54889.84000
    856     -36484.94000
    857     -12930.69000
    858       4453.59400
    859      12887.22000
    860      12982.53000
    861       1351.78100
    862     -21888.05000
    863     -42001.11000
    864     -40266.47000
    865     -17978.67000
    866       -979.71880
    867     -14596.94000
    868     -53328.61000
    869     -81517.83000
    870     -73899.27000
    871     -46604.66000
    872     -30570.75000
    873     -27949.92000
    874     -21766.30000
    875     -13201.31000
    876     -16402.06000
    877     -27779.44000
    878     -29930.81000
    879     -18668.97000
    880      -5270.15600
    881       2065.21900
    882       6967.90600
    883      18028.53000
    884      35654.25000
    885      46950.72000
    886      41270.00000
    887      27685.78000
    888      20624.03000
    889      14285.81000
    890      -3049.56200
    891     -16428.06000
    892       -719.09380
    893      33261.81000
    894      47328.53000
    895      30426.66000
    896       8354.00000
    897       -272.18750
    898      -2557.06200
    899      -5580.28100
    900      -2280.90600
    901      13497.69000
    902      36451.22000
    903      56899.41000
    904      70710.53000
    905      81498.03000
    906      91392.84000
    907      92290.47000
    908      78653.50000
    909      65234.16000
    910      69174.34000
    911      77357.12000
    912      63614.06000
    913      37619.69000
    914      37715.91000
    915      69481.59000
    916      91015.75000
    917      71080.62000
    918      27745.72000
    919      -2548.12500
    920      -5690.34400
    921       9943.34400
    922      28710.44000
    923      33870.97000
    924      17274.91000
    925     -11225.94000
    926     -34672.42000
    927     -47407.12000
    928     -53851.53000
    929     -56557.38000
    930     -55169.28000
    931     -50498.83000
    932     -41948.20000
    933     -26938.38000
    934      -8325.87500
    935       2642.56200
    936      -4846.40600
    937     -29347.50000
    938     -54263.42000
    939     -59047.97000
    940     -38875.58000
    941     -13644.66000
    942     -10450.75000
    943     -33637.34000
    944     -57664.20000
    945     -55403.95000
    946     -28171.47000
    947          5.78125
    948       9863.34400
    949      -3305.50000
    950     -34975.50000
    951     -66105.91000
    952     -66266.27000
    953     -28252.03000
    954      12574.06000
    955      18237.03000
    956      -6726.28100
    957     -30317.69000
    958     -32733.25000
    959     -13753.25000
    960      14801.03000
    961      28020.53000
    962       4584.81200
    963     -42402.00000
    964     -74278.44000
    965     -75651.44000
    966     -71154.94000
    967     -84007.39000
    968    -101248.50000
    969     -95929.64000
    970     -67956.78000
    971     -43448.08000
    972     -39721.50000
    973     -47885.11000
    974     -49380.47000
    975     -37135.97000
    976     -18964.06000
    977      -9767.09400
    978     -20795.19000
    979     -47003.81000
    980     -64650.19000
    981     -51765.19000
    982     -13042.12000
    983      24029.88000
    984      35759.38000
    985      17112.88000
    986     -20520.91000
    987     -52421.30000
    988     -53486.55000
    989     -25931.97000
    990      -4128.93800
    991     -15865.41000
    992     -47156.84000
    993     -59596.80000
    994     -37212.09000
    995      -2490.25000
    996      16517.06000
    997      19405.88000
    998      18119.94000
    999       5801.25000
   1000     -27540.66000
   1001     -61748.30000
   1002     -68789.80000
   1003     -56391.55000
   1004     -50814.47000
   1005     -53376.03000
   1006     -50369.59000
   1007     -44198.50000
   1008     -41949.16000
   1009     -36686.59000
   1010     -24499.00000
   1011     -14847.84000
   1012      -7435.06200
   1013      12937.03000
   1014      43081.47000
   1015      51919.09000
   1016      23038.72000
   1017     -16230.34000
   1018     -28565.78000
   1019     -11865.97000
   1020       6485.56200
   1021       4318.28100
   1022     -20429.56000
   1023     -53308.81000
   1024     -72534.83000
   1025     -70341.00000
   1026     -64795.33000
   1027     -72918.05000
   1028     -82411.81000
   1029     -72805.38000
   1030     -49900.41000
   1031     -33471.19000
   1032     -25607.09000
   1033     -15454.47000
   1034      -2602.37500
   1035       5349.96900
   1036       7626.31200
   1037       4989.12500
   1038      -9312.18800
   1039     -35020.56000
   1040     -50531.53000
   1041     -35642.16000
   1042      -4444.06200
   1043       8027.37500
   1044      -7950.59400
   1045     -27373.25000
   1046     -28783.19000
   1047     -18424.19000
   1048     -11896.78000
   1049     -11747.59000
   1050     -10587.81000
   1051      -5594.50000
   1052      -6065.53100
   1053     -26235.94000
   1054     -63506.59000
   1055     -89057.34000
   1056     -78879.92000
   1057     -50143.62000
   1058     -40154.34000
   1059     -52381.66000
   1060     -56039.66000
   1061     -38155.34000
   1062     -18085.56000
   1063      -6631.37500
   1064       9292.68800
   1065      32572.47000
   1066      43294.69000
   1067      32218.62000
   1068      16554.94000
   1069      12211.47000
   1070      15643.00000
   1071      19246.28000
   1072      22613.38000
   1073      23815.47000
   1074      15821.22000
   1075      -6638.93800
   1076     -42551.38000
   1077     -80137.73000
   1078     -97238.42000
   1079     -82685.36000
   1080     -55725.06000
   1081     -44068.78000
   1082     -47972.44000
   1083     -48056.41000
   1084     -39522.16000
   1085     -33121.56000
   1086     -30671.72000
   1087     -24162.16000
   1088     -13173.88000
   1089      -4875.78100
   1090      -2480.65600
   1091      -6263.65600
   1092     -17489.50000
   1093     -30834.53000
   1094     -32973.97000
   1095     -20218.09000
   1096      -9223.62500
   1097     -17223.59000
   1098     -38261.16000
   1099     -52750.88000
   1100     -55191.97000
   1101     -55896.22000
   1102     -59011.69000
   1103     -57797.44000
   1104     -52306.69000
   1105     -53472.44000
   1106     -64107.00000
   1107     -69512.56000
   1108     -54308.78000
   1109     -22206.81000
   1110       5924.21900
   1111      10967.41000
   1112      -8676.46900
   1113     -35596.56000
   1114     -46312.44000
   1115     -31444.97000
   1116      -5728.25000
   1117       7749.71900
   1118       2142.43800
   1119     -13573.22000
   1120     -31545.28000
   1121     -43460.22000
   1122     -33152.47000
   1123       2330.12500
   1124      34637.94000
   1125      34159.56000
   1126       6670.37500
   1127     -20895.41000
   1128     -34563.78000
   1129     -36319.91000
   1130     -31209.94000
   1131     -23437.56000
   1132     -14151.84000
   1133      -1556.93800
   1134      11312.69000
   1135      16692.47000
   1136      11321.09000
   1137      -2726.59400
   1138     -20171.56000
   1139     -31510.06000
   1140     -33246.88000
   1141     -35572.50000
   1142     -40519.28000
   1143     -27384.88000
   1144      12117.75000
   1145      43945.25000
   1146      30379.34000
   1147     -16486.44000
   1148     -51130.50000
   1149     -54731.78000
   1150     -50326.44000
   1151     -58463.41000
   1152     -65676.19000
   1153     -52778.72000
   1154     -32179.34000
   1155     -29075.62000
   1156     -39166.09000
   1157     -37063.31000
   1158     -18279.19000
   1159      -2894.15600
   1160      -2755.75000
   1161     -10779.81000
   1162     -20178.50000
   1163     -31907.50000
   1164     -41016.19000
   1165     -35549.69000
   1166     -19129.50000
   1167     -15945.38000
   1168     -35445.47000
   1169     -51274.41000
   1170     -39133.41000
   1171     -14732.84000
   1172      -6728.15600
   1173     -14856.78000
   1174     -21848.62000
   1175     -24920.88000
   1176     -32926.59000
   1177     -47523.28000
   1178     -58387.12000
   1179     -49792.41000
   1180     -17537.16000
   1181      17890.41000
   1182      31390.56000
   1183      23468.66000
   1184      10301.88000
   1185      -3431.18800
   1186     -18078.69000
   1187     -24755.22000
   1188     -19494.34000
   1189     -12244.47000
   1190     -10424.59000
   1191     -14965.19000
   1192     -30503.50000
   1193     -53977.28000
   1194     -63614.66000
   1195     -45831.09000
   1196     -19121.88000
   1197      -8145.40600
   1198     -12383.03000
   1199     -20008.50000
   1200     -30551.94000
   1201     -43708.25000
   1202     -47633.38000
   1203     -38811.12000
   1204     -32377.88000
   1205     -34839.25000
   1206     -30391.00000
   1207     -11976.91000
   1208       1187.75000
   1209      -4289.15600
   1210     -13942.19000
   1211     -12039.50000
   1212      -5284.09400
   1213      -7410.96900
   1214     -20436.66000
   1215     -37162.81000
   1216     -47857.38000
   1217     -44386.09000
   1218     -28096.22000
   1219     -12212.06000
   1220     -10239.66000
   1221     -21684.00000
   1222     -31354.75000
   1223     -26320.12000
   1224     -11388.97000
   1225       -526.25000
   1226       1684.31200
   1227       -734.09380
   1228      -4968.21900
   1229      -6375.31200
   1230         77.87500
   1231       5809.37500
   1232      -4747.34400
   1233     -26947.34000
   1234     -37582.50000
   1235     -28681.59000
