      1     -34546.11000
      2     -65197.71000
      3     -90727.05000
      4    -101718.50000
      5     -95203.15000
      6     -73642.53000
      7     -55250.73000
      8     -58646.41000
      9     -72860.16000
     10     -67552.44000
     11     -36223.42000
     12      -8177.01000
     13     -12124.96000
     14     -44093.93000
     15     -79307.52000
     16    -101357.90000
     17    -105926.10000
     18     -87842.31000
     19     -47396.09000
     20      -5615.56100
     21      11139.22000
     22       4025.94500
     23      -2618.11500
     24       -951.06640
     25      -9240.87700
     26     -34954.50000
     27     -55932.33000
     28     -51907.89000
     29     -31527.54000
     30     -15611.85000
     31     -14086.90000
     32     -25895.59000
     33     -41695.76000
     34     -44572.41000
     35     -25143.12000
     36       6185.43900
     37      29926.41000
     38      31072.16000
     39       3294.28700
     40     -41986.99000
     41     -75266.74000
     42     -77735.45000
     43     -61360.39000
     44     -44122.84000
     45     -24111.70000
     46       1978.11100
     47      16600.80000
     48       2620.63300
     49     -29292.63000
     50     -55149.80000
     51     -65611.61000
     52     -64320.47000
     53     -55119.16000
     54     -45048.12000
     55     -44212.20000
     56     -52851.68000
     57     -61242.65000
     58     -63089.41000
     59     -56382.41000
     60     -39958.60000
     61     -22797.19000
     62     -22639.44000
     63     -41783.88000
     64     -58571.61000
     65     -53820.03000
     66     -34244.98000
     67     -21214.40000
     68     -22151.79000
     69     -24483.95000
     70     -22266.49000
     71     -31099.53000
     72     -57019.75000
     73     -72471.80000
     74     -55903.43000
     75     -31005.57000
     76     -28903.03000
     77     -38415.07000
     78     -31679.83000
     79     -11608.87000
     80      -1316.39500
     81     -10683.19000
     82     -33429.42000
     83     -56663.39000
     84     -66158.16000
     85     -58755.07000
     86     -47203.85000
     87     -43982.59000
     88     -50453.99000
     89     -61501.89000
     90     -67160.50000
     91     -58153.66000
     92     -41218.96000
     93     -32010.70000
     94     -30529.03000
     95     -29696.80000
     96     -38779.54000
     97     -62473.32000
     98     -75508.61000
     99     -59074.27000
    100     -37828.39000
    101     -43254.02000
    102     -68241.83000
    103     -85124.93000
    104     -79131.63000
    105     -51238.60000
    106     -18204.88000
    107      -8676.66000
    108     -31108.47000
    109     -55482.84000
    110     -49275.06000
    111     -17513.40000
    112       6833.81800
    113      -2152.49200
    114     -41670.43000
    115     -80266.55000
    116     -83398.66000
    117     -50225.02000
    118     -16296.36000
    119     -11337.29000
    120     -28448.98000
    121     -42747.73000
    122     -41390.48000
    123     -23748.04000
    124       6438.49400
    125      33966.19000
    126      37613.75000
    127      17248.91000
    128      -3700.12300
    129     -11800.03000
    130     -17621.13000
    131     -30494.06000
    132     -41546.87000
    133     -39010.48000
    134     -25500.18000
    135     -14285.27000
    136     -14709.11000
    137     -25792.52000
    138     -43181.52000
    139     -62250.79000
    140     -69846.73000
    141     -51028.16000
    142     -15452.32000
    143       4622.24600
    144      -4363.12600
    145     -21231.22000
    146     -24411.00000
    147     -17908.81000
    148     -16368.65000
    149     -26052.63000
    150     -44161.26000
    151     -61044.66000
    152     -62586.86000
    153     -41346.86000
    154      -5351.29700
    155      28433.39000
    156      46814.14000
    157      46619.74000
    158      33366.43000
    159      15388.93000
    160      -1575.81900
    161     -12558.13000
    162     -10270.13000
    163       4979.65600
    164      14797.72000
    165       -642.12210
    166     -33637.03000
    167     -53691.16000
    168     -43498.76000
    169     -16143.65000
    170       3234.57400
    171       2264.79500
    172     -12229.52000
    173     -26915.80000
    174     -35576.16000
    175     -35647.48000
    176     -23436.79000
    177      -8533.35300
    178     -13573.10000
    179     -37190.52000
    180     -44721.50000
    181     -21732.53000
    182      -1802.72100
    183     -14377.12000
    184     -40517.98000
    185     -44193.18000
    186     -19055.55000
    187      12182.60000
    188      27679.57000
    189      28142.79000
    190      31136.61000
    191      43545.42000
    192      50594.23000
    193      39577.24000
    194      18211.62000
    195       1493.14600
    196      -2904.28900
    197       6512.65100
    198      25510.81000
    199      43415.21000
    200      49745.81000
    201      39730.69000
    202      15327.85000
    203     -14211.31000
    204     -39074.05000
    205     -56110.74000
    206     -61233.44000
    207     -46325.64000
    208     -18062.77000
    209       -885.32760
    210      -5519.13800
    211     -17004.54000
    212     -23730.48000
    213     -30746.99000
    214     -39556.16000
    215     -44358.44000
    216     -46888.32000
    217     -48135.29000
    218     -37314.69000
    219     -15042.72000
    220      -6391.12100
    221     -24213.06000
    222     -46075.70000
    223     -51425.32000
    224     -49716.10000
    225     -50674.49000
    226     -43161.05000
    227     -24937.17000
    228     -18612.54000
    229     -37953.50000
    230     -63656.89000
    231     -66120.07000
    232     -38576.26000
    233      -3886.37900
    234       7703.30800
    235      -8358.25200
    236     -26707.12000
    237     -28280.00000
    238     -21516.87000
    239     -15576.09000
    240      -2021.58800
    241      20008.29000
    242      31829.42000
    243      25379.54000
    244      16340.04000
    245      13377.83000
    246       2069.42300
    247     -26833.51000
    248     -55404.95000
    249     -59535.65000
    250     -38264.85000
    251     -10701.44000
    252       5061.12100
    253       -135.31450
    254     -27218.94000
    255     -62205.47000
    256     -76628.52000
    257     -51386.87000
    258       -816.83740
    259      36392.45000
    260      34905.51000
    261       8080.82300
    262     -10385.61000
    263      -7038.45400
    264       3161.11100
    265       6289.86000
    266       4519.58100
    267       2342.52100
    268       2004.42900
    269       9946.74100
    270      26191.46000
    271      36389.09000
    272      30297.09000
    273      13194.12000
    274      -8170.75000
    275     -29331.62000
    276     -37817.31000
    277     -25287.18000
    278      -7177.14700
    279      -6336.42400
    280     -21182.52000
    281     -31165.23000
    282     -30663.83000
    283     -35030.32000
    284     -48264.60000
    285     -48665.20000
    286     -24453.85000
    287       -529.50560
    288      -2092.34700
    289     -13547.59000
    290      -6157.97100
    291      13253.91000
    292      14797.22000
    293      -7757.68300
    294     -30591.75000
    295     -34460.99000
    296     -26986.27000
    297     -26533.61000
    298     -33287.89000
    299     -31694.86000
    300     -20848.98000
    301     -17440.51000
    302     -23268.82000
    303     -19084.29000
    304       1698.64600
    305      22104.02000
    306      29356.62000
    307      27007.96000
    308      18191.40000
    309       1122.24900
    310     -16593.38000
    311     -19033.62000
    312      -2306.99500
    313      17254.75000
    314      18772.70000
    315      -4302.17900
    316     -39952.36000
    317     -66618.91000
    318     -69666.23000
    319     -54102.70000
    320     -37349.89000
    321     -28505.42000
    322     -22541.04000
    323     -11557.38000
    324       7994.12000
    325      30984.68000
    326      39531.41000
    327      19535.94000
    328     -14405.81000
    329     -33152.31000
    330     -30705.90000
    331     -22052.74000
    332     -13225.46000
    333      -3459.70900
    334      -3353.92600
    335     -19048.80000
    336     -31951.70000
    337     -22582.57000
    338      -1775.70100
    339       6599.70700
    340       1976.64700
    341       1950.83700
    342      10574.90000
    343      14663.03000
    344       3687.06000
    345     -25812.44000
    346     -70759.02000
    347    -105785.30000
    348     -91797.22000
    349     -28948.68000
    350      24706.45000
    351      19622.20000
    352     -23707.24000
    353     -49141.64000
    354     -39411.02000
    355     -26025.74000
    356     -36340.86000
    357     -58976.14000
    358     -67110.38000
    359     -59112.48000
    360     -58059.63000
    361     -73728.23000
    362     -85539.10000
    363     -70260.76000
    364     -30631.34000
    365      11244.38000
    366      35000.07000
    367      31229.41000
    368       4048.16400
    369     -27972.52000
    370     -43300.11000
    371     -35359.14000
    372     -13952.11000
    373       7837.57900
    374      20059.67000
    375      16092.83000
    376      -1066.38600
    377     -17194.22000
    378     -20456.07000
    379     -11996.51000
    380       -866.28320
    381       4744.93500
    382       2977.90800
    383       1242.97100
    384       7955.72000
    385      20571.16000
    386      32264.35000
    387      45918.11000
    388      66965.66000
    389      90084.66000
    390     106876.30000
    391     116242.00000
    392     118386.90000
    393     110873.00000
    394      94514.05000
    395      72924.15000
    396      50817.84000
    397      41274.80000
    398      59723.71000
    399      98406.09000
    400     123471.00000
    401     113663.20000
    402      90215.19000
    403      92132.50000
    404     126757.50000
    405     158200.10000
    406     147298.80000
    407      95125.92000
    408      41540.30000
    409      23187.46000
    410      39565.30000
    411      62785.80000
    412      74222.40000
    413      80486.02000
    414      91439.74000
    415      97182.71000
    416      81148.53000
    417      50081.84000
    418      32910.84000
    419      46814.44000
    420      77478.72000
    421      97055.98000
    422      91697.57000
    423      68310.10000
    424      43141.20000
    425      26409.32000
    426      15526.02000
    427       6299.39100
    428       6643.67000
    429      24892.96000
    430      48880.68000
    431      59366.37000
    432      61061.46000
    433      74473.87000
    434      98650.94000
    435     108212.40000
    436      90942.06000
    437      68106.59000
    438      68056.03000
    439      87774.59000
    440      95096.47000
    441      73939.28000
    442      49983.38000
    443      54249.88000
    444      78187.86000
    445      87615.30000
    446      66512.98000
    447      27488.36000
    448      -6346.89100
    449     -15823.92000
    450       2143.65000
    451      28526.06000
    452      40496.52000
    453      34759.03000
    454      22253.22000
    455       8581.19100
    456      -6882.71500
    457     -20290.50000
    458     -23139.21000
    459     -10747.65000
    460      11758.54000
    461      30677.82000
    462      33830.86000
    463      23197.64000
    464      14531.86000
    465      20636.58000
    466      36270.55000
    467      45586.89000
    468      45040.71000
    469      46912.12000
    470      53964.03000
    471      50241.18000
    472      31076.15000
    473      17211.03000
    474      21405.34000
    475      28981.62000
    476      27207.57000
    477      22913.32000
    478      21783.76000
    479      22978.32000
    480      34223.32000
    481      60891.48000
    482      87570.61000
    483      95507.52000
    484      84326.36000
    485      62668.64000
    486      39477.59000
    487      30641.40000
    488      49136.34000
    489      84088.65000
    490     109488.20000
    491     114135.30000
    492     106242.40000
    493      89941.09000
    494      59063.38000
    495      22871.23000
    496      11831.16000
    497      36384.92000
    498      65155.51000
    499      69353.67000
    500      58954.48000
    501      51597.98000
    502      42939.27000
    503      30146.33000
    504      27870.96000
    505      42547.71000
    506      59591.27000
    507      64893.72000
    508      60592.12000
    509      57077.96000
    510      57367.97000
    511      53048.62000
    512      39824.70000
    513      30052.51000
    514      35218.60000
    515      45656.26000
    516      44467.29000
    517      30963.98000
    518      19252.42000
    519      22567.98000
    520      40761.58000
    521      58281.24000
    522      63064.40000
    523      64468.68000
    524      76293.71000
    525      92135.19000
    526      97483.94000
    527      91057.75000
    528      77187.66000
    529      56612.81000
    530      37182.50000
    531      34563.41000
    532      52517.97000
    533      75526.60000
    534      86169.57000
    535      82856.77000
    536      77350.33000
    537      77045.05000
    538      77571.70000
    539      76803.05000
    540      83304.58000
    541      99353.80000
    542     110011.50000
    543     103586.50000
    544      86765.77000
    545      68213.25000
    546      48602.90000
    547      36755.68000
    548      47752.97000
    549      74032.00000
    550      87500.73000
    551      78809.81000
    552      68112.03000
    553      73313.64000
    554      92683.41000
    555     118971.30000
    556     151121.90000
    557     189484.50000
    558     227607.90000
    559     253451.20000
    560     266147.20000
    561     288507.00000
    562     343715.20000
    563     422180.70000
    564     493010.10000
    565     542195.70000
    566     574960.10000
    567     589328.10000
    568     577613.40000
    569     550688.80000
    570     533785.00000
    571     536475.60000
    572     550596.60000
    573     578037.20000
    574     636068.80000
    575     736562.10000
    576     874237.40000
    577    1024791.00000
    578    1161994.00000
    579    1311745.00000
    580    1555103.00000
    581    1964444.00000
    582    2706288.00000
    583    4252204.00000
    584    7035954.00000
    585    10506460.00000
    586    12937560.00000
    587    12833190.00000
    588    10413390.00000
    589    7268422.00000
    590    4758058.00000
    591    3188725.00000
    592    2271348.00000
    593    1730108.00000
    594    1401036.00000
    595    1154848.00000
    596     928224.60000
    597     738697.60000
    598     614439.30000
    599     546229.70000
    600     506047.90000
    601     474412.80000
    602     440519.00000
    603     397935.90000
    604     350764.30000
    605     311746.30000
    606     286732.60000
    607     268412.50000
    608     248476.70000
    609     228489.60000
    610     214560.30000
    611     203120.10000
    612     181625.00000
    613     151068.20000
    614     134368.80000
    615     145347.40000
    616     164075.30000
    617     162921.10000
    618     142761.20000
    619     127169.40000
    620     132126.20000
    621     150373.60000
    622     159010.70000
    623     143005.00000
    624     112820.70000
    625      91258.79000
    626      86942.71000
    627      93491.35000
    628     107550.00000
    629     128789.60000
    630     143822.60000
    631     129733.20000
    632      82771.48000
    633      31627.49000
    634       9285.66800
    635      20462.79000
    636      47955.38000
    637      75382.54000
    638      89114.74000
    639      79052.50000
    640      54990.11000
    641      41916.47000
    642      47570.98000
    643      55720.25000
    644      55444.36000
    645      53949.98000
    646      59026.59000
    647      66821.20000
    648      65590.06000
    649      44410.04000
    650       8133.71100
    651     -16282.85000
    652      -7338.91800
    653      20172.25000
    654      36795.49000
    655      43363.98000
    656      59555.39000
    657      75724.68000
    658      62122.61000
    659      23769.16000
    660      -3038.64800
    661      -7861.75400
    662     -10291.25000
    663     -12171.60000
    664       2985.05100
    665      29268.78000
    666      42807.68000
    667      36005.54000
    668      13567.61000
    669     -22362.78000
    670     -56013.08000
    671     -58985.19000
    672     -29984.68000
    673      -1359.20700
    674       7477.50400
    675      11684.38000
    676      28573.70000
    677      50530.05000
    678      57214.59000
    679      40484.56000
    680      12529.37000
    681      -7792.49600
    682     -11675.73000
    683       1198.45300
    684      29649.48000
    685      62758.94000
    686      78653.38000
    687      67255.26000
    688      40830.06000
    689      15288.29000
    690      -2468.57400
    691     -11959.19000
    692     -20440.83000
    693     -33531.24000
    694     -35286.45000
    695      -5716.18000
    696      36801.80000
    697      48264.45000
    698      17957.95000
    699     -20738.54000
    700     -35926.01000
    701     -24256.14000
    702       -299.50390
    703      19436.99000
    704      28686.95000
    705      34990.09000
    706      45259.84000
    707      55092.86000
    708      58110.28000
    709      51192.14000
    710      30520.26000
    711       2233.19900
    712     -11507.77000
    713        218.36330
    714      18841.69000
    715      23822.32000
    716      14802.61000
    717      -5122.09000
    718     -33954.92000
    719     -51665.56000
    720     -36475.96000
    721      -3753.62500
    722       9478.62900
    723      -3866.70700
    724     -18402.48000
    725     -15587.01000
    726       2943.50800
    727      28058.31000
    728      46000.27000
    729      41770.56000
    730      16902.81000
    731      -6176.86700
    732      -8324.47700
    733       5431.88300
    734      16462.75000
    735      16471.01000
    736      10965.46000
    737       3625.09800
    738      -8612.33600
    739     -23591.05000
    740     -30208.62000
    741     -20923.22000
    742       -838.46880
    743      16574.23000
    744      18944.63000
    745       3470.03100
    746     -19446.73000
    747     -33769.45000
    748     -34029.72000
    749     -32781.07000
    750     -42720.16000
    751     -49997.38000
    752     -25129.24000
    753      28551.44000
    754      63194.11000
    755      42688.64000
    756     -13113.38000
    757     -55656.12000
    758     -56074.86000
    759     -20134.19000
    760      22556.56000
    761      43469.02000
    762      38963.13000
    763      20282.74000
    764      -8121.04300
    765     -33505.23000
    766     -25509.56000
    767      17319.79000
    768      46250.68000
    769      29043.70000
    770      -2594.27000
    771      -6985.72300
    772      10000.15000
    773      19465.82000
    774      12968.27000
    775       1876.51600
    776      -1827.50800
    777       4524.96900
    778      13239.77000
    779      15097.99000
    780       8246.46900
    781      -3706.41400
    782     -12661.94000
    783      -7510.30500
    784      10193.46000
    785      22108.54000
    786      20906.57000
    787      21108.66000
    788      25622.85000
    789      12586.83000
    790     -24623.62000
    791     -55162.05000
    792     -48605.80000
    793     -13337.98000
    794      15094.95000
    795      10659.32000
    796     -20233.06000
    797     -44469.10000
    798     -35589.05000
    799      -4775.87500
    800      12543.20000
    801       2014.43800
    802     -16023.28000
    803     -22514.06000
    804     -25494.99000
    805     -36291.16000
    806     -43964.15000
    807     -35595.20000
    808     -20424.90000
    809      -7830.29700
    810      14867.53000
    811      51000.33000
    812      68578.30000
    813      44949.99000
    814      10482.71000
    815       5285.58600
    816      20387.14000
    817      24666.41000
    818      19034.80000
    819      19804.89000
    820      20163.89000
    821      10780.25000
    822       7883.94500
    823      23853.23000
    824      38123.59000
    825      26047.92000
    826      -7150.31200
    827     -38003.09000
    828     -50199.50000
    829     -42885.59000
    830     -28807.28000
    831     -21425.31000
    832     -17118.02000
    833      -3522.67200
    834      13074.41000
    835      12569.84000
    836      -3276.28900
    837      -7762.68000
    838       8314.39800
    839      16796.16000
    840      -9136.90600
    841     -55619.05000
    842     -86369.45000
    843     -86588.34000
    844     -71038.56000
    845     -58973.89000
    846     -54719.15000
    847     -46521.27000
    848     -21459.87000
    849      12296.84000
    850      28591.23000
    851      19002.58000
    852       7664.93800
    853      18703.42000
    854      46826.11000
    855      66871.58000
    856      57157.77000
    857      15860.99000
    858     -33262.55000
    859     -59046.98000
    860     -52586.54000
    861     -30431.94000
    862     -12791.09000
    863      -8574.54700
    864     -13149.95000
    865     -14327.39000
    866      -6927.85900
    867       2008.41400
    868       3679.85200
    869      -8725.22700
    870     -37326.09000
    871     -62328.85000
    872     -52515.91000
    873     -15603.23000
    874       1020.42200
    875     -18345.62000
    876     -37273.25000
    877     -34735.01000
    878     -31902.98000
    879     -39909.41000
    880     -42273.16000
    881     -34880.88000
    882     -30966.58000
    883     -30826.16000
    884     -26146.48000
    885     -18982.42000
    886     -10130.86000
    887       8011.43000
    888      31150.99000
    889      40232.05000
    890      25944.65000
    891       -671.67970
    892     -18369.41000
    893     -10616.92000
    894      15623.86000
    895      29570.84000
    896      14284.47000
    897      -8912.66400
    898     -14166.79000
    899      -7095.49200
    900      -5676.94500
    901      -9150.50800
    902      -4977.71100
    903      10672.42000
    904      27113.50000
    905      22995.55000
    906     -15751.42000
    907     -69624.12000
    908     -93840.58000
    909     -66853.51000
    910     -14127.85000
    911      24808.32000
    912      33807.21000
    913      19849.70000
    914       -445.01560
    915      -6623.15600
    916      10277.09000
    917      30471.09000
    918      23911.20000
    919      -9660.82000
    920     -40694.49000
    921     -50150.16000
    922     -44447.30000
    923     -31362.59000
    924     -10767.31000
    925       8728.09400
    926      13164.22000
    927       6365.35900
    928       3209.65600
    929       -559.63280
    930     -21051.37000
    931     -46242.60000
    932     -39416.82000
    933       5151.36700
    934      43155.70000
    935      35172.02000
    936      -5564.57800
    937     -37043.19000
    938     -38805.62000
    939     -22729.88000
    940      -7576.75800
    941       2000.93000
    942      10515.93000
    943      14003.43000
    944       2338.52300
    945     -17995.42000
    946     -24776.67000
    947     -12736.77000
    948      -2291.73400
    949      -7164.28100
    950     -18464.96000
    951     -27345.10000
    952     -37294.02000
    953     -46833.66000
    954     -43919.96000
    955     -27366.03000
    956     -15098.28000
    957     -19095.92000
    958     -27522.75000
    959     -27840.12000
    960     -31413.98000
    961     -51001.23000
    962     -68739.98000
    963     -57025.46000
    964     -19450.70000
    965      17224.07000
    966      38682.95000
    967      46610.75000
    968      41197.28000
    969      21398.98000
    970      -4888.89100
    971     -21757.89000
    972     -17433.22000
    973       -200.41410
    974       2759.93000
    975     -21339.79000
    976     -46630.27000
    977     -42343.88000
    978     -20459.70000
    979     -17313.69000
    980     -36294.08000
    981     -46696.64000
    982     -37915.94000
    983     -35266.18000
    984     -54518.57000
    985     -75814.57000
    986     -76175.55000
    987     -59249.89000
    988     -39118.48000
    989     -19000.52000
    990         75.14844
    991       8063.71900
    992      -2528.70300
    993     -21835.23000
    994     -28873.36000
    995     -15634.20000
    996       -702.11720
    997      -6465.54700
    998     -24645.13000
    999     -27461.73000
   1000     -13616.09000
   1001     -10410.47000
   1002     -25813.94000
   1003     -34731.48000
   1004     -20852.48000
   1005        114.82030
   1006       6451.03900
   1007      -4637.45300
   1008     -21449.74000
   1009     -31570.84000
   1010     -30948.60000
   1011     -24840.50000
   1012     -17277.95000
   1013      -4778.55500
   1014      12153.88000
   1015      22573.59000
   1016      19131.04000
   1017       6761.43000
   1018      -6532.32000
   1019     -14007.69000
   1020      -8823.44500
   1021       6280.42200
   1022      16205.62000
   1023      12663.36000
   1024       2243.75000
   1025     -10958.20000
   1026     -28362.51000
   1027     -39245.13000
   1028     -27736.35000
   1029      -1393.99200
   1030      13623.56000
   1031       9575.50000
   1032       5722.87500
   1033      15700.45000
   1034      27680.13000
   1035      26876.12000
   1036      19742.91000
   1037      17931.85000
   1038      11984.88000
   1039     -13355.30000
   1040     -45384.06000
   1041     -53561.93000
   1042     -30070.81000
   1043       2684.31200
   1044      19012.06000
   1045       8311.65600
   1046     -19885.93000
   1047     -38257.78000
   1048     -28142.49000
   1049      -7861.60200
   1050      -9479.73400
   1051     -28635.71000
   1052     -31204.81000
   1053      -9187.81200
   1054       8887.93800
   1055       6715.26600
   1056      -1187.36700
   1057      -7797.39100
   1058     -28518.80000
   1059     -62849.51000
   1060     -80654.77000
   1061     -66663.15000
   1062     -44061.67000
   1063     -34192.32000
   1064     -26629.09000
   1065      -9953.29700
   1066        938.57030
   1067      -5937.54700
   1068     -10580.43000
   1069       9084.57000
   1070      36348.73000
   1071      35273.05000
   1072       3507.84400
   1073     -23405.30000
   1074     -22983.61000
   1075     -15596.89000
   1076     -29098.34000
   1077     -52633.53000
   1078     -52504.95000
   1079     -27150.60000
   1080     -10855.74000
   1081     -17502.12000
   1082     -21217.91000
   1083      -6491.53900
   1084       5498.90600
   1085      -1801.12500
   1086     -15217.44000
   1087     -24285.67000
   1088     -38324.34000
   1089     -57148.96000
   1090     -57235.21000
   1091     -20293.45000
   1092      37331.65000
   1093      68403.65000
   1094      36953.97000
   1095     -32520.06000
   1096     -69826.06000
   1097     -41962.69000
   1098       9081.29700
   1099      31045.67000
   1100      22760.04000
   1101       7148.94500
   1102     -12534.98000
   1103     -38354.12000
   1104     -53510.52000
   1105     -42519.85000
   1106     -16694.88000
   1107      -1111.31200
   1108      -7608.40600
   1109     -27867.81000
   1110     -42249.84000
   1111     -35217.12000
   1112     -13272.95000
   1113      -1974.20300
   1114     -13811.49000
   1115     -31389.27000
   1116     -35115.22000
   1117     -27732.20000
   1118     -16819.44000
   1119        -53.14844
   1120      14078.11000
   1121       2383.02300
   1122     -33490.49000
   1123     -54868.66000
   1124     -37618.54000
   1125      -6245.26600
   1126       7767.01600
   1127      12066.12000
   1128      29670.70000
   1129      53905.02000
   1130      56900.80000
   1131      28703.99000
   1132     -13807.18000
   1133     -46609.38000
   1134     -55596.05000
   1135     -44360.03000
   1136     -30002.59000
   1137     -24582.05000
   1138     -24531.83000
   1139     -22233.93000
   1140     -16073.17000
   1141      -6890.08600
   1142       1595.50800
   1143       1695.39800
   1144      -5650.93000
   1145      -7575.68800
   1146      -1266.07000
   1147      -1718.93800
   1148     -15557.25000
   1149     -28721.92000
   1150     -31651.58000
   1151     -34388.77000
   1152     -45835.49000
   1153     -57021.01000
   1154     -54038.71000
   1155     -36768.04000
   1156     -21115.79000
   1157     -25098.98000
   1158     -47313.11000
   1159     -62162.30000
   1160     -49385.94000
   1161     -22734.73000
   1162     -11886.86000
   1163     -22630.93000
   1164     -34544.60000
   1165     -32727.91000
   1166     -23894.60000
   1167     -21256.77000
   1168     -25070.96000
   1169     -24027.06000
   1170     -13005.69000
   1171       1101.28100
   1172      14042.91000
   1173      27663.47000
   1174      34312.27000
   1175      22100.85000
   1176       -420.53910
   1177     -12407.93000
   1178     -11119.71000
   1179      -6224.48400
   1180       1460.18000
   1181       7769.26600
   1182      -1345.62500
   1183     -18827.33000
   1184     -15701.34000
   1185       8202.11700
   1186      16572.81000
   1187      -5230.53900
   1188     -29824.79000
   1189     -35016.30000
   1190     -28125.60000
   1191     -19224.97000
   1192      -8189.66400
   1193        390.98440
   1194      -1626.64100
   1195     -11688.12000
   1196     -21957.62000
   1197     -31483.18000
   1198     -40880.62000
   1199     -45270.88000
   1200     -41586.83000
   1201     -34569.28000
   1202     -30414.30000
   1203     -29569.58000
   1204     -26949.54000
   1205     -18557.84000
   1206      -9189.57000
   1207      -9437.05500
   1208     -22322.36000
   1209     -40520.03000
   1210     -57525.36000
   1211     -69455.31000
   1212     -69103.09000
   1213     -54811.28000
   1214     -39831.62000
   1215     -35825.07000
   1216     -36255.32000
   1217     -30991.29000
   1218     -23999.46000
   1219     -23641.85000
   1220     -29327.34000
   1221     -36285.00000
   1222     -40685.77000
   1223     -38269.39000
   1224     -29573.88000
   1225     -22877.11000
   1226     -22513.80000
   1227     -21993.98000
   1228     -15139.70000
   1229      -3020.55500
   1230      12436.15000
   1231      27397.20000
   1232      29014.86000
   1233       7020.18800
   1234     -26538.20000
   1235     -45937.20000
