      1     -15559.11000
      2      -4172.35500
      3      10528.40000
      4       9081.18800
      5     -14185.71000
      6     -40313.49000
      7     -47068.54000
      8     -29588.97000
      9       1905.18800
     10      27083.82000
     11      21332.86000
     12     -18381.26000
     13     -56552.61000
     14     -55126.66000
     15     -22935.84000
     16      -3182.77000
     17     -16643.89000
     18     -41890.38000
     19     -48797.72000
     20     -30689.84000
     21      -3335.48800
     22      13980.89000
     23      15353.09000
     24      11468.41000
     25      14032.32000
     26      17832.07000
     27       8614.58200
     28     -10911.10000
     29     -20403.44000
     30     -13848.84000
     31     -12824.02000
     32     -34894.76000
     33     -67208.80000
     34     -86656.39000
     35     -88872.33000
     36     -82033.20000
     37     -70238.39000
     38     -57919.91000
     39     -53071.00000
     40     -53852.71000
     41     -48727.09000
     42     -36673.95000
     43     -27761.07000
     44     -22307.04000
     45     -13528.56000
     46      -8980.80500
     47     -20123.98000
     48     -33325.23000
     49     -23849.57000
     50       4968.12900
     51      27864.23000
     52      34195.17000
     53      27362.15000
     54       3365.05900
     55     -36248.37000
     56     -65937.58000
     57     -60280.92000
     58     -24367.91000
     59      14855.96000
     60      32256.04000
     61      18605.36000
     62     -10210.68000
     63     -24784.79000
     64     -16121.91000
     65       -959.71880
     66      10510.20000
     67      21668.58000
     68      26079.11000
     69      14000.65000
     70      -3654.59400
     71     -11878.74000
     72     -16881.98000
     73     -25696.92000
     74     -26047.13000
     75     -11765.78000
     76        651.32030
     77      -1735.02000
     78     -14247.86000
     79     -31690.13000
     80     -50724.22000
     81     -60971.84000
     82     -58274.02000
     83     -52393.70000
     84     -46108.60000
     85     -31292.41000
     86     -12082.62000
     87       -561.20700
     88       6524.79900
     89      13999.12000
     90       7920.90600
     91     -16681.43000
     92     -33385.99000
     93     -22494.73000
     94      -4105.22500
     95      -6655.75000
     96     -28016.84000
     97     -45719.05000
     98     -46050.64000
     99     -34045.79000
    100     -24941.94000
    101     -27885.62000
    102     -38860.24000
    103     -52412.61000
    104     -67826.73000
    105     -76911.00000
    106     -66874.80000
    107     -44088.20000
    108     -31116.51000
    109     -32889.85000
    110     -30708.97000
    111     -15135.65000
    112       -186.17770
    113        807.26760
    114      -6756.10000
    115     -11364.88000
    116     -11092.96000
    117      -9613.33400
    118      -6803.92000
    119      -1906.50800
    120      -1335.87700
    121     -13296.90000
    122     -33153.55000
    123     -41692.45000
    124     -24565.91000
    125       8626.56100
    126      30633.54000
    127      23385.42000
    128      -5172.42400
    129     -31863.04000
    130     -40910.00000
    131     -34146.37000
    132     -23140.43000
    133     -14688.58000
    134      -4624.19700
    135      11454.15000
    136      22502.66000
    137       9100.75800
    138     -26605.67000
    139     -50947.07000
    140     -34999.72000
    141       6186.25600
    142      29484.42000
    143      16869.27000
    144      -7323.22900
    145     -15013.88000
    146      -7538.24800
    147      -1106.95900
    148      -1773.45300
    149      -9949.94700
    150     -28273.32000
    151     -47430.09000
    152     -45585.90000
    153     -20580.14000
    154        250.86330
    155       1182.86900
    156       1879.15600
    157      19197.10000
    158      34902.64000
    159      27313.74000
    160       7784.15000
    161      -2156.80900
    162      -6286.36500
    163     -18681.27000
    164     -32558.42000
    165     -31812.16000
    166     -20259.69000
    167     -14221.40000
    168     -14146.99000
    169      -5986.66800
    170      10979.90000
    171      15952.47000
    172      -9012.05500
    173     -54860.05000
    174     -90378.91000
    175     -89493.45000
    176     -53670.59000
    177     -10330.87000
    178      11043.42000
    179       4485.76800
    180     -10869.29000
    181     -17871.66000
    182     -23514.12000
    183     -43123.42000
    184     -68949.98000
    185     -73459.82000
    186     -44497.69000
    187       -915.83790
    188      28806.39000
    189      32640.33000
    190      18584.30000
    191       -246.18850
    192     -19155.65000
    193     -38304.14000
    194     -51863.61000
    195     -53916.38000
    196     -51082.16000
    197     -52470.43000
    198     -52431.99000
    199     -41346.14000
    200     -24283.42000
    201     -10358.47000
    202       3567.19000
    203      21468.92000
    204      34625.55000
    205      33809.80000
    206      21383.91000
    207       2906.63100
    208     -19423.83000
    209     -39740.80000
    210     -48354.54000
    211     -43593.60000
    212     -34044.81000
    213     -25694.43000
    214     -14928.14000
    215        360.55370
    216      10205.62000
    217       3990.78500
    218     -10920.27000
    219     -15824.61000
    220      -6266.63300
    221       3916.68300
    222       4761.65800
    223        824.63280
    224      -1768.89200
    225      -4507.22900
    226      -9551.18900
    227     -13023.62000
    228      -8297.70800
    229       5217.54800
    230      17764.02000
    231      19837.75000
    232      17694.44000
    233      25001.13000
    234      35664.39000
    235      25309.02000
    236     -10590.88000
    237     -40579.34000
    238     -35624.93000
    239      -8978.11000
    240       1294.02100
    241     -18023.85000
    242     -43442.93000
    243     -51038.62000
    244     -42696.74000
    245     -32388.20000
    246     -27134.47000
    247     -28691.65000
    248     -36690.09000
    249     -44770.05000
    250     -46519.29000
    251     -44635.41000
    252     -44513.75000
    253     -44561.46000
    254     -41017.05000
    255     -34915.20000
    256     -30007.82000
    257     -30114.84000
    258     -36257.37000
    259     -40662.61000
    260     -30526.82000
    261      -4546.91200
    262      21391.38000
    263      29707.19000
    264      17547.33000
    265      -3452.66800
    266     -19473.29000
    267     -25451.85000
    268     -23654.78000
    269     -12827.05000
    270      11184.67000
    271      39289.96000
    272      48405.22000
    273      28841.32000
    274      -1784.48900
    275     -24130.42000
    276     -38144.45000
    277     -46159.59000
    278     -39871.78000
    279     -21798.89000
    280     -13627.70000
    281     -23862.50000
    282     -31925.85000
    283     -20913.50000
    284      -1463.20800
    285      11623.36000
    286      21843.30000
    287      34569.84000
    288      37511.47000
    289      14787.04000
    290     -27172.14000
    291     -61764.66000
    292     -71611.66000
    293     -65927.55000
    294     -60755.11000
    295     -52973.32000
    296     -32204.82000
    297     -10416.28000
    298     -11362.56000
    299     -31072.83000
    300     -39009.26000
    301     -22225.32000
    302        -45.78174
    303       9456.69300
    304       9417.98000
    305       5689.54400
    306      -4926.41800
    307     -19753.91000
    308     -23338.31000
    309      -5477.18100
    310      23029.89000
    311      37758.80000
    312      22459.87000
    313     -14847.62000
    314     -47738.90000
    315     -56709.71000
    316     -46552.51000
    317     -33723.91000
    318     -22925.78000
    319      -7731.18100
    320       8679.13900
    321      10625.90000
    322      -6914.06200
    323     -26848.34000
    324     -31725.64000
    325     -26314.95000
    326     -27612.76000
    327     -41299.19000
    328     -58710.25000
    329     -70132.43000
    330     -71343.39000
    331     -62796.39000
    332     -49302.10000
    333     -34331.34000
    334     -13918.18000
    335      11741.61000
    336      24088.80000
    337       6675.33900
    338     -22717.31000
    339     -31868.24000
    340     -24582.92000
    341     -33338.45000
    342     -60098.72000
    343     -67291.12000
    344     -35999.93000
    345       4308.23300
    346      16197.71000
    347      -2159.66000
    348     -25469.34000
    349     -34933.55000
    350     -29545.87000
    351     -12996.42000
    352      11247.71000
    353      28972.87000
    354      19044.41000
    355     -19553.37000
    356     -58752.61000
    357     -71236.48000
    358     -58712.69000
    359     -43429.84000
    360     -40514.43000
    361     -45059.52000
    362     -42586.45000
    363     -27065.31000
    364      -6796.24000
    365       3760.29700
    366      -6138.51000
    367     -34695.85000
    368     -63316.90000
    369     -70356.46000
    370     -52521.67000
    371     -23531.88000
    372       3188.96100
    373      18007.84000
    374      14003.13000
    375      -4126.70900
    376     -23862.58000
    377     -42507.20000
    378     -62614.72000
    379     -74555.78000
    380     -68595.87000
    381     -55250.64000
    382     -48876.13000
    383     -42298.66000
    384     -20683.81000
    385       9119.82400
    386      22146.67000
    387       6660.21100
    388     -19729.75000
    389     -32350.43000
    390     -32072.46000
    391     -39329.45000
    392     -56667.07000
    393     -63961.03000
    394     -55382.93000
    395     -49737.84000
    396     -55048.77000
    397     -52354.02000
    398     -26613.22000
    399       8081.34400
    400      24612.38000
    401      13400.14000
    402      -9155.10700
    403     -19803.85000
    404     -11684.38000
    405       3961.50600
    406      13796.67000
    407      11718.12000
    408      -1368.12500
    409     -17232.06000
    410     -25645.08000
    411     -25580.48000
    412     -21994.94000
    413     -12546.47000
    414       6601.25600
    415      24592.57000
    416      23973.86000
    417       3570.23800
    418     -22028.26000
    419     -40751.47000
    420     -46553.49000
    421     -33692.14000
    422      -6476.79300
    423      11078.03000
    424      -2134.62500
    425     -32916.27000
    426     -46990.27000
    427     -34487.92000
    428     -18365.22000
    429     -14285.94000
    430      -9231.52300
    431      10183.83000
    432      30428.05000
    433      27536.81000
    434        -82.59180
    435     -28796.09000
    436     -37017.92000
    437     -25524.73000
    438      -8660.00600
    439       3919.50200
    440      10692.16000
    441      13969.48000
    442      19461.58000
    443      28866.65000
    444      30279.40000
    445      13022.91000
    446      -7868.96100
    447      -5389.92200
    448      19162.93000
    449      35220.90000
    450      25234.32000
    451       3858.51600
    452      -8184.29300
    453      -7254.19100
    454       -393.18360
    455       4825.16400
    456       2414.45300
    457      -4503.63700
    458      -1335.09800
    459      16909.41000
    460      30142.95000
    461      18641.58000
    462      -5553.76600
    463     -13114.88000
    464       6483.30900
    465      41755.88000
    466      77953.95000
    467     101813.10000
    468     104366.50000
    469      96183.44000
    470     101348.20000
    471     120156.30000
    472     119761.20000
    473      81335.68000
    474      36000.18000
    475      28590.32000
    476      60609.26000
    477      96840.33000
    478     118142.90000
    479     135520.00000
    480     154427.40000
    481     161682.00000
    482     155993.70000
    483     159321.20000
    484     183012.10000
    485     207014.30000
    486     208680.80000
    487     194656.10000
    488     190799.90000
    489     211215.30000
    490     248467.80000
    491     289643.70000
    492     332281.60000
    493     381810.80000
    494     438515.40000
    495     496398.30000
    496     556142.10000
    497     631944.60000
    498     741157.20000
    499     890771.80000
    500    1075184.00000
    501    1283148.00000
    502    1500960.00000
    503    1705450.00000
    504    1860485.00000
    505    1931979.00000
    506    1910354.00000
    507    1814040.00000
    508    1671645.00000
    509    1503433.00000
    510    1318815.00000
    511    1130579.00000
    512     964665.90000
    513     840183.60000
    514     741536.60000
    515     637352.80000
    516     531167.60000
    517     459637.80000
    518     432506.20000
    519     412956.50000
    520     371697.10000
    521     325146.70000
    522     303544.70000
    523     308024.60000
    524     313285.50000
    525     296462.80000
    526     256963.80000
    527     215999.20000
    528     194882.70000
    529     191870.70000
    530     189361.00000
    531     181831.00000
    532     179978.80000
    533     187756.10000
    534     193498.50000
    535     186855.20000
    536     172229.30000
    537     162757.60000
    538     166606.60000
    539     177912.80000
    540     180168.60000
    541     163828.20000
    542     140000.60000
    543     129128.50000
    544     135915.90000
    545     143739.90000
    546     135576.20000
    547     114750.30000
    548     102096.80000
    549     113424.50000
    550     141584.70000
    551     165173.00000
    552     176469.00000
    553     188661.20000
    554     206828.30000
    555     209990.70000
    556     182833.40000
    557     147818.00000
    558     138925.20000
    559     158299.80000
    560     184117.40000
    561     203279.60000
    562     211238.70000
    563     200750.10000
    564     174793.10000
    565     152334.60000
    566     145942.80000
    567     150959.00000
    568     159819.80000
    569     166907.70000
    570     167271.20000
    571     171666.00000
    572     205073.50000
    573     267762.80000
    574     322017.50000
    575     339624.60000
    576     335482.30000
    577     338028.60000
    578     355495.80000
    579     383807.20000
    580     420535.70000
    581     463510.70000
    582     512631.20000
    583     571161.20000
    584     637887.10000
    585     711311.10000
    586     803669.60000
    587     929696.70000
    588    1083743.00000
    589    1250164.00000
    590    1434041.00000
    591    1668530.00000
    592    2006387.00000
    593    2517722.00000
    594    3257233.00000
    595    4171009.00000
    596    5023164.00000
    597    5478720.00000
    598    5332628.00000
    599    4667658.00000
    600    3767354.00000
    601    2894486.00000
    602    2176234.00000
    603    1643012.00000
    604    1282132.00000
    605    1044610.00000
    606     866078.90000
    607     713286.20000
    608     592368.90000
    609     508257.20000
    610     443092.00000
    611     382468.20000
    612     334682.20000
    613     304845.40000
    614     273300.10000
    615     223032.70000
    616     169760.00000
    617     141756.50000
    618     142982.60000
    619     152117.90000
    620     147673.20000
    621     127577.60000
    622     110573.30000
    623     114612.30000
    624     131504.30000
    625     136465.00000
    626     122724.10000
    627     106699.30000
    628     100293.70000
    629     100597.90000
    630     105970.30000
    631     119330.80000
    632     132597.30000
    633     127437.00000
    634      98980.99000
    635      66190.02000
    636      51084.57000
    637      55609.11000
    638      63054.88000
    639      55487.00000
    640      30643.73000
    641       8289.60200
    642      11863.35000
    643      37471.09000
    644      57640.52000
    645      60765.82000
    646      60429.05000
    647      61743.05000
    648      53315.29000
    649      37366.50000
    650      31000.33000
    651      33843.90000
    652      28551.45000
    653      13622.21000
    654       5181.00800
    655       7591.28900
    656       7154.57800
    657      -5155.30100
    658     -20152.66000
    659     -20491.62000
    660       -179.26560
    661      25983.46000
    662      37717.57000
    663      34912.45000
    664      35464.79000
    665      45373.98000
    666      48809.64000
    667      32952.17000
    668       5528.32800
    669     -17900.66000
    670     -30572.76000
    671     -35038.84000
    672     -35652.73000
    673     -31647.31000
    674     -16951.77000
    675       8158.99200
    676      28894.28000
    677      29679.73000
    678      12319.32000
    679      -7981.58600
    680     -18145.27000
    681     -13080.23000
    682       3502.23400
    683      18992.25000
    684      23074.60000
    685      20724.88000
    686      23804.83000
    687      31819.86000
    688      32789.21000
    689      21501.64000
    690       6512.38300
    691       -643.28910
    692       2923.84400
    693      10996.38000
    694      17282.01000
    695      22523.63000
    696      29682.65000
    697      36157.97000
    698      38681.11000
    699      39602.91000
    700      37534.66000
    701      23478.43000
    702       2245.41400
    703       -456.31250
    704      23618.66000
    705      40669.57000
    706      20355.45000
    707     -13775.38000
    708     -16184.80000
    709      14412.21000
    710      38604.59000
    711      34073.94000
    712      13082.55000
    713      -9298.33600
    714     -28685.30000
    715     -36409.30000
    716     -23612.35000
    717      -3117.75800
    718       -401.92970
    719     -17170.63000
    720     -27661.08000
    721     -19879.09000
    722     -16493.18000
    723     -36999.92000
    724     -59720.56000
    725     -48159.73000
    726      -4114.71900
    727      33022.26000
    728      36175.49000
    729      18826.39000
    730      13628.12000
    731      31866.77000
    732      44727.09000
    733      14798.36000
    734     -46579.28000
    735     -80526.26000
    736     -56870.18000
    737     -12309.46000
    738      10095.21000
    739      14855.03000
    740      21512.64000
    741      24418.08000
    742      13107.64000
    743      -2570.70300
    744      -8863.71900
    745      -6628.70300
    746      -2646.39800
    747       2336.27300
    748       9184.25800
    749      10897.51000
    750       -704.19530
    751     -16936.12000
    752     -19282.03000
    753     -11203.88000
    754     -15861.31000
    755     -34586.58000
    756     -43967.27000
    757     -39247.74000
    758     -38083.79000
    759     -40039.35000
    760     -27406.87000
    761      -4926.00800
    762       1966.90600
    763     -13635.41000
    764     -32205.12000
    765     -35766.44000
    766     -25968.02000
    767     -18188.27000
    768     -25555.81000
    769     -45234.04000
    770     -57599.63000
    771     -40775.71000
    772       9503.63300
    773      69243.00000
    774      98534.41000
    775      74530.03000
    776      12959.80000
    777     -46504.28000
    778     -71042.00000
    779     -52946.66000
    780     -13668.07000
    781       7458.27300
    782     -13234.45000
    783     -55451.17000
    784     -73677.83000
    785     -48084.67000
    786      -5686.17200
    787      12043.73000
    788      -6820.54700
    789     -38149.39000
    790     -52931.18000
    791     -44261.13000
    792     -23818.52000
    793      -6225.10900
    794      -2099.73400
    795     -11673.37000
    796     -20573.13000
    797     -17195.17000
    798     -11278.09000
    799     -16512.37000
    800     -26081.52000
    801     -27824.63000
    802     -25406.50000
    803     -22830.23000
    804     -13622.15000
    805      -2974.95300
    806      -9015.82000
    807     -29086.84000
    808     -38222.40000
    809     -27657.12000
    810     -12270.43000
    811         30.10938
    812      14914.38000
    813      29198.88000
    814      29936.03000
    815      16536.15000
    816       2375.71100
    817      -6406.84400
    818     -14201.96000
    819     -17750.18000
    820      -7706.04700
    821       9252.98400
    822      15125.22000
    823       9071.71900
    824       4163.69500
    825       -261.30470
    826     -12537.52000
    827     -23442.18000
    828     -18142.10000
    829      -3338.98400
    830       4234.19500
    831       5012.60900
    832      11871.97000
    833      27863.68000
    834      42177.08000
    835      43493.81000
    836      30932.95000
    837      12614.56000
    838      -3922.44500
    839     -15537.80000
    840     -19488.84000
    841     -14972.80000
    842      -8411.34400
    843      -5395.10900
    844       1073.85900
    845      18086.20000
    846      30217.80000
    847      13642.30000
    848     -21576.99000
    849     -33759.99000
    850      -8690.16400
    851      18060.86000
    852      19076.31000
    853      14990.02000
    854      27760.05000
    855      38353.31000
    856      25767.88000
    857       6575.40600
    858       1778.68000
    859       2275.08600
    860      -4642.15600
    861     -10722.68000
    862     -11559.85000
    863     -22052.58000
    864     -46059.21000
    865     -59158.73000
    866     -41384.06000
    867      -5784.69500
    868      20991.11000
    869      28568.44000
    870      20696.71000
    871       2322.97700
    872     -17012.74000
    873     -23896.87000
    874     -19111.39000
    875     -19161.44000
    876     -29987.30000
    877     -38633.78000
    878     -37615.70000
    879     -32317.47000
    880     -19126.86000
    881      11684.05000
    882      45817.40000
    883      53051.76000
    884      30606.43000
    885       4328.25000
    886     -13590.81000
    887     -32532.96000
    888     -51324.36000
    889     -53401.20000
    890     -36361.93000
    891     -20157.66000
    892     -20390.59000
    893     -29435.30000
    894     -31961.64000
    895     -28492.38000
    896     -26195.99000
    897     -14124.48000
    898      19928.48000
    899      50179.76000
    900      36575.02000
    901      -8020.36700
    902     -25473.55000
    903       5595.20300
    904      42947.16000
    905      42388.41000
    906       7808.68800
    907     -25135.42000
    908     -30963.67000
    909     -16041.28000
    910      -5212.60200
    911      -9286.78900
    912     -13705.24000
    913       -785.53910
    914      28005.79000
    915      50485.89000
    916      39225.65000
    917      -7250.42200
    918     -48788.38000
    919     -45575.60000
    920     -11060.23000
    921      11697.15000
    922      13838.41000
    923      17412.75000
    924      24374.65000
    925      17500.46000
    926        336.14060
    927      -8828.58600
    928     -14190.12000
    929     -34398.84000
    930     -60708.16000
    931     -57867.88000
    932     -13991.69000
    933      36009.62000
    934      52074.34000
    935      36443.45000
    936      19262.99000
    937      12523.80000
    938       4908.79700
    939      -9345.46100
    940     -23601.50000
    941     -31517.14000
    942     -27675.85000
    943      -9335.57800
    944      13103.12000
    945      25842.16000
    946      30620.85000
    947      32628.41000
    948      24087.05000
    949       4954.50000
    950      -4261.55500
    951       4547.46900
    952      10340.78000
    953       -656.67970
    954     -13476.19000
    955     -13096.23000
    956      -4396.68000
    957       2657.00000
    958       3622.02300
    959      -2248.08600
    960      -7547.85900
    961      -1266.65600
    962      12192.02000
    963      14446.02000
    964      -1676.55500
    965     -25022.76000
    966     -43455.12000
    967     -53273.63000
    968     -55486.48000
    969     -52641.16000
    970     -45563.74000
    971     -33834.11000
    972     -24865.14000
    973     -30802.08000
    974     -47553.16000
    975     -53886.39000
    976     -38242.09000
    977      -8321.48400
    978      23863.05000
    979      44375.04000
    980      36109.17000
    981       2676.93000
    982     -21271.31000
    983     -10462.92000
    984      16677.99000
    985      27319.07000
    986      18870.62000
    987      12082.99000
    988      14481.76000
    989      11901.61000
    990      -7637.91400
    991     -33656.11000
    992     -40496.06000
    993     -17023.21000
    994      14148.00000
    995      19099.58000
    996      -4572.71900
    997     -24550.13000
    998     -17846.54000
    999       2102.50800
   1000       9349.62500
   1001      -2520.25000
   1002     -20005.62000
   1003     -28309.58000
   1004     -26422.39000
   1005     -26896.25000
   1006     -35630.45000
   1007     -38739.14000
   1008     -26080.47000
   1009     -15607.03000
   1010     -27767.80000
   1011     -47243.89000
   1012     -40859.55000
   1013      -8413.95300
   1014      12702.59000
   1015        -50.43750
   1016     -20148.14000
   1017     -12542.64000
   1018       6242.51600
   1019      -9140.95300
   1020     -53337.47000
   1021     -70558.95000
   1022     -41465.19000
   1023      -7808.03100
   1024       -932.03120
   1025      -7197.90600
   1026     -11390.38000
   1027     -19520.06000
   1028     -34701.72000
   1029     -49829.45000
   1030     -58952.70000
   1031     -53431.91000
   1032     -26120.36000
   1033       7240.54700
   1034      18225.78000
   1035       6537.75000
   1036       1491.75000
   1037      16870.27000
   1038      33115.91000
   1039      29007.61000
   1040       4873.01600
   1041     -29150.38000
   1042     -62752.23000
   1043     -79918.78000
   1044     -67520.31000
   1045     -35140.53000
   1046      -8573.79700
   1047      -1927.53100
   1048     -10350.50000
   1049     -24329.19000
   1050     -34157.92000
   1051     -28095.44000
   1052      -5671.70300
   1053      12552.38000
   1054       5203.64100
   1055     -23568.25000
   1056     -48781.75000
   1057     -50939.44000
   1058     -30646.42000
   1059      -3212.04700
   1060      15651.02000
   1061      21330.22000
   1062      18746.06000
   1063      11876.06000
   1064       1885.20300
   1065      -7065.07800
   1066     -11772.64000
   1067     -16363.67000
   1068     -23974.58000
   1069     -29873.52000
   1070     -31580.69000
   1071     -33171.41000
   1072     -33909.17000
   1073     -29799.55000
   1074     -26608.69000
   1075     -30396.17000
   1076     -30272.36000
   1077     -15233.41000
   1078        918.70310
   1079      -1335.89100
   1080     -12797.48000
   1081      -8322.28100
   1082      11884.52000
   1083      20796.22000
   1084       3514.46900
   1085     -25663.39000
   1086     -47661.34000
   1087     -58728.95000
   1088     -60865.91000
   1089     -53225.72000
   1090     -41183.34000
   1091     -36465.70000
   1092     -40665.53000
   1093     -41161.95000
   1094     -26332.31000
   1095       2266.62500
   1096      28394.48000
   1097      30837.08000
   1098       6545.40600
   1099     -19834.66000
   1100     -25918.23000
   1101     -19905.41000
   1102     -19937.06000
   1103     -23223.81000
   1104     -18600.56000
   1105     -11181.25000
   1106     -12002.97000
   1107     -17651.20000
   1108     -16367.22000
   1109      -5733.96900
   1110       3300.76600
   1111      -3233.10900
   1112     -26917.98000
   1113     -52314.66000
   1114     -63774.05000
   1115     -61208.33000
   1116     -50654.77000
   1117     -31434.39000
   1118      -7036.42200
   1119       5073.26600
   1120      -5501.48400
   1121     -21340.23000
   1122     -18849.31000
   1123      -4725.95300
   1124      -7375.56200
   1125     -32737.75000
   1126     -54040.48000
   1127     -51017.33000
   1128     -35004.16000
   1129     -25279.36000
   1130     -22962.31000
   1131     -19428.12000
   1132     -11520.69000
   1133       1023.95300
   1134      16689.86000
   1135      25847.08000
   1136      19561.20000
   1137       6128.21900
   1138       2247.73400
   1139       8427.82800
   1140      11522.62000
   1141      10375.47000
   1142      18014.45000
   1143      35509.95000
   1144      43600.70000
   1145      28715.61000
   1146       3077.65600
   1147     -10718.45000
   1148      -6621.96900
   1149       3467.51600
   1150      10635.92000
   1151      17677.52000
   1152      23621.52000
   1153      15222.52000
   1154     -11572.66000
   1155     -34390.08000
   1156     -30194.88000
   1157     -10230.77000
   1158      -4775.00000
   1159     -18701.12000
   1160     -27670.97000
   1161     -15627.55000
   1162       7600.32800
   1163      25160.86000
   1164      30107.75000
   1165      23842.22000
   1166      10336.38000
   1167      -7801.45300
   1168     -29168.34000
   1169     -45021.16000
   1170     -39559.06000
   1171     -13290.11000
   1172       5806.37500
   1173      -4643.85900
   1174     -28183.66000
   1175     -31994.47000
   1176     -12658.62000
   1177       3596.37500
   1178       -607.85940
   1179     -16479.30000
   1180     -28248.36000
   1181     -31338.36000
   1182     -28839.84000
   1183     -24105.00000
   1184     -21705.64000
   1185     -25836.72000
   1186     -34149.73000
   1187     -40853.06000
   1188     -44659.98000
   1189     -46408.05000
   1190     -44570.94000
   1191     -39948.92000
   1192     -36245.97000
   1193     -33829.05000
   1194     -33254.78000
   1195     -39080.30000
   1196     -48652.88000
   1197     -50094.73000
   1198     -41626.14000
   1199     -34389.66000
   1200     -31180.98000
   1201     -24826.84000
   1202     -16895.94000
   1203     -15667.30000
   1204     -20207.62000
   1205     -24268.69000
   1206     -27045.95000
   1207     -27369.31000
   1208     -18022.02000
   1209       3026.64100
   1210      22453.80000
   1211      25145.03000
   1212      17872.06000
   1213      22088.72000
   1214      35330.86000
   1215      28255.44000
   1216      -1878.87500
   1217     -13330.77000
   1218      17252.81000
   1219      57224.44000
   1220      70686.62000
   1221      60771.78000
   1222      37439.78000
   1223      -2875.51600
   1224     -46052.05000
   1225     -60954.41000
   1226     -45401.11000
   1227     -27137.48000
   1228     -16913.58000
   1229      -2152.57800
   1230      16142.42000
   1231      19208.38000
   1232       2307.76600
   1233     -17400.34000
   1234     -24187.98000
   1235     -18552.39000
