      1     -44482.25000
      2     -25448.93000
      3      -2294.38900
      4      17044.15000
      5      31010.82000
      6      27885.27000
      7       3657.87300
      8     -21244.37000
      9     -29007.14000
     10     -27195.75000
     11     -28384.87000
     12     -34020.89000
     13     -43501.38000
     14     -48932.14000
     15     -29427.20000
     16      15207.47000
     17      44190.04000
     18      26909.12000
     19      -9622.99800
     20     -21300.92000
     21      -8867.88200
     22      -2942.21500
     23     -11386.36000
     24     -18319.22000
     25     -17223.43000
     26     -13814.70000
     27     -11516.25000
     28     -16767.24000
     29     -38171.92000
     30     -63602.19000
     31     -65523.46000
     32     -39333.17000
     33      -5780.12700
     34      23331.95000
     35      46329.74000
     36      52452.31000
     37      38984.95000
     38      25653.43000
     39      20272.81000
     40       2659.98000
     41     -30760.29000
     42     -47124.72000
     43     -27701.05000
     44       -782.97750
     45        464.22070
     46     -16908.99000
     47     -27131.70000
     48     -30135.62000
     49     -44929.83000
     50     -69123.01000
     51     -79219.40000
     52     -69853.89000
     53     -58486.79000
     54     -51944.02000
     55     -43098.61000
     56     -35825.50000
     57     -37062.65000
     58     -34491.98000
     59     -16710.28000
     60       -164.71000
     61      -3824.23000
     62     -16636.97000
     63     -19018.27000
     64     -16017.54000
     65     -23351.25000
     66     -38813.96000
     67     -49518.26000
     68     -52342.91000
     69     -50317.39000
     70     -41000.35000
     71     -23194.59000
     72      -8835.20400
     73     -15423.23000
     74     -43497.06000
     75     -68600.77000
     76     -68598.20000
     77     -56424.25000
     78     -61414.73000
     79     -76917.82000
     80     -65264.06000
     81     -24024.61000
     82       2138.12300
     83      -7823.93000
     84     -20889.67000
     85      -8837.00200
     86      13628.32000
     87      26880.67000
     88      34707.00000
     89      41329.04000
     90      40763.27000
     91      36639.50000
     92      39205.20000
     93      43086.02000
     94      35368.44000
     95      18794.17000
     96       4093.99000
     97      -8581.59000
     98     -21804.42000
     99     -30886.45000
    100     -35483.37000
    101     -41643.89000
    102     -44098.51000
    103     -30924.18000
    104     -10551.17000
    105      -5950.53500
    106     -18872.62000
    107     -27425.17000
    108     -20481.25000
    109      -8303.30500
    110        599.11130
    111       8825.71500
    112      16538.67000
    113      19044.52000
    114      18771.78000
    115      22422.04000
    116      25181.27000
    117      13231.47000
    118     -16005.90000
    119     -48854.95000
    120     -69649.22000
    121     -66966.11000
    122     -35958.85000
    123       4140.18800
    124      11972.64000
    125     -22929.76000
    126     -50818.62000
    127     -29169.42000
    128       7069.96500
    129      -2220.80700
    130     -47171.42000
    131     -68975.03000
    132     -52401.87000
    133     -32913.27000
    134     -29731.22000
    135     -30147.34000
    136     -27441.67000
    137     -27851.54000
    138     -29755.84000
    139     -25819.98000
    140     -14677.91000
    141       4361.32200
    142      30311.05000
    143      47091.22000
    144      35223.23000
    145       2844.96100
    146     -19105.00000
    147     -17683.08000
    148     -10367.95000
    149     -14166.68000
    150     -25551.55000
    151     -33285.45000
    152     -30148.37000
    153     -12384.55000
    154      14330.52000
    155      31670.10000
    156      25480.33000
    157       2485.27700
    158     -17555.99000
    159     -23008.73000
    160     -20965.82000
    161     -24984.11000
    162     -31461.51000
    163     -22893.69000
    164      -1185.45700
    165       9276.08200
    166       2961.78100
    167        889.82420
    168       5886.27300
    169      -6422.96900
    170     -42794.68000
    171     -79117.16000
    172     -94638.12000
    173     -87634.64000
    174     -65161.07000
    175     -40143.93000
    176     -24824.73000
    177     -17894.98000
    178     -14150.00000
    179     -19807.83000
    180     -36189.95000
    181     -43911.50000
    182     -27925.92000
    183      -3582.25400
    184       3306.03900
    185      -9502.63700
    186     -22611.04000
    187     -23334.46000
    188     -20015.11000
    189     -27722.04000
    190     -46341.21000
    191     -59065.89000
    192     -53864.75000
    193     -39292.74000
    194     -31575.07000
    195     -32337.81000
    196     -30653.71000
    197     -22227.14000
    198     -11225.59000
    199       2430.44900
    200      19722.83000
    201      30948.00000
    202      24939.98000
    203       6740.74200
    204      -7057.14800
    205      -7472.39100
    206      -2551.31600
    207      -9736.86700
    208     -34927.42000
    209     -58522.28000
    210     -55614.49000
    211     -29181.80000
    212      -4468.84400
    213       4753.63300
    214       3978.30100
    215       1092.34400
    216       1730.19500
    217      10166.05000
    218      19485.50000
    219      14264.98000
    220      -7539.88700
    221     -29348.56000
    222     -37985.71000
    223     -37702.29000
    224     -39443.72000
    225     -47294.61000
    226     -57370.22000
    227     -62141.46000
    228     -54426.14000
    229     -34545.10000
    230     -15264.84000
    231     -11715.02000
    232     -23683.79000
    233     -36472.59000
    234     -41041.23000
    235     -40028.91000
    236     -33158.84000
    237     -16633.64000
    238      -1057.66000
    239      -5579.24200
    240     -26160.55000
    241     -33347.53000
    242     -12439.59000
    243      14189.55000
    244      16042.00000
    245      -9991.27300
    246     -42106.01000
    247     -59423.15000
    248     -56127.36000
    249     -38202.32000
    250     -18082.12000
    251     -12038.52000
    252     -30528.32000
    253     -60776.03000
    254     -66964.92000
    255     -26160.13000
    256      35104.72000
    257      61686.07000
    258      36836.28000
    259       4466.56600
    260       5983.02000
    261      21294.00000
    262       6082.75400
    263     -35239.17000
    264     -59395.85000
    265     -54269.56000
    266     -49922.04000
    267     -62087.82000
    268     -68670.59000
    269     -48930.26000
    270     -15993.19000
    271       1278.16400
    272      -3744.19900
    273      -7532.28500
    274       9324.98000
    275      31181.74000
    276      28605.38000
    277        131.66800
    278     -31893.82000
    279     -55739.37000
    280     -72104.23000
    281     -73936.84000
    282     -53959.65000
    283     -24351.32000
    284      -7087.50400
    285      -9114.21100
    286     -19450.73000
    287     -25591.32000
    288     -23034.24000
    289     -10208.07000
    290      14496.53000
    291      41542.79000
    292      47472.89000
    293      21977.72000
    294      -9960.93000
    295     -16089.01000
    296       -545.09770
    297       4474.51200
    298     -14689.39000
    299     -40493.29000
    300     -57086.02000
    301     -67994.95000
    302     -72094.69000
    303     -50718.74000
    304      -4775.45300
    305      20627.69000
    306      -8727.46100
    307     -55096.67000
    308     -55812.81000
    309     -16814.40000
    310       1956.71100
    311     -17253.47000
    312     -33616.59000
    313     -23280.79000
    314     -12151.22000
    315     -27663.89000
    316     -58870.85000
    317     -74161.41000
    318     -60742.23000
    319     -36717.95000
    320     -23617.00000
    321     -18878.23000
    322     -12404.81000
    323     -13478.99000
    324     -30276.48000
    325     -41776.16000
    326     -28327.05000
    327     -10698.16000
    328     -19020.03000
    329     -42799.77000
    330     -48446.23000
    331     -27762.66000
    332       1903.82000
    333      26549.71000
    334      36474.62000
    335      19550.98000
    336     -16852.16000
    337     -36679.31000
    338     -19665.05000
    339       3482.55500
    340      -5987.90600
    341     -35932.86000
    342     -42783.51000
    343     -14674.25000
    344      17210.17000
    345      21048.65000
    346      -3513.03100
    347     -31142.11000
    348     -40423.48000
    349     -35280.84000
    350     -31550.80000
    351     -31266.50000
    352     -29018.43000
    353     -31305.55000
    354     -44769.31000
    355     -57443.96000
    356     -54877.27000
    357     -44209.44000
    358     -44762.21000
    359     -61548.45000
    360     -78004.09000
    361     -75540.27000
    362     -56553.45000
    363     -40462.41000
    364     -38290.20000
    365     -43672.79000
    366     -45086.74000
    367     -32251.58000
    368      -3345.19500
    369      20223.88000
    370       9927.82800
    371     -26877.73000
    372     -50828.46000
    373     -44778.35000
    374     -28444.38000
    375     -18060.80000
    376      -9723.41400
    377      -2848.03900
    378      -5561.49200
    379     -14642.66000
    380     -15302.35000
    381      -2085.71100
    382      15709.77000
    383      28278.56000
    384      32006.38000
    385      24141.21000
    386       4167.68800
    387     -18177.43000
    388     -28357.91000
    389     -23423.74000
    390     -13206.80000
    391      -4101.72700
    392       8565.25800
    393      27012.29000
    394      37177.74000
    395      20969.04000
    396     -15371.74000
    397     -40788.29000
    398     -37017.15000
    399     -19018.27000
    400      -8882.50800
    401     -11866.87000
    402     -24451.62000
    403     -38979.79000
    404     -38732.09000
    405     -17627.64000
    406       1098.36700
    407      -5840.23400
    408     -25211.67000
    409     -26447.53000
    410      -4435.64100
    411      18433.55000
    412      23572.88000
    413      13380.39000
    414        665.52340
    415      -6328.71900
    416      -5468.32800
    417       1782.62500
    418       6413.18800
    419      -1957.04700
    420     -17163.22000
    421     -22308.53000
    422     -16247.89000
    423      -9880.68800
    424        303.81250
    425      22286.52000
    426      40582.09000
    427      33936.29000
    428      11047.73000
    429      -2254.25000
    430       -305.49220
    431       2761.32800
    432       -446.34380
    433      -3218.14800
    434        696.79690
    435       6046.75000
    436       3481.25800
    437      -4858.60900
    438      -7622.21900
    439      -6625.64800
    440     -18924.70000
    441     -43827.62000
    442     -48789.05000
    443     -11922.48000
    444      37835.34000
    445      51237.48000
    446      20057.37000
    447     -17294.88000
    448     -25755.48000
    449      -6934.60200
    450      15011.16000
    451      25611.55000
    452      33312.25000
    453      47596.45000
    454      50605.77000
    455      16915.72000
    456     -34091.71000
    457     -47026.26000
    458      -6571.62500
    459      40252.82000
    460      55649.27000
    461      57303.09000
    462      71374.91000
    463      86163.30000
    464      80397.69000
    465      63537.52000
    466      60159.21000
    467      75788.78000
    468      97744.55000
    469     114826.40000
    470     124062.60000
    471     131504.60000
    472     150299.30000
    473     179634.60000
    474     191365.00000
    475     164935.90000
    476     126099.80000
    477     116522.40000
    478     137432.30000
    479     160329.80000
    480     174935.50000
    481     188270.90000
    482     195681.10000
    483     191668.30000
    484     195347.60000
    485     232547.70000
    486     298528.80000
    487     357336.20000
    488     379907.80000
    489     377013.20000
    490     390563.90000
    491     448901.10000
    492     536973.30000
    493     620623.60000
    494     691721.60000
    495     778325.50000
    496     915823.60000
    497    1115290.00000
    498    1356430.00000
    499    1621333.00000
    500    1944228.00000
    501    2407671.00000
    502    3082008.00000
    503    4014499.00000
    504    5281936.00000
    505    6922488.00000
    506    8704525.00000
    507    10057070.00000
    508    10414040.00000
    509    9663468.00000
    510    8195684.00000
    511    6548376.00000
    512    5081540.00000
    513    3924006.00000
    514    3065889.00000
    515    2439769.00000
    516    1973479.00000
    517    1620333.00000
    518    1353313.00000
    519    1151024.00000
    520    1000999.00000
    521     898617.20000
    522     828628.10000
    523     762177.80000
    524     682059.50000
    525     599832.20000
    526     536102.80000
    527     489106.90000
    528     437706.30000
    529     377615.10000
    530     334196.80000
    531     322598.70000
    532     315569.10000
    533     279149.80000
    534     226009.50000
    535     199036.70000
    536     207745.40000
    537     216789.40000
    538     202063.60000
    539     185321.90000
    540     195262.00000
    541     218741.30000
    542     219628.70000
    543     193536.20000
    544     170663.30000
    545     167438.50000
    546     168213.60000
    547     157135.20000
    548     139265.10000
    549     125637.90000
    550     119702.70000
    551     122076.90000
    552     131655.80000
    553     139217.30000
    554     132566.50000
    555     111123.10000
    556      86360.32000
    557      66690.24000
    558      53024.24000
    559      50081.80000
    560      64496.29000
    561      86138.77000
    562      91168.01000
    563      72158.07000
    564      47493.05000
    565      35573.73000
    566      36879.19000
    567      43221.10000
    568      48530.48000
    569      50324.33000
    570      51464.04000
    571      57055.30000
    572      64668.12000
    573      67069.23000
    574      66445.66000
    575      69602.11000
    576      66778.09000
    577      39894.23000
    578        553.35940
    579     -10657.98000
    580      18706.40000
    581      48580.72000
    582      44914.41000
    583      28713.09000
    584      32743.46000
    585      42615.09000
    586      24663.26000
    587     -11136.95000
    588     -21649.27000
    589       6439.09400
    590      41690.59000
    591      53173.34000
    592      41798.89000
    593      25297.57000
    594      14689.82000
    595      12380.27000
    596      18421.41000
    597      28694.02000
    598      33226.69000
    599      24690.72000
    600       7783.78100
    601      -4459.98400
    602      -3225.36700
    603       9803.62500
    604      26157.42000
    605      36576.34000
    606      36184.89000
    607      28764.31000
    608      24431.30000
    609      30376.31000
    610      43923.64000
    611      54149.52000
    612      53014.80000
    613      49712.78000
    614      64122.55000
    615      93851.47000
    616     105374.20000
    617      78727.12000
    618      38649.80000
    619      16839.59000
    620      11398.39000
    621       8871.09400
    622      14328.47000
    623      33895.06000
    624      55346.92000
    625      65297.83000
    626      64220.78000
    627      56572.08000
    628      44753.44000
    629      35833.59000
    630      39546.25000
    631      55701.14000
    632      70848.72000
    633      72947.98000
    634      67566.11000
    635      69402.17000
    636      76540.25000
    637      70330.64000
    638      47201.58000
    639      30197.98000
    640      39917.83000
    641      72182.97000
    642     109072.40000
    643     133707.50000
    644     135227.10000
    645     119857.90000
    646     110727.40000
    647     114869.20000
    648     105309.90000
    649      63823.14000
    650      20011.53000
    651      11299.56000
    652      26838.09000
    653      31181.77000
    654      20268.77000
    655      13777.16000
    656      14891.08000
    657      14565.86000
    658      15487.92000
    659      23040.73000
    660      29104.17000
    661      24079.70000
    662      12997.28000
    663      10010.23000
    664      23453.17000
    665      47244.47000
    666      65383.19000
    667      68294.44000
    668      60504.53000
    669      46386.17000
    670      21181.27000
    671     -12234.69000
    672     -33952.77000
    673     -31651.00000
    674     -20029.80000
    675     -18186.25000
    676     -23310.58000
    677     -23469.88000
    678     -16989.19000
    679      -1966.43800
    680      28512.17000
    681      62207.00000
    682      68713.58000
    683      43656.44000
    684      20265.59000
    685      21190.70000
    686      32862.22000
    687      38333.05000
    688      39475.20000
    689      39376.72000
    690      35520.41000
    691      33545.77000
    692      41849.19000
    693      56227.78000
    694      68713.95000
    695      80855.95000
    696      93051.02000
    697      93556.72000
    698      72015.03000
    699      36205.91000
    700       7582.26600
    701       2282.57800
    702      18057.22000
    703      40422.58000
    704      60801.45000
    705      79905.42000
    706      91770.00000
    707      83086.73000
    708      57029.30000
    709      36415.12000
    710      30924.11000
    711      25348.89000
    712      13623.69000
    713      13506.36000
    714      28869.00000
    715      33330.77000
    716      17830.25000
    717      16523.06000
    718      52146.91000
    719      92046.17000
    720      95727.86000
    721      74418.75000
    722      66872.23000
    723      82579.00000
    724     101538.20000
    725     111073.50000
    726     114835.10000
    727     113682.90000
    728      98916.78000
    729      70640.02000
    730      50719.33000
    731      58298.12000
    732      76389.56000
    733      71018.94000
    734      43286.70000
    735      27189.44000
    736      36102.80000
    737      50203.62000
    738      55422.22000
    739      57466.56000
    740      59256.14000
    741      54198.92000
    742      38503.25000
    743      14403.81000
    744      -9339.64100
    745     -14338.17000
    746      13944.64000
    747      63128.84000
    748      96811.97000
    749      88575.41000
    750      51378.47000
    751      26462.09000
    752      36319.25000
    753      55517.89000
    754      42145.64000
    755      -7299.39100
    756     -52529.50000
    757     -57329.42000
    758     -28088.61000
    759      -1306.29700
    760       1645.48400
    761       -721.18750
    762      19028.98000
    763      49082.81000
    764      49729.69000
    765      15066.98000
    766     -11654.25000
    767       4043.48400
    768      45182.06000
    769      70188.59000
    770      57678.77000
    771      17285.88000
    772     -23884.50000
    773     -40805.88000
    774     -29967.44000
    775     -10213.12000
    776        792.26560
    777       3863.82800
    778       9479.79700
    779      24028.88000
    780      49688.75000
    781      83674.67000
    782     109320.80000
    783     102453.70000
    784      61786.77000
    785      21479.64000
    786      13876.58000
    787      28600.86000
    788      31449.94000
    789      14981.66000
    790       1479.40600
    791       1029.35900
    792      -2005.09400
    793     -18125.05000
    794     -33112.28000
    795     -26488.33000
    796       2905.03100
    797      33515.22000
    798      39674.77000
    799      15274.72000
    800     -19665.61000
    801     -39387.05000
    802     -38056.62000
    803     -28059.08000
    804     -15464.11000
    805       6086.79700
    806      30564.86000
    807      32059.53000
    808       2709.53100
    809     -24145.06000
    810     -17853.81000
    811       3858.92200
    812       7804.96900
    813       1134.95300
    814      13400.70000
    815      41241.11000
    816      52071.66000
    817      30974.64000
    818      -6429.50000
    819     -34521.66000
    820     -32085.97000
    821       3250.35900
    822      42017.31000
    823      49903.38000
    824      32725.48000
    825      23345.42000
    826      27744.66000
    827      25942.84000
    828      20489.25000
    829      33670.75000
    830      58075.91000
    831      58225.97000
    832      23847.75000
    833     -16617.72000
    834     -36457.06000
    835     -36535.78000
    836     -31255.83000
    837     -27030.45000
    838     -18948.19000
    839      -4552.93800
    840       6504.37500
    841       5198.78100
    842      -4370.98400
    843     -18085.86000
    844     -39054.55000
    845     -57138.20000
    846     -51057.05000
    847     -27303.03000
    848     -18702.33000
    849     -31187.14000
    850     -36253.27000
    851     -23088.95000
    852      -9561.84400
    853      -1121.06200
    854      10559.59000
    855      13367.62000
    856      -9920.34400
    857     -37661.06000
    858     -28979.03000
    859      13458.31000
    860      41575.88000
    861      26256.41000
    862     -10132.55000
    863     -31089.73000
    864     -23817.36000
    865       7913.76600
    866      53783.83000
    867      87101.45000
    868      79430.81000
    869      39551.78000
    870       6862.67200
    871       -780.09380
    872       -158.85940
    873      -3124.75000
    874      -1085.06200
    875       6381.00000
    876       -129.57810
    877     -29422.95000
    878     -55526.83000
    879     -44584.72000
    880      -4277.82800
    881      18944.53000
    882       2914.01600
    883     -20890.62000
    884     -20317.34000
    885      -8231.01600
    886      -9546.90600
    887     -19268.47000
    888     -21699.66000
    889     -19697.34000
    890     -20198.36000
    891     -18156.55000
    892     -15623.31000
    893     -31074.27000
    894     -65432.38000
    895     -80026.09000
    896     -39700.80000
    897      32281.30000
    898      74536.58000
    899      59572.06000
    900      17179.22000
    901     -12643.22000
    902     -22920.78000
    903     -29502.33000
    904     -36412.31000
    905     -28879.84000
    906      -4172.96900
    907       9430.60900
    908     -12934.70000
    909     -52023.14000
    910     -66917.27000
    911     -48076.62000
    912     -20475.64000
    913      -5212.01600
    914      -1485.78100
    915       1846.15600
    916      10454.53000
    917      16447.27000
    918       7265.03100
    919     -13335.02000
    920     -24362.94000
    921     -12406.06000
    922      13439.94000
    923      30708.22000
    924      20181.44000
    925     -17001.19000
    926     -52378.62000
    927     -56274.42000
    928     -34563.72000
    929     -18444.39000
    930     -17341.70000
    931     -12723.75000
    932      -1897.04700
    933      -8456.09400
    934     -35152.70000
    935     -45937.66000
    936     -18640.56000
    937      18245.89000
    938      27283.67000
    939      12111.41000
    940       -750.42190
    941      -7509.78100
    942     -25424.34000
    943     -54939.91000
    944     -69607.52000
    945     -51571.95000
    946     -21976.27000
    947     -17987.52000
    948     -43275.69000
    949     -62432.45000
    950     -48566.45000
    951     -15504.08000
    952       5665.59400
    953       3891.73400
    954     -10194.69000
    955     -26305.20000
    956     -40873.83000
    957     -47120.42000
    958     -38639.03000
    959     -26496.09000
    960     -32946.77000
    961     -58206.02000
    962     -71759.98000
    963     -51926.42000
    964     -18342.09000
    965      -6456.84400
    966     -21224.61000
    967     -35646.84000
    968     -28652.95000
    969      -7403.89100
    970       3549.90600
    971     -14375.61000
    972     -53500.52000
    973     -81277.11000
    974     -75624.61000
    975     -51817.62000
    976     -34603.02000
    977     -23686.58000
    978     -14601.83000
    979     -22682.50000
    980     -50426.48000
    981     -65541.75000
    982     -47715.30000
    983     -22577.50000
    984     -19942.91000
    985     -31669.61000
    986     -33162.56000
    987     -18118.70000
    988       3341.95300
    989      20774.02000
    990      27079.27000
    991      17352.80000
    992      -6882.73400
    993     -34606.45000
    994     -52684.08000
    995     -56981.47000
    996     -51298.48000
    997     -39902.88000
    998     -29507.97000
    999     -28418.72000
   1000     -32648.52000
   1001     -26505.59000
   1002      -7470.75000
   1003       5648.51600
   1004      -2690.31200
   1005     -26353.11000
   1006     -46619.44000
   1007     -50138.38000
   1008     -39508.58000
   1009     -30022.06000
   1010     -31366.64000
   1011     -35000.91000
   1012     -26561.55000
   1013      -6014.50000
   1014      10697.19000
   1015       8628.62500
   1016      -9130.79700
   1017     -23376.86000
   1018     -20119.05000
   1019      -3303.07800
   1020      14462.92000
   1021      19541.41000
   1022       -552.68750
   1023     -38093.97000
   1024     -55945.30000
   1025     -29805.38000
   1026      12055.95000
   1027      25435.31000
   1028       8624.95300
   1029      -9752.71900
   1030     -16513.17000
   1031     -12664.92000
   1032       6628.34400
   1033      37235.22000
   1034      53301.55000
   1035      35682.56000
   1036      -4374.17200
   1037     -44859.30000
   1038     -76436.08000
   1039     -95344.47000
   1040     -93354.72000
   1041     -70277.69000
   1042     -44743.42000
   1043     -37420.69000
   1044     -45686.83000
   1045     -46720.47000
   1046     -28176.72000
   1047      -5773.95300
   1048      -3809.46900
   1049     -25028.69000
   1050     -47780.19000
   1051     -49166.97000
   1052     -26247.42000
   1053       1839.64100
   1054      10360.42000
   1055      -8019.42200
   1056     -36341.67000
   1057     -53758.42000
   1058     -56848.58000
   1059     -51328.50000
   1060     -33181.48000
   1061         68.28125
   1062      24177.53000
   1063       5469.07800
   1064     -49009.80000
   1065     -87425.78000
   1066     -74306.30000
   1067     -32185.78000
   1068      -6940.51600
   1069     -13216.89000
   1070     -29934.77000
   1071     -31954.16000
   1072     -10838.20000
   1073      23648.94000
   1074      52170.30000
   1075      61614.17000
   1076      54327.39000
   1077      38028.56000
   1078      14309.89000
   1079     -14073.06000
   1080     -32992.56000
   1081     -28141.62000
   1082      -6878.21900
   1083       3774.18800
   1084     -10374.20000
   1085     -29388.12000
   1086     -25686.89000
   1087      -3045.03100
   1088      13502.55000
   1089      17001.44000
   1090      19460.75000
   1091      23118.34000
   1092      20671.00000
   1093      14272.83000
   1094       9882.40600
   1095       4535.18800
   1096      -6744.53100
   1097     -25080.98000
   1098     -49745.22000
   1099     -69867.19000
   1100     -66538.70000
   1101     -40660.20000
   1102     -18102.03000
   1103     -12270.69000
   1104      -8415.81200
   1105       3413.31200
   1106       9745.68800
   1107      -1452.56200
   1108     -21507.73000
   1109     -35282.44000
   1110     -39279.66000
   1111     -39639.36000
   1112     -38658.33000
   1113     -28957.97000
   1114      -6324.48400
   1115      14646.45000
   1116      12333.97000
   1117     -11080.75000
   1118     -28744.77000
   1119     -26151.78000
   1120     -17275.36000
   1121     -13653.95000
   1122      -4294.48400
   1123      16337.09000
   1124      28948.64000
   1125      19604.53000
   1126       1894.54700
   1127      -9511.14100
   1128     -18648.75000
   1129     -28094.70000
   1130     -30065.78000
   1131     -25295.33000
   1132     -22108.42000
   1133     -18351.20000
   1134     -10598.00000
   1135      -9543.87500
   1136     -22162.22000
   1137     -35517.47000
   1138     -35316.08000
   1139     -21480.02000
   1140       -908.67190
   1141      11749.03000
   1142      -3300.39100
   1143     -37993.28000
   1144     -49897.20000
   1145     -23458.47000
   1146      -1677.34400
   1147     -17104.80000
   1148     -39567.33000
   1149     -37768.36000
   1150     -37132.44000
   1151     -65129.22000
   1152     -92327.31000
   1153     -78888.81000
   1154     -36684.84000
   1155      -6182.65600
   1156      -5279.00000
   1157     -25175.25000
   1158     -49066.72000
   1159     -60029.84000
   1160     -47269.31000
   1161     -13047.30000
   1162      28184.83000
   1163      56348.83000
   1164      57893.31000
   1165      38848.50000
   1166      18638.09000
   1167       8139.79700
   1168       4000.10900
   1169       2671.75000
   1170       5902.01600
   1171      11746.84000
   1172      11221.47000
   1173      -2622.20300
   1174     -24674.12000
   1175     -41061.55000
   1176     -46942.84000
   1177     -53429.16000
   1178     -64765.55000
   1179     -60440.92000
   1180     -24032.91000
   1181      19758.45000
   1182      28114.20000
   1183      -3286.07800
   1184     -36133.72000
   1185     -40731.20000
   1186     -24958.91000
   1187     -13822.41000
   1188     -22695.58000
   1189     -49529.30000
   1190     -76097.28000
   1191     -79149.27000
   1192     -52595.12000
   1193     -17047.59000
   1194       -536.29690
   1195     -10531.11000
   1196     -29229.50000
   1197     -37712.97000
   1198     -39222.66000
   1199     -47659.47000
   1200     -56682.50000
   1201     -42503.97000
   1202      -3063.06200
   1203      28845.94000
   1204      23917.47000
   1205      -9593.64100
   1206     -40387.86000
   1207     -49302.48000
   1208     -41747.33000
   1209     -33617.62000
   1210     -32407.83000
   1211     -32952.22000
   1212     -31044.05000
   1213     -32364.98000
   1214     -38292.66000
   1215     -34385.88000
   1216     -13003.80000
   1217       3473.21900
   1218     -10807.28000
   1219     -43422.28000
   1220     -57699.44000
   1221     -42534.88000
   1222     -20228.98000
   1223     -11051.03000
   1224     -14937.92000
   1225     -22548.41000
   1226     -25120.69000
   1227     -18526.56000
   1228      -9776.73400
   1229     -12886.28000
   1230     -31288.83000
   1231     -51248.98000
   1232     -57536.16000
   1233     -48838.59000
   1234     -31972.09000
   1235      -9402.34400
