      1     -17194.54000
      2     -21407.45000
      3     -15655.97000
      4       2311.99400
      5      16875.34000
      6      16832.77000
      7       6249.40000
      8      -7138.53900
      9     -19214.98000
     10     -23679.10000
     11     -16069.38000
     12      -8264.97700
     13     -20592.48000
     14     -52357.38000
     15     -78584.57000
     16     -83783.35000
     17     -80962.20000
     18     -88184.48000
     19    -101657.60000
     20    -100712.90000
     21     -71480.07000
     22     -22453.29000
     23      20863.55000
     24      38027.12000
     25      29793.27000
     26      11026.49000
     27      -4623.32400
     28     -10157.04000
     29      -5960.91600
     30       1421.36300
     31       5917.20700
     32       3832.67800
     33     -10069.51000
     34     -33992.51000
     35     -49104.07000
     36     -37828.98000
     37     -10313.79000
     38       4145.45700
     39     -11942.23000
     40     -50013.08000
     41     -82086.39000
     42     -81855.52000
     43     -53014.70000
     44     -28661.48000
     45     -26391.95000
     46     -21079.70000
     47      14817.42000
     48      61961.02000
     49      73037.55000
     50      32096.21000
     51     -28279.89000
     52     -65623.77000
     53     -67140.48000
     54     -52004.45000
     55     -45167.08000
     56     -51132.42000
     57     -52618.89000
     58     -36869.80000
     59     -15818.05000
     60     -10187.83000
     61     -22268.02000
     62     -38674.80000
     63     -49093.23000
     64     -46296.20000
     65     -22649.99000
     66      13767.39000
     67      34030.55000
     68      19296.26000
     69     -16306.42000
     70     -47905.39000
     71     -66216.36000
     72     -67560.70000
     73     -43144.14000
     74       -957.86230
     75      25410.76000
     76      16364.95000
     77      -5203.92500
     78     -10287.99000
     79      -6955.48800
     80     -19006.96000
     81     -41414.64000
     82     -46214.77000
     83     -21374.80000
     84      15902.45000
     85      35737.11000
     86      18792.73000
     87     -23641.71000
     88     -55206.65000
     89     -56739.02000
     90     -51892.02000
     91     -67824.68000
     92     -88912.24000
     93     -82416.24000
     94     -53591.30000
     95     -36821.71000
     96     -43607.34000
     97     -56819.27000
     98     -66792.18000
     99     -77154.93000
    100     -81202.77000
    101     -65299.24000
    102     -34070.80000
    103      -9292.46100
    104      -5934.83600
    105     -21608.37000
    106     -42056.96000
    107     -49387.15000
    108     -36780.90000
    109     -19298.02000
    110     -16589.68000
    111     -26272.96000
    112     -32372.90000
    113     -35431.21000
    114     -48509.15000
    115     -65227.87000
    116     -60615.87000
    117     -28517.43000
    118       5705.91200
    119      16103.19000
    120        772.40970
    121     -28442.99000
    122     -61376.84000
    123     -84331.81000
    124     -76216.43000
    125     -30851.06000
    126      20232.79000
    127      30476.85000
    128      -9467.96500
    129     -60993.68000
    130     -83792.28000
    131     -72339.03000
    132     -44754.71000
    133     -21622.31000
    134     -17773.12000
    135     -31176.81000
    136     -42127.03000
    137     -38684.34000
    138     -27834.88000
    139     -12316.19000
    140      11083.91000
    141      22738.22000
    142      -4343.34200
    143     -51816.78000
    144     -69600.19000
    145     -48609.88000
    146     -28128.34000
    147     -29493.34000
    148     -34513.06000
    149     -30615.94000
    150     -29815.09000
    151     -39720.78000
    152     -50179.60000
    153     -50776.94000
    154     -41702.84000
    155     -29848.47000
    156     -24001.29000
    157     -26535.00000
    158     -27224.63000
    159     -16351.97000
    160      -2184.06700
    161        273.31270
    162      -5079.68800
    163      -2277.56400
    164       6588.18500
    165       4672.37400
    166      -4892.03300
    167       1758.24700
    168      28490.43000
    169      46820.03000
    170      33211.96000
    171      -2462.12800
    172     -30236.50000
    173     -29051.82000
    174      -7655.84800
    175      -1331.34900
    176     -31203.07000
    177     -70393.35000
    178     -78770.48000
    179     -61141.76000
    180     -51937.45000
    181     -56505.38000
    182     -52474.54000
    183     -34796.75000
    184     -16464.82000
    185        169.24410
    186      18377.71000
    187      30866.50000
    188      30798.59000
    189      20945.62000
    190       3745.08600
    191     -18051.57000
    192     -34437.66000
    193     -40169.70000
    194     -42082.41000
    195     -43817.76000
    196     -43061.63000
    197     -47421.41000
    198     -66286.70000
    199     -87459.98000
    200     -88679.91000
    201     -67430.10000
    202     -37852.17000
    203     -10572.29000
    204       4383.11700
    205      -6695.47800
    206     -40239.66000
    207     -66797.01000
    208     -64680.51000
    209     -46587.95000
    210     -33922.61000
    211     -23712.39000
    212      -3085.10400
    213      21393.55000
    214      32250.11000
    215      23099.33000
    216      -4857.95000
    217     -48046.11000
    218     -88061.73000
    219     -96574.92000
    220     -66165.67000
    221     -19872.64000
    222      12767.89000
    223      16425.42000
    224      -4650.10800
    225     -29551.11000
    226     -41082.17000
    227     -46570.14000
    228     -58227.48000
    229     -60730.04000
    230     -32501.48000
    231       9265.26800
    232      25913.11000
    233      13408.24000
    234        175.14260
    235      -4381.10900
    236     -18652.08000
    237     -47454.20000
    238     -67226.39000
    239     -59860.95000
    240     -40417.61000
    241     -38602.95000
    242     -58616.05000
    243     -73109.70000
    244     -63046.20000
    245     -44469.27000
    246     -39854.27000
    247     -44417.80000
    248     -40494.67000
    249     -24425.83000
    250      -4427.29900
    251       8912.69900
    252       7791.23000
    253       1567.79700
    254      10619.02000
    255      28228.45000
    256      22222.83000
    257      -7527.42600
    258     -21332.05000
    259      -9399.14600
    260     -13732.93000
    261     -56175.08000
    262     -95243.48000
    263     -83502.48000
    264     -33432.24000
    265        982.63480
    266      -7177.67800
    267     -31346.02000
    268     -34507.24000
    269     -16034.15000
    270       -358.86330
    271       1669.66600
    272      -2751.36500
    273      -5884.83600
    274      -1337.27300
    275      13319.41000
    276      23215.32000
    277       8657.25400
    278     -21739.34000
    279     -36972.36000
    280     -25395.80000
    281      -4796.05100
    282       7146.04100
    283       8422.82200
    284       2232.94500
    285      -8197.52300
    286     -16289.37000
    287     -16127.08000
    288      -8450.58400
    289          0.88477
    290      -1280.27300
    291     -20892.18000
    292     -51561.15000
    293     -68099.05000
    294     -54318.00000
    295     -27649.52000
    296     -19031.30000
    297     -30977.74000
    298     -36847.74000
    299     -23948.06000
    300     -12883.68000
    301     -22187.78000
    302     -36905.97000
    303     -33350.50000
    304     -18189.06000
    305     -16612.81000
    306     -32706.31000
    307     -48419.43000
    308     -53037.19000
    309     -49357.16000
    310     -40264.12000
    311     -29635.88000
    312     -23081.22000
    313     -15037.96000
    314       3162.68900
    315      17884.28000
    316       8048.87500
    317     -14691.62000
    318     -20408.41000
    319      -9601.15800
    320      -4140.56600
    321      -2813.80700
    322       5512.25400
    323       2252.41000
    324     -34192.09000
    325     -76855.34000
    326     -76656.50000
    327     -33261.94000
    328       3508.68800
    329       1081.75400
    330     -21162.31000
    331     -29104.75000
    332     -18909.97000
    333      -9622.09400
    334      -8754.75000
    335     -10178.12000
    336     -18305.50000
    337     -42306.10000
    338     -66912.75000
    339     -63777.25000
    340     -33727.38000
    341      -5078.12500
    342       7047.84000
    343       6934.34000
    344      -5186.84800
    345     -28650.82000
    346     -48711.88000
    347     -56877.31000
    348     -65404.00000
    349     -76204.88000
    350     -63064.19000
    351     -14335.29000
    352      32335.09000
    353      32840.90000
    354      -2908.60200
    355     -28464.47000
    356     -27761.04000
    357     -25698.97000
    358     -35939.13000
    359     -41513.13000
    360     -31860.66000
    361     -20555.13000
    362     -20851.98000
    363     -33713.89000
    364     -56236.94000
    365     -76486.47000
    366     -74141.97000
    367     -48516.10000
    368     -27191.91000
    369     -30030.32000
    370     -45683.41000
    371     -54827.13000
    372     -54895.29000
    373     -52548.38000
    374     -47486.79000
    375     -33893.88000
    376     -13227.95000
    377       1410.43000
    378      -1616.57000
    379     -16318.41000
    380     -24147.73000
    381     -16494.04000
    382      -4655.19100
    383      -5176.19900
    384     -22604.88000
    385     -48429.89000
    386     -68485.29000
    387     -68739.77000
    388     -46508.98000
    389     -21432.22000
    390     -18726.67000
    391     -35754.16000
    392     -46069.73000
    393     -40256.85000
    394     -33380.27000
    395     -29289.11000
    396     -14581.08000
    397       7384.14500
    398      14621.87000
    399       4743.35900
    400       -125.94920
    401       8975.26600
    402      16115.52000
    403       9112.91800
    404      -6025.51600
    405     -20652.49000
    406     -30834.33000
    407     -29026.39000
    408      -8086.22700
    409      23557.27000
    410      44302.93000
    411      39479.30000
    412      13985.33000
    413     -13819.95000
    414     -29233.26000
    415     -32154.63000
    416     -27941.17000
    417     -13601.45000
    418       9769.70300
    419      18752.18000
    420      -6817.36300
    421     -43537.27000
    422     -47549.05000
    423     -17382.95000
    424       6929.70700
    425       5897.35900
    426       -680.41800
    427       3306.66800
    428       8607.76600
    429       4392.60500
    430      -7058.29700
    431     -19452.59000
    432     -28176.24000
    433     -31925.64000
    434     -34436.80000
    435     -33944.58000
    436     -18425.93000
    437       9863.16800
    438      23182.38000
    439       5598.85500
    440     -21183.06000
    441     -32328.52000
    442     -31827.17000
    443     -30484.40000
    444     -23258.55000
    445      -6839.14800
    446       7221.94900
    447      12245.41000
    448      18890.32000
    449      35601.42000
    450      48450.02000
    451      34937.54000
    452      -2621.73400
    453     -32554.71000
    454     -29933.17000
    455      -3579.96100
    456      20312.39000
    457      24915.80000
    458      11530.32000
    459       2284.29700
    460      27683.26000
    461      87106.98000
    462     134884.20000
    463     132595.90000
    464      96828.44000
    465      71129.66000
    466      72344.31000
    467      85974.73000
    468      92665.81000
    469      83772.34000
    470      68454.82000
    471      70432.66000
    472     101082.20000
    473     138627.20000
    474     152768.80000
    475     141913.60000
    476     126225.50000
    477     114128.80000
    478      99023.75000
    479      83609.66000
    480      84668.06000
    481     113455.30000
    482     164171.40000
    483     220120.80000
    484     262401.40000
    485     276902.30000
    486     264446.80000
    487     245154.70000
    488     246458.90000
    489     281188.50000
    490     337964.20000
    491     396276.60000
    492     448609.00000
    493     503307.80000
    494     569540.60000
    495     650231.60000
    496     748944.40000
    497     876486.90000
    498    1050625.00000
    499    1292558.00000
    500    1619220.00000
    501    2040888.00000
    502    2573172.00000
    503    3238324.00000
    504    4029517.00000
    505    4865850.00000
    506    5594387.00000
    507    6045628.00000
    508    6107598.00000
    509    5781816.00000
    510    5183598.00000
    511    4472850.00000
    512    3770424.00000
    513    3134819.00000
    514    2593347.00000
    515    2164195.00000
    516    1848969.00000
    517    1623366.00000
    518    1445472.00000
    519    1283755.00000
    520    1140906.00000
    521    1034656.00000
    522     954273.20000
    523     868128.90000
    524     776497.80000
    525     713556.40000
    526     689553.90000
    527     673183.40000
    528     635908.10000
    529     576693.40000
    530     505138.50000
    531     431211.20000
    532     367407.80000
    533     322876.60000
    534     302143.60000
    535     309414.20000
    536     338126.70000
    537     365342.20000
    538     374655.90000
    539     371261.20000
    540     363246.60000
    541     350904.10000
    542     342005.40000
    543     348066.80000
    544     357917.20000
    545     344247.40000
    546     303256.80000
    547     263090.90000
    548     249140.60000
    549     261802.70000
    550     288707.70000
    551     316966.70000
    552     329994.40000
    553     313563.40000
    554     276879.40000
    555     253183.60000
    556     262612.30000
    557     283218.40000
    558     280963.50000
    559     262316.70000
    560     264279.80000
    561     292578.50000
    562     313108.00000
    563     311864.20000
    564     312331.40000
    565     322131.60000
    566     320106.50000
    567     310562.70000
    568     329697.60000
    569     382200.50000
    570     428418.70000
    571     445764.60000
    572     451629.60000
    573     461221.30000
    574     470232.60000
    575     482436.70000
    576     515836.60000
    577     578439.80000
    578     662159.60000
    579     757523.10000
    580     855592.30000
    581     941982.20000
    582    1007823.00000
    583    1063410.00000
    584    1123550.00000
    585    1180842.00000
    586    1211172.00000
    587    1205376.00000
    588    1177619.00000
    589    1140893.00000
    590    1090653.00000
    591    1015815.00000
    592     914115.10000
    593     794366.60000
    594     673948.70000
    595     578134.40000
    596     528758.00000
    597     516957.10000
    598     496277.50000
    599     430838.80000
    600     347074.40000
    601     302959.40000
    602     307124.20000
    603     309913.90000
    604     276940.90000
    605     228044.60000
    606     195225.40000
    607     179842.40000
    608     165340.60000
    609     146883.00000
    610     132501.00000
    611     126587.00000
    612     125733.10000
    613     126880.90000
    614     127969.10000
    615     123190.40000
    616     110015.70000
    617      96348.52000
    618      87881.07000
    619      78396.41000
    620      65753.23000
    621      60334.55000
    622      64448.48000
    623      65704.62000
    624      61071.20000
    625      60745.82000
    626      62360.41000
    627      51870.93000
    628      32837.92000
    629      24657.92000
    630      32156.41000
    631      43934.26000
    632      56178.45000
    633      72915.41000
    634      88526.63000
    635      92213.53000
    636      85467.66000
    637      78410.56000
    638      74457.83000
    639      71871.72000
    640      71732.56000
    641      69982.91000
    642      53672.59000
    643      24736.55000
    644      13672.22000
    645      43106.02000
    646      88931.48000
    647     105694.60000
    648      81018.13000
    649      40559.59000
    650      10533.38000
    651      -4368.47700
    652     -14015.48000
    653     -22543.62000
    654     -11650.45000
    655      41267.00000
    656     117702.70000
    657     160508.80000
    658     140575.10000
    659      88586.82000
    660      44588.20000
    661      15606.09000
    662        540.92190
    663      14346.13000
    664      60031.91000
    665     105151.00000
    666     115070.40000
    667      97081.44000
    668      88004.52000
    669     103073.80000
    670     120859.10000
    671     119402.10000
    672     101737.80000
    673      80328.69000
    674      61952.48000
    675      54811.82000
    676      65117.78000
    677      79577.91000
    678      74216.53000
    679      47178.22000
    680      24085.91000
    681      26797.94000
    682      53083.30000
    683      88275.39000
    684     118799.70000
    685     130587.90000
    686     113608.30000
    687      76853.05000
    688      44716.84000
    689      32747.37000
    690      38608.48000
    691      54577.24000
    692      71820.56000
    693      78702.09000
    694      76071.62000
    695      84691.92000
    696     113239.30000
    697     131533.20000
    698     106256.10000
    699      54354.27000
    700      27982.17000
    701      47427.37000
    702      78555.12000
    703      81584.04000
    704      57848.73000
    705      37951.51000
    706      40499.88000
    707      56328.84000
    708      66161.40000
    709      61761.50000
    710      48709.87000
    711      35681.57000
    712      26973.74000
    713      24638.35000
    714      31431.95000
    715      47293.98000
    716      65610.09000
    717      76602.46000
    718      75188.82000
    719      65841.03000
    720      58295.13000
    721      56100.16000
    722      53871.37000
    723      51208.05000
    724      57707.77000
    725      71146.83000
    726      67070.44000
    727      32477.97000
    728      -7377.91400
    729     -22604.03000
    730     -19987.80000
    731     -21214.02000
    732     -21593.01000
    733      -5435.61700
    734      15461.78000
    735      15141.71000
    736      -3861.28100
    737     -13106.02000
    738      -2128.64100
    739       7187.11700
    740      -3826.69500
    741     -23046.77000
    742     -28598.35000
    743     -19012.64000
    744      -5963.97700
    745       6453.08600
    746      18221.51000
    747      24281.21000
    748      23574.97000
    749      24213.01000
    750      30861.66000
    751      37786.93000
    752      37723.88000
    753      30190.08000
    754      20598.95000
    755      14601.58000
    756      14068.38000
    757      18920.44000
    758      26368.71000
    759      24618.27000
    760       1960.54700
    761     -30277.46000
    762     -43121.62000
    763     -24941.88000
    764       8040.14100
    765      33709.86000
    766      37528.59000
    767      17084.77000
    768      -8220.68000
    769     -12820.73000
    770      -3579.85900
    771     -12139.19000
    772     -38405.48000
    773     -41749.91000
    774      -4954.09400
    775      34160.07000
    776      37947.94000
    777      18057.78000
    778       2104.89100
    779     -12434.66000
    780     -36818.84000
    781     -55317.53000
    782     -46427.63000
    783     -15355.45000
    784      18517.63000
    785      39395.24000
    786      30534.31000
    787     -11898.46000
    788     -57026.05000
    789     -67936.16000
    790     -47910.06000
    791     -25500.84000
    792      -9315.36700
    793       9133.19500
    794      25801.70000
    795      29174.64000
    796      22218.27000
    797      15728.20000
    798       9780.55500
    799      -1412.18000
    800     -14481.77000
    801     -21676.80000
    802     -25551.81000
    803     -34343.41000
    804     -45099.46000
    805     -46101.58000
    806     -35794.34000
    807     -23919.83000
    808     -13543.51000
    809       1006.20300
    810      16473.20000
    811      18298.91000
    812       1454.85900
    813     -19192.86000
    814     -24575.87000
    815     -10606.22000
    816      10721.24000
    817      26189.84000
    818      35456.34000
    819      45918.40000
    820      54095.12000
    821      46884.71000
    822      25932.06000
    823      11530.45000
    824      15749.81000
    825      30704.80000
    826      42773.73000
    827      37635.84000
    828       3179.93000
    829     -47133.44000
    830     -73643.68000
    831     -60498.45000
    832     -39719.57000
    833     -39398.09000
    834     -41958.48000
    835     -22289.65000
    836       7182.14100
    837      20406.65000
    838      18967.66000
    839      21616.41000
    840      31002.99000
    841      32303.58000
    842      15525.18000
    843     -11218.28000
    844     -26676.84000
    845     -16977.59000
    846       5220.96900
    847      12936.98000
    848       -695.71880
    849     -17659.59000
    850     -25627.59000
    851     -30694.09000
    852     -38304.19000
    853     -42865.17000
    854     -38836.23000
    855     -29367.42000
    856     -22937.84000
    857     -22842.61000
    858     -21084.91000
    859     -12638.83000
    860      -9287.31200
    861     -16544.31000
    862     -10783.89000
    863      24368.72000
    864      56859.16000
    865      44068.66000
    866      -4992.45300
    867     -41133.94000
    868     -32512.78000
    869       9442.85900
    870      42913.92000
    871      30620.30000
    872     -19683.47000
    873     -60623.27000
    874     -65804.94000
    875     -58256.73000
    876     -64572.84000
    877     -76911.03000
    878     -77446.14000
    879     -67973.69000
    880     -58846.41000
    881     -50804.25000
    882     -38914.39000
    883     -23997.31000
    884     -14988.97000
    885     -19064.80000
    886     -29315.31000
    887     -31764.12000
    888     -27372.94000
    889     -29216.69000
    890     -34125.25000
    891     -22923.53000
    892       3621.43800
    893      16337.61000
    894      -2333.82800
    895     -29544.73000
    896     -26126.22000
    897      15914.17000
    898      57031.14000
    899      50399.86000
    900       2006.75000
    901     -30434.08000
    902     -13636.23000
    903      15130.55000
    904       5569.89100
    905     -30362.39000
    906     -38869.53000
    907      -2468.87500
    908      40312.22000
    909      48342.11000
    910      20982.00000
    911     -15217.31000
    912     -40497.44000
    913     -52906.41000
    914     -57474.02000
    915     -55739.11000
    916     -44873.61000
    917     -24975.52000
    918      -8510.07800
    919     -15236.34000
    920     -47912.81000
    921     -80043.83000
    922     -82348.28000
    923     -57912.77000
    924     -38087.55000
    925     -45890.39000
    926     -72385.77000
    927     -87562.61000
    928     -70397.73000
    929     -30133.03000
    930       2857.54700
    931       8082.65600
    932      -7956.20300
    933     -24145.84000
    934     -24162.14000
    935      -5018.54700
    936      20540.69000
    937      31055.00000
    938      18105.25000
    939       -208.92190
    940        153.51560
    941      15702.95000
    942      17528.00000
    943      -7073.03100
    944     -31371.27000
    945     -26060.88000
    946      -5495.89100
    947      -6942.57800
    948     -32526.31000
    949     -48744.16000
    950     -39103.69000
    951     -19913.19000
    952      -8320.71900
    953      -6951.29700
    954     -14076.75000
    955     -26493.38000
    956     -39353.33000
    957     -49913.44000
    958     -51519.44000
    959     -34822.02000
    960      -8960.31200
    961        759.50000
    962      -9747.73400
    963     -17177.20000
    964     -10880.78000
    965      -6849.17200
    966     -16412.72000
    967     -29592.66000
    968     -33073.73000
    969     -26200.81000
    970     -18276.75000
    971     -16529.47000
    972     -16683.58000
    973      -9542.06200
    974       3057.17200
    975       8087.87500
    976      -3516.21900
    977     -28096.81000
    978     -49398.80000
    979     -46686.45000
    980     -15596.25000
    981      22424.34000
    982      43845.16000
    983      45490.06000
    984      33448.53000
    985       9890.68800
    986     -18331.58000
    987     -37479.67000
    988     -40769.48000
    989     -32468.16000
    990     -22334.45000
    991     -22938.06000
    992     -38145.64000
    993     -51743.39000
    994     -47085.28000
    995     -34473.97000
    996     -34981.30000
    997     -44934.22000
    998     -42949.52000
    999     -25219.72000
   1000     -10809.83000
   1001     -14885.53000
   1002     -31146.73000
   1003     -41179.38000
   1004     -37218.47000
   1005     -31038.06000
   1006     -32599.98000
   1007     -29482.92000
   1008      -8322.00000
   1009      14068.83000
   1010      12520.05000
   1011      -3517.85900
   1012      -5440.45300
   1013       6983.93800
   1014      12242.89000
   1015       8684.25000
   1016       9439.82800
   1017       8465.35900
   1018     -11401.80000
   1019     -47095.27000
   1020     -78161.73000
   1021     -86509.09000
   1022     -61286.00000
   1023     -10408.62000
   1024      26715.38000
   1025      12656.19000
   1026     -36336.28000
   1027     -65805.42000
   1028     -50004.56000
   1029     -12480.66000
   1030      12728.64000
   1031      10760.25000
   1032     -13931.73000
   1033     -41216.41000
   1034     -46225.44000
   1035     -23598.20000
   1036       4040.50000
   1037       9626.34400
   1038      -9874.12500
   1039     -32437.70000
   1040     -37063.80000
   1041     -24505.56000
   1042      -6741.15600
   1043      11051.83000
   1044      23865.19000
   1045      21116.36000
   1046       7603.25000
   1047       5399.23400
   1048      15513.61000
   1049      11349.59000
   1050     -13112.47000
   1051     -29501.97000
   1052     -23947.59000
   1053     -17913.81000
   1054     -28433.06000
   1055     -43386.64000
   1056     -45547.64000
   1057     -37329.20000
   1058     -33490.83000
   1059     -38372.89000
   1060     -38893.78000
   1061     -26247.91000
   1062     -14608.92000
   1063     -20752.09000
   1064     -37068.86000
   1065     -45855.78000
   1066     -44756.11000
   1067     -38051.52000
   1068     -22292.94000
   1069       1249.79700
   1070      16774.39000
   1071       9285.60900
   1072     -18433.97000
   1073     -47918.53000
   1074     -62106.75000
   1075     -60469.70000
   1076     -52195.16000
   1077     -39187.06000
   1078     -22141.75000
   1079     -14253.31000
   1080     -23929.36000
   1081     -35946.41000
   1082     -34803.77000
   1083     -28200.59000
   1084     -26614.59000
   1085     -24887.58000
   1086     -20651.64000
   1087     -23425.33000
   1088     -32939.05000
   1089     -33300.58000
   1090     -18019.62000
   1091      -4736.68800
   1092     -16407.78000
   1093     -49598.42000
   1094     -68586.28000
   1095     -45403.34000
   1096      -3281.10900
   1097       6771.03100
   1098     -24871.75000
   1099     -54348.80000
   1100     -49396.69000
   1101     -30949.00000
   1102     -34456.91000
   1103     -58734.83000
   1104     -74356.70000
   1105     -66568.05000
   1106     -48198.81000
   1107     -33276.55000
   1108     -16119.34000
   1109      13011.09000
   1110      41194.58000
   1111      41620.78000
   1112      12449.23000
   1113     -13978.75000
   1114     -13528.58000
   1115      -1423.45300
   1116      -3747.78100
   1117     -20287.08000
   1118     -37868.59000
   1119     -55371.16000
   1120     -68043.55000
   1121     -54605.95000
   1122     -12806.03000
   1123      17793.64000
   1124       3959.01600
   1125     -32405.52000
   1126     -47697.05000
   1127     -37050.61000
   1128     -25748.11000
   1129     -20161.23000
   1130      -8095.90600
   1131       4942.60900
   1132       1268.14100
   1133     -13310.48000
   1134     -17215.33000
   1135     -11960.11000
   1136     -18710.17000
   1137     -39254.78000
   1138     -49932.38000
   1139     -35124.39000
   1140      -8942.39100
   1141      -2103.89100
   1142     -28843.88000
   1143     -64640.95000
   1144     -68289.09000
   1145     -31865.23000
   1146      10543.44000
   1147      29106.44000
   1148      26577.88000
   1149      16087.62000
   1150       1898.96900
   1151      -9395.68800
   1152      -5295.65600
   1153      12501.19000
   1154      19913.36000
   1155      -4869.14100
   1156     -51783.64000
   1157     -85409.28000
   1158     -84869.94000
   1159     -65161.59000
   1160     -51991.98000
   1161     -51504.06000
   1162     -53261.69000
   1163     -45981.84000
   1164     -26201.28000
   1165      -5922.78100
   1166      -4155.89100
   1167     -18294.39000
   1168     -26770.27000
   1169     -30170.95000
   1170     -49811.75000
   1171     -76443.09000
   1172     -73559.23000
   1173     -42633.64000
   1174     -27483.05000
   1175     -43194.75000
   1176     -55714.31000
   1177     -41672.09000
   1178     -22039.14000
   1179     -24643.31000
   1180     -43456.73000
   1181     -47675.44000
   1182     -22505.97000
   1183       8303.70300
   1184      10091.44000
   1185     -17078.95000
   1186     -40514.39000
   1187     -41752.39000
   1188     -35636.47000
   1189     -39413.39000
   1190     -46454.67000
   1191     -39333.42000
   1192     -15970.38000
   1193       4949.12500
   1194       2446.68800
   1195     -24281.92000
   1196     -52921.86000
   1197     -58955.11000
   1198     -39593.75000
   1199     -15142.16000
   1200      -5147.15600
   1201      -6728.78100
   1202      -3001.65600
   1203       8642.53100
   1204       7463.78100
   1205     -25690.56000
   1206     -77412.56000
   1207    -104250.50000
   1208     -77118.31000
   1209     -20439.31000
   1210      12381.16000
   1211       4126.23400
   1212     -11764.97000
   1213      -5758.35900
   1214       9749.81200
   1215       7391.21900
   1216     -16086.98000
   1217     -40784.08000
   1218     -50177.05000
   1219     -46558.44000
   1220     -41939.62000
   1221     -40805.12000
   1222     -38913.45000
   1223     -34152.92000
   1224     -26809.16000
   1225     -14985.47000
   1226      -1143.87500
   1227       6868.20300
   1228       8989.68800
   1229      13055.61000
   1230      19570.95000
   1231      22949.61000
   1232      23286.31000
   1233      21857.09000
   1234      17150.11000
   1235      14039.47000
