      1     -17955.25000
      2     -14535.56000
      3      -7110.81200
      4       2387.06200
      5      -2074.81200
      6     -19621.75000
      7     -32474.50000
      8     -38056.31000
      9     -47575.75000
     10     -52984.06000
     11     -31781.94000
     12       9441.37500
     13      30073.88000
     14       6606.68800
     15     -37344.69000
     16     -65392.44000
     17     -69893.94000
     18     -63611.25000
     19     -52961.88000
     20     -40971.06000
     21     -39499.06000
     22     -54718.81000
     23     -69239.69000
     24     -59667.56000
     25     -28661.12000
     26      -3522.93800
     27      -3565.18800
     28     -22817.06000
     29     -45134.12000
     30     -59579.88000
     31     -57211.69000
     32     -31001.50000
     33      10445.00000
     34      42269.94000
     35      46683.75000
     36      30271.88000
     37      13111.38000
     38       6977.93800
     39       7905.18800
     40       6401.87500
     41       1241.62500
     42        120.18750
     43       6235.56200
     44      10168.44000
     45       1722.25000
     46     -15113.56000
     47     -29121.19000
     48     -38924.75000
     49     -49469.62000
     50     -55902.25000
     51     -49130.19000
     52     -33049.56000
     53     -16506.56000
     54       4287.00000
     55      33521.38000
     56      56055.19000
     57      53476.69000
     58      30197.31000
     59       5112.93800
     60     -11651.69000
     61     -19773.38000
     62     -19452.69000
     63     -12867.94000
     64      -6254.06200
     65      -3354.31200
     66      -1316.37500
     67       3039.18800
     68       5658.43800
     69      -1366.62500
     70     -16738.44000
     71     -26774.31000
     72     -23897.38000
     73     -22198.50000
     74     -40337.19000
     75     -70671.62000
     76     -83122.44000
     77     -63734.81000
     78     -32196.31000
     79     -13119.50000
     80      -7432.18800
     81      -5431.93800
     82     -10026.06000
     83     -27358.44000
     84     -47532.62000
     85     -55604.88000
     86     -52350.88000
     87     -45758.62000
     88     -32998.69000
     89      -9507.56200
     90      14145.81000
     91      23064.00000
     92      16472.44000
     93        895.50000
     94     -22423.50000
     95     -47799.00000
     96     -57628.06000
     97     -43111.31000
     98     -20960.62000
     99     -13076.31000
    100     -17971.50000
    101     -16946.38000
    102      -3513.62500
    103       6594.06200
    104      -3221.68800
    105     -27360.81000
    106     -44606.69000
    107     -44430.19000
    108     -34744.12000
    109     -22388.81000
    110      -2436.06200
    111      24475.19000
    112      40475.56000
    113      32205.00000
    114      14592.88000
    115      13422.50000
    116      28838.12000
    117      37761.44000
    118      30777.88000
    119      21179.38000
    120      15026.31000
    121        573.68750
    122     -26298.50000
    123     -50540.38000
    124     -56916.75000
    125     -42525.88000
    126     -14298.31000
    127      11070.56000
    128      15902.94000
    129       2315.06200
    130     -10334.62000
    131     -13854.94000
    132     -16976.69000
    133     -23467.00000
    134     -27189.75000
    135     -25420.56000
    136     -17774.62000
    137       -874.06250
    138      19163.50000
    139      22483.88000
    140      -1868.56200
    141     -41436.44000
    142     -76183.88000
    143     -94520.94000
    144     -90298.81000
    145     -63108.88000
    146     -27762.50000
    147      -6801.68800
    148      -5959.00000
    149     -10572.75000
    150     -10083.31000
    151      -9494.25000
    152     -11718.88000
    153      -8686.87500
    154        639.12500
    155       1679.43800
    156     -15394.00000
    157     -38753.25000
    158     -47144.62000
    159     -32603.50000
    160      -6956.87500
    161      11181.75000
    162      13892.69000
    163       7125.93800
    164      -1642.00000
    165     -12344.06000
    166     -26277.50000
    167     -37760.19000
    168     -39292.12000
    169     -34425.44000
    170     -36782.31000
    171     -49579.12000
    172     -55874.69000
    173     -41137.69000
    174     -15116.56000
    175       2652.81200
    176       7439.37500
    177       6020.81200
    178       1664.50000
    179      -6712.81200
    180     -18540.56000
    181     -28838.56000
    182     -28956.88000
    183     -16228.44000
    184      -1585.62500
    185       4134.93800
    186       5629.25000
    187      10846.94000
    188      13240.69000
    189       3031.93800
    190     -14027.12000
    191     -25059.62000
    192     -28287.62000
    193     -27692.19000
    194     -18193.19000
    195       4191.12500
    196      24073.50000
    197      22592.88000
    198       7708.68800
    199       3105.37500
    200      12198.94000
    201      18270.94000
    202      10683.94000
    203      -9854.75000
    204     -37576.44000
    205     -58404.50000
    206     -58987.62000
    207     -46443.50000
    208     -41185.56000
    209     -49080.62000
    210     -56219.25000
    211     -49992.00000
    212     -33643.69000
    213     -18382.31000
    214      -8281.43800
    215      -2115.18800
    216      -3874.43800
    217     -13219.00000
    218     -14667.06000
    219      -1910.62500
    220       3009.81200
    221     -15141.94000
    222     -35232.69000
    223     -34721.31000
    224     -24463.06000
    225     -24960.25000
    226     -35523.00000
    227     -40084.62000
    228     -24933.94000
    229       6123.50000
    230      26481.38000
    231      14294.19000
    232     -15180.25000
    233     -28000.31000
    234     -15064.69000
    235       3828.31200
    236       6785.68800
    237     -12280.75000
    238     -39298.31000
    239     -50965.75000
    240     -40447.88000
    241     -23288.31000
    242     -13551.19000
    243     -13836.31000
    244     -27041.56000
    245     -50240.25000
    246     -61747.31000
    247     -45439.25000
    248     -19906.81000
    249     -13287.94000
    250     -22194.44000
    251     -25445.50000
    252     -21541.25000
    253     -20527.88000
    254     -16497.12000
    255        -28.93750
    256      16606.31000
    257      13657.94000
    258      -7548.12500
    259     -28993.00000
    260     -39468.31000
    261     -42170.00000
    262     -42998.25000
    263     -37380.12000
    264     -15767.44000
    265      11924.69000
    266      13827.19000
    267     -22262.31000
    268     -61279.00000
    269     -60222.12000
    270     -22854.94000
    271       7557.12500
    272        120.62500
    273     -35213.88000
    274     -62844.12000
    275     -55207.62000
    276     -17037.19000
    277      18554.38000
    278      22025.38000
    279      -3295.75000
    280     -27971.00000
    281     -32908.56000
    282     -29673.00000
    283     -37031.44000
    284     -50424.50000
    285     -51685.44000
    286     -37821.00000
    287     -18749.62000
    288       1475.06200
    289      18269.12000
    290      17377.44000
    291      -2808.62500
    292     -16992.12000
    293      -7513.75000
    294       5048.93800
    295      -6825.43800
    296     -32908.31000
    297     -42362.94000
    298     -32111.19000
    299     -24672.38000
    300     -24398.44000
    301     -11174.75000
    302      18465.38000
    303      37099.25000
    304      25593.19000
    305        608.31250
    306     -12622.56000
    307     -13352.31000
    308     -12509.25000
    309      -7337.87500
    310       5342.56200
    311       5445.37500
    312     -27116.75000
    313     -70951.19000
    314     -80667.62000
    315     -47522.69000
    316      -9370.31200
    317       4255.31200
    318       2813.00000
    319       1572.62500
    320      -8858.81200
    321     -38007.69000
    322     -62670.25000
    323     -49870.12000
    324      -8992.68800
    325      11268.75000
    326     -12091.56000
    327     -45845.62000
    328     -50801.44000
    329     -30791.19000
    330     -12032.69000
    331      -4732.25000
    332      -4704.68800
    333      -6742.87500
    334      -4168.62500
    335       4328.93800
    336       6746.56200
    337      -4165.87500
    338     -14210.50000
    339      -8759.75000
    340       3753.50000
    341       8281.87500
    342       7723.37500
    343      10931.88000
    344       9625.50000
    345     -10441.19000
    346     -41840.81000
    347     -60831.25000
    348     -61019.75000
    349     -60803.75000
    350     -71038.81000
    351     -74626.56000
    352     -52314.50000
    353     -15343.81000
    354       5312.00000
    355      -1683.25000
    356     -15341.56000
    357     -11871.50000
    358       5894.87500
    359      16171.69000
    360       8150.37500
    361      -6180.68800
    362      -9846.68800
    363      -2539.25000
    364        872.87500
    365      -8876.50000
    366     -24361.56000
    367     -32894.62000
    368     -31163.19000
    369     -25700.38000
    370     -26931.44000
    371     -42733.88000
    372     -67289.88000
    373     -79923.25000
    374     -66955.12000
    375     -38436.62000
    376     -12453.50000
    377       4472.62500
    378      10697.69000
    379       2980.00000
    380     -10174.56000
    381      -9739.25000
    382       4930.37500
    383      10029.19000
    384      -6065.75000
    385     -21779.31000
    386     -14069.25000
    387       8417.56200
    388      20989.44000
    389      15905.19000
    390       4315.18800
    391      -2465.56200
    392       -473.31250
    393       8202.12500
    394      15146.81000
    395      10830.44000
    396      -5731.50000
    397     -24925.12000
    398     -33196.81000
    399     -23865.44000
    400      -7652.87500
    401      -4467.75000
    402     -15979.88000
    403     -22316.56000
    404     -15541.12000
    405     -11965.62000
    406     -19913.94000
    407     -25389.56000
    408     -19469.50000
    409      -8753.81200
    410       6285.25000
    411      30390.88000
    412      50291.31000
    413      44146.56000
    414      14244.44000
    415     -14218.81000
    416     -24459.12000
    417     -18806.75000
    418      -3858.62500
    419      15528.25000
    420      28993.88000
    421      27078.19000
    422      19665.88000
    423      27232.19000
    424      44949.62000
    425      41555.19000
    426       9359.56200
    427     -17390.81000
    428     -16546.25000
    429     -12310.88000
    430     -27434.88000
    431     -40971.19000
    432     -26556.62000
    433       3687.31200
    434      24193.75000
    435      33460.31000
    436      42927.25000
    437      53829.44000
    438      60409.94000
    439      57505.12000
    440      41918.00000
    441      19213.88000
    442       2494.25000
    443      -3504.12500
    444      -2973.37500
    445       6242.56200
    446      26401.00000
    447      42686.94000
    448      37680.31000
    449      19056.19000
    450      11143.50000
    451      24469.12000
    452      47863.62000
    453      62783.00000
    454      58752.31000
    455      43458.88000
    456      37756.31000
    457      50051.94000
    458      61020.12000
    459      47474.62000
    460      16052.00000
    461      -2382.12500
    462       8645.12500
    463      33049.75000
    464      45873.94000
    465      41889.19000
    466      31753.00000
    467      21394.94000
    468      10357.81000
    469       5612.18800
    470      17752.38000
    471      39485.00000
    472      46640.81000
    473      30543.62000
    474      13802.62000
    475      21049.12000
    476      48499.19000
    477      74995.69000
    478      88317.31000
    479      90186.25000
    480      89690.75000
    481      98988.62000
    482     121059.30000
    483     140043.80000
    484     137417.50000
    485     114967.00000
    486      91066.56000
    487      80213.56000
    488      83132.00000
    489      87322.25000
    490      75668.69000
    491      46865.88000
    492      24733.81000
    493      33844.50000
    494      70593.31000
    495     110364.90000
    496     133076.80000
    497     131839.30000
    498     112240.30000
    499      94889.75000
    500     100739.10000
    501     124650.70000
    502     142542.70000
    503     148591.50000
    504     162244.10000
    505     195351.00000
    506     237590.60000
    507     276105.50000
    508     306381.10000
    509     324504.90000
    510     332170.40000
    511     349996.40000
    512     402394.90000
    513     485764.10000
    514     569662.60000
    515     632721.20000
    516     681933.20000
    517     736600.00000
    518     811507.90000
    519     915583.80000
    520    1053488.00000
    521    1232140.00000
    522    1472291.00000
    523    1793814.00000
    524    2178688.00000
    525    2567788.00000
    526    2898336.00000
    527    3122081.00000
    528    3196602.00000
    529    3100506.00000
    530    2860992.00000
    531    2541380.00000
    532    2203342.00000
    533    1891266.00000
    534    1631836.00000
    535    1428990.00000
    536    1268373.00000
    537    1133326.00000
    538    1013028.00000
    539     906754.80000
    540     829484.10000
    541     796618.60000
    542     795550.80000
    543     792741.50000
    544     771500.60000
    545     738821.10000
    546     699168.20000
    547     651801.10000
    548     608978.10000
    549     587673.90000
    550     588049.90000
    551     597312.70000
    552     601865.90000
    553     588334.50000
    554     556079.20000
    555     531149.10000
    556     541064.60000
    557     577206.00000
    558     606760.60000
    559     616158.20000
    560     622299.60000
    561     646960.60000
    562     693186.20000
    563     746918.80000
    564     800762.70000
    565     869602.10000
    566     967828.20000
    567    1079845.00000
    568    1183142.00000
    569    1297618.00000
    570    1479324.00000
    571    1763006.00000
    572    2138267.00000
    573    2573210.00000
    574    3013187.00000
    575    3349150.00000
    576    3446112.00000
    577    3247854.00000
    578    2831057.00000
    579    2332452.00000
    580    1851925.00000
    581    1440516.00000
    582    1125778.00000
    583     901641.10000
    584     726910.90000
    585     573226.00000
    586     452698.80000
    587     380674.90000
    588     341868.90000
    589     309113.90000
    590     269493.70000
    591     225215.50000
    592     189404.60000
    593     176086.40000
    594     177677.20000
    595     167829.20000
    596     139610.80000
    597     116021.20000
    598     111633.40000
    599     112399.80000
    600     101730.90000
    601      80313.56000
    602      57169.56000
    603      42154.00000
    604      43554.56000
    605      57705.12000
    606      69258.94000
    607      71491.88000
    608      75705.88000
    609      93634.25000
    610     118933.90000
    611     132385.20000
    612     123205.30000
    613      99375.00000
    614      73781.75000
    615      49542.69000
    616      29281.00000
    617      26619.56000
    618      49710.50000
    619      80157.75000
    620      86672.06000
    621      60137.44000
    622      24774.25000
    623       9884.56200
    624      15041.94000
    625      16007.31000
    626       6579.00000
    627       9779.25000
    628      35267.88000
    629      57563.06000
    630      57566.88000
    631      52111.25000
    632      57627.50000
    633      57547.62000
    634      33814.81000
    635       5192.06200
    636       6860.31200
    637      43517.81000
    638      81952.62000
    639      89666.12000
    640      70757.00000
    641      56062.94000
    642      61851.56000
    643      72665.19000
    644      66254.62000
    645      40343.12000
    646      12656.12000
    647       5874.31200
    648      27918.62000
    649      58035.56000
    650      65720.50000
    651      51373.75000
    652      46252.31000
    653      62798.62000
    654      74915.06000
    655      62618.94000
    656      43971.06000
    657      41721.12000
    658      49011.00000
    659      52228.12000
    660      57406.25000
    661      68395.75000
    662      69720.00000
    663      56359.81000
    664      49358.94000
    665      59656.50000
    666      67810.12000
    667      56517.88000
    668      34718.69000
    669      19359.06000
    670      16058.00000
    671      20773.00000
    672      26973.94000
    673      32851.62000
    674      42253.25000
    675      52826.69000
    676      53442.31000
    677      41611.25000
    678      29053.56000
    679      26188.06000
    680      35318.00000
    681      54023.81000
    682      71800.19000
    683      74133.81000
    684      59537.75000
    685      40305.50000
    686      25942.75000
    687      19802.31000
    688      26083.00000
    689      45207.62000
    690      66110.94000
    691      71561.25000
    692      51506.69000
    693      16084.69000
    694      -3994.31200
    695      15262.00000
    696      58918.56000
    697      84856.38000
    698      73646.69000
    699      49693.69000
    700      45530.31000
    701      61082.88000
    702      70513.06000
    703      59938.56000
    704      44058.94000
    705      44390.94000
    706      60852.12000
    707      74059.50000
    708      74102.50000
    709      74019.75000
    710      86179.69000
    711      97717.25000
    712      87924.00000
    713      64662.62000
    714      59686.31000
    715      82243.25000
    716     100898.00000
    717      86609.00000
    718      53777.56000
    719      36257.62000
    720      39877.69000
    721      46138.88000
    722      47937.56000
    723      52086.31000
    724      57256.69000
    725      54559.19000
    726      42261.38000
    727      25912.12000
    728      11358.19000
    729       1183.93800
    730      -7020.25000
    731     -12017.69000
    732        296.62500
    733      37171.38000
    734      72900.81000
    735      69634.75000
    736      24214.44000
    737     -27354.25000
    738     -49333.06000
    739     -35948.62000
    740      -7625.68800
    741      13292.06000
    742      22324.81000
    743      26364.25000
    744      25434.94000
    745      18009.00000
    746      15776.12000
    747      27558.50000
    748      37387.31000
    749      25935.69000
    750       3886.06200
    751      -2659.62500
    752       9570.62500
    753      20530.31000
    754      17062.12000
    755       6122.50000
    756        227.18750
    757        448.43750
    758       -698.81250
    759      -1917.00000
    760       6207.56200
    761      18553.81000
    762      18213.25000
    763       9802.00000
    764      15341.81000
    765      30476.38000
    766      30023.44000
    767      18208.62000
    768      19936.06000
    769      28011.38000
    770      16311.19000
    771      -7446.00000
    772     -16665.00000
    773     -12989.06000
    774     -12143.12000
    775      -9968.87500
    776         56.81250
    777       5480.68800
    778       -667.31250
    779      -3438.81200
    780       6029.12500
    781      12457.12000
    782       2410.81200
    783     -13042.19000
    784     -16452.38000
    785     -10352.81000
    786      -9720.62500
    787     -14686.06000
    788      -7792.75000
    789      18465.81000
    790      45617.81000
    791      51271.69000
    792      36524.81000
    793      16806.38000
    794      -4085.93800
    795     -29141.38000
    796     -46671.50000
    797     -43120.75000
    798     -31744.88000
    799     -36650.38000
    800     -51809.00000
    801     -47849.31000
    802     -17584.19000
    803      13590.19000
    804      21171.06000
    805       4932.68800
    806     -17899.06000
    807     -29894.94000
    808     -28699.31000
    809     -28651.69000
    810     -38329.81000
    811     -41988.75000
    812     -20152.31000
    813      18124.94000
    814      44203.31000
    815      44072.81000
    816      24439.69000
    817      -4739.62500
    818     -32887.06000
    819     -44908.44000
    820     -34980.69000
    821     -16840.94000
    822      -7749.37500
    823      -9050.43800
    824      -8109.50000
    825       6874.06200
    826      32200.69000
    827      44337.75000
    828      22454.62000
    829     -17406.12000
    830     -30076.69000
    831       2249.37500
    832      42436.38000
    833      47685.12000
    834      24058.00000
    835       4447.37500
    836      -5333.50000
    837     -21556.94000
    838     -40968.31000
    839     -43468.38000
    840     -26515.44000
    841      -5905.18800
    842       7331.06200
    843      10848.19000
    844       6623.81200
    845       3364.06200
    846       6547.37500
    847       5981.12500
    848      -7079.93800
    849     -19144.44000
    850     -13447.19000
    851        939.50000
    852        693.87500
    853     -18946.00000
    854     -39178.19000
    855     -41243.12000
    856     -27727.06000
    857     -20351.94000
    858     -32653.44000
    859     -46919.94000
    860     -35003.00000
    861      -2778.37500
    862      13747.44000
    863       2776.25000
    864      -6671.37500
    865       5669.75000
    866      21164.88000
    867      18159.19000
    868       3843.62500
    869      -7301.56200
    870     -17914.94000
    871     -34597.06000
    872     -52235.94000
    873     -61294.25000
    874     -55601.25000
    875     -32753.12000
    876      -2314.18800
    877      10773.44000
    878     -10770.38000
    879     -50867.12000
    880     -71095.75000
    881     -50174.56000
    882      -6325.56200
    883      22109.69000
    884      15737.12000
    885     -11320.12000
    886     -35278.50000
    887     -46614.56000
    888     -44490.38000
    889     -29025.69000
    890     -11208.88000
    891      -6446.18800
    892      -8565.37500
    893         51.18750
    894      10101.62000
    895      -3214.93800
    896     -30722.31000
    897     -36890.38000
    898     -16082.31000
    899       2881.87500
    900       5963.00000
    901       6943.18800
    902      12634.75000
    903      10351.19000
    904      -6946.43800
    905     -27930.19000
    906     -39894.94000
    907     -41633.94000
    908     -36246.38000
    909     -24922.00000
    910     -10928.56000
    911        625.43750
    912       8343.56200
    913      12898.69000
    914      13665.50000
    915      12194.00000
    916      12289.00000
    917      14289.12000
    918      15477.94000
    919      13644.50000
    920       5343.93800
    921     -12136.50000
    922     -33994.94000
    923     -50030.94000
    924     -52998.12000
    925     -43801.44000
    926     -33632.50000
    927     -33915.88000
    928     -36231.44000
    929     -20720.06000
    930       7420.25000
    931      19339.00000
    932       8092.50000
    933      -2685.18800
    934       -242.75000
    935       2856.06200
    936      -4221.06200
    937     -17726.81000
    938     -27843.69000
    939     -22275.94000
    940       4839.12500
    941      37225.06000
    942      46937.38000
    943      26637.69000
    944      -1837.68800
    945     -13525.62000
    946      -6750.06200
    947       -472.18750
    948      -6011.75000
    949     -10517.62000
    950      -1050.37500
    951       8329.56200
    952      -1961.81200
    953     -21894.12000
    954     -27819.00000
    955     -20029.56000
    956     -15735.12000
    957     -19673.94000
    958     -25350.25000
    959     -29803.50000
    960     -29920.88000
    961     -18598.31000
    962       5425.43800
    963      32354.56000
    964      46885.06000
    965      37352.44000
    966       7912.18800
    967     -19565.25000
    968     -27184.94000
    969     -21019.69000
    970     -21925.44000
    971     -41599.94000
    972     -67995.44000
    973     -71013.06000
    974     -34625.88000
    975      13978.19000
    976      30945.31000
    977      12508.12000
    978      -5167.62500
    979       -471.81250
    980      13285.56000
    981      17740.12000
    982       8900.37500
    983      -6255.81200
    984     -11778.38000
    985       5153.37500
    986      31465.88000
    987      37461.56000
    988      16036.25000
    989      -9454.25000
    990     -19595.44000
    991     -18307.81000
    992     -14953.94000
    993      -7998.00000
    994       5597.50000
    995      15286.56000
    996       3580.31200
    997     -27155.56000
    998     -45551.69000
    999     -27263.38000
   1000       7008.87500
   1001      16275.50000
   1002      -4161.12500
   1003     -23250.56000
   1004     -25677.00000
   1005     -26627.12000
   1006     -36623.31000
   1007     -44571.38000
   1008     -38506.31000
   1009     -21838.31000
   1010      -7087.37500
   1011      -3439.50000
   1012      -9033.18800
   1013     -13211.12000
   1014     -10295.69000
   1015      -7643.81200
   1016     -13165.38000
   1017     -19770.88000
   1018     -15048.62000
   1019      -6738.50000
   1020     -20638.31000
   1021     -60875.50000
   1022     -90649.94000
   1023     -75393.69000
   1024     -29752.75000
   1025       4040.87500
   1026       9031.56200
   1027       -943.81250
   1028     -10619.25000
   1029     -13110.62000
   1030      -6034.93800
   1031       4138.37500
   1032       7073.68800
   1033       5212.18800
   1034      10016.56000
   1035      20974.44000
   1036      24534.44000
   1037      12687.50000
   1038      -9549.06200
   1039     -31273.31000
   1040     -41375.75000
   1041     -34070.69000
   1042     -16325.81000
   1043      -2858.43800
   1044        676.81250
   1045       -579.18750
   1046      -6364.06200
   1047     -21291.88000
   1048     -38071.44000
   1049     -42819.62000
   1050     -37527.81000
   1051     -33303.25000
   1052     -28211.56000
   1053     -18409.00000
   1054     -15014.06000
   1055     -21219.44000
   1056     -17827.62000
   1057        263.18750
   1058       6470.25000
   1059     -13243.44000
   1060     -34446.62000
   1061     -32564.00000
   1062     -14492.31000
   1063        524.43750
   1064       6410.75000
   1065      10785.62000
   1066      21310.81000
   1067      30986.25000
   1068      21367.75000
   1069     -10958.25000
   1070     -43752.38000
   1071     -55835.69000
   1072     -48762.12000
   1073     -36232.38000
   1074     -28897.62000
   1075     -30332.88000
   1076     -33837.69000
   1077     -27444.88000
   1078      -9428.18800
   1079       9784.81200
   1080      21410.94000
   1081      23073.25000
   1082      14579.94000
   1083        453.06250
   1084      -9471.12500
   1085      -9586.81200
   1086      -3743.68800
   1087       -357.56250
   1088      -6242.56200
   1089     -19609.38000
   1090     -26410.25000
   1091     -15351.88000
   1092       2154.93800
   1093       3941.62500
   1094      -9464.56200
   1095     -13586.81000
   1096       3442.75000
   1097      23279.00000
   1098      22992.31000
   1099       1844.81200
   1100     -24632.44000
   1101     -43623.81000
   1102     -50237.44000
   1103     -43936.88000
   1104     -30050.19000
   1105     -20610.69000
   1106     -23868.31000
   1107     -34060.00000
   1108     -39036.38000
   1109     -34848.31000
   1110     -24317.62000
   1111      -8659.31200
   1112       7886.00000
   1113      15401.50000
   1114      11732.88000
   1115       5737.62500
   1116       -124.12500
   1117     -11556.31000
   1118     -24453.06000
   1119     -30204.31000
   1120     -37224.88000
   1121     -58190.50000
   1122     -79532.06000
   1123     -73732.81000
   1124     -39151.75000
   1125      -3716.06200
   1126       7415.75000
   1127      -6999.18800
   1128     -28761.62000
   1129     -35599.69000
   1130     -17909.81000
   1131      13305.56000
   1132      34879.69000
   1133      29407.62000
   1134        740.50000
   1135     -26378.50000
   1136     -33509.75000
   1137     -35371.12000
   1138     -57395.38000
   1139     -87882.38000
   1140     -88791.12000
   1141     -58877.81000
   1142     -41075.88000
   1143     -54590.75000
   1144     -66832.50000
   1145     -51466.38000
   1146     -29572.62000
   1147     -29681.88000
   1148     -46148.06000
   1149     -60548.44000
   1150     -69104.19000
   1151     -66405.50000
   1152     -36392.88000
   1153      14442.06000
   1154      44971.62000
   1155      28073.00000
   1156     -11036.31000
   1157     -29606.81000
   1158     -21796.06000
   1159     -14805.75000
   1160     -23252.88000
   1161     -31960.81000
   1162     -24307.44000
   1163      -8560.18800
   1164      -5460.25000
   1165     -18868.31000
   1166     -32384.12000
   1167     -31442.12000
   1168     -16580.38000
   1169       1966.18800
   1170      12833.69000
   1171      11402.31000
   1172       6168.12500
   1173       8994.81200
   1174      15046.88000
   1175       5277.00000
   1176     -25534.94000
   1177     -55438.62000
   1178     -58284.12000
   1179     -34154.81000
   1180     -10303.25000
   1181     -10864.38000
   1182     -29391.25000
   1183     -38221.25000
   1184     -23994.19000
   1185      -1285.12500
   1186      12750.38000
   1187      19716.00000
   1188      25411.12000
   1189      21197.56000
   1190      -2529.43800
   1191     -34316.06000
   1192     -49214.88000
   1193     -36451.12000
   1194     -12266.50000
   1195      -3722.06200
   1196     -18499.25000
   1197     -34989.50000
   1198     -32041.00000
   1199     -19612.56000
   1200     -20473.44000
   1201     -32522.19000
   1202     -35559.50000
   1203     -24815.81000
   1204     -10352.50000
   1205       4485.75000
   1206      18456.50000
   1207      20665.00000
   1208       6419.37500
   1209     -10057.62000
   1210     -17505.00000
   1211     -23947.56000
   1212     -34735.94000
   1213     -37253.94000
   1214     -27088.25000
   1215     -23494.44000
   1216     -34951.94000
   1217     -36216.00000
   1218      -8391.37500
   1219      23377.12000
   1220      24031.00000
   1221       -323.12500
   1222     -16436.62000
   1223     -14276.69000
   1224     -12422.25000
   1225     -17786.00000
   1226     -10746.94000
   1227      17528.62000
   1228      37300.25000
   1229      16529.38000
   1230     -29987.69000
   1231     -59365.06000
   1232     -57186.06000
   1233     -42746.00000
   1234     -30435.31000
   1235     -20308.25000
