      1     -13073.62000
      2      -2980.81200
      3      -8025.71900
      4     -20274.88000
      5     -26120.50000
      6     -33679.34000
      7     -56385.81000
      8     -83695.00000
      9     -87526.88000
     10     -53664.03000
     11        948.59380
     12      40750.50000
     13      44583.56000
     14      26387.84000
     15      12906.19000
     16       6678.21900
     17      -7832.81200
     18     -27975.56000
     19     -33236.38000
     20     -19484.03000
     21      -4563.96900
     22      -2737.81200
     23     -15510.53000
     24     -38516.59000
     25     -57733.41000
     26     -53722.72000
     27     -28072.50000
     28      -9722.21900
     29     -19088.88000
     30     -40577.41000
     31     -44557.03000
     32     -24367.88000
     33        647.71880
     34      11815.62000
     35       8371.50000
     36      -1565.18800
     37     -15238.38000
     38     -31271.66000
     39     -39078.09000
     40     -26889.50000
     41       -645.28120
     42      15483.91000
     43       2780.87500
     44     -29907.91000
     45     -52435.56000
     46     -45658.00000
     47     -22381.72000
     48      -9001.21900
     49     -15558.81000
     50     -32666.91000
     51     -44996.56000
     52     -40257.88000
     53     -21218.62000
     54      -9604.71900
     55     -18409.56000
     56     -31562.81000
     57     -34019.88000
     58     -37902.62000
     59     -50641.31000
     60     -50588.25000
     61     -24706.69000
     62       3507.71900
     63       8903.81200
     64      -4271.40600
     65     -19717.31000
     66     -27150.59000
     67     -20430.34000
     68      -2931.53100
     69      10442.91000
     70      13013.22000
     71      14013.75000
     72      19015.66000
     73      23843.84000
     74      28277.25000
     75      32576.34000
     76      26548.44000
     77       6259.56200
     78     -10424.66000
     79     -10049.81000
     80      -9208.93800
     81     -26298.62000
     82     -43447.00000
     83     -30834.56000
     84        466.15620
     85       9084.50000
     86     -12639.62000
     87     -26180.62000
     88      -9773.71900
     89       6805.00000
     90      -8485.65600
     91     -39178.94000
     92     -45363.22000
     93     -18657.88000
     94      10130.75000
     95      10450.62000
     96     -13654.75000
     97     -30840.19000
     98     -21527.38000
     99       -492.75000
    100       6797.31200
    101      -2858.93800
    102     -14202.41000
    103     -17400.50000
    104     -13576.31000
    105      -6403.75000
    106      -1464.62500
    107      -7347.37500
    108     -26543.62000
    109     -47481.16000
    110     -55641.19000
    111     -53480.06000
    112     -56073.47000
    113     -63848.22000
    114     -60078.56000
    115     -43912.22000
    116     -37230.44000
    117     -44299.56000
    118     -38910.06000
    119     -10774.78000
    120      11892.88000
    121       8723.56200
    122      -1173.56200
    123       2767.00000
    124       8776.87500
    125        957.87500
    126     -12034.50000
    127     -18445.66000
    128     -23898.50000
    129     -31681.94000
    130     -28203.12000
    131      -5192.68800
    132      21235.62000
    133      25262.88000
    134      -1857.93800
    135     -42171.81000
    136     -67396.38000
    137     -66680.03000
    138     -53252.81000
    139     -42183.62000
    140     -35847.81000
    141     -33157.25000
    142     -34762.69000
    143     -37839.06000
    144     -39551.62000
    145     -39644.06000
    146     -30694.56000
    147      -4005.25000
    148      26218.94000
    149      28111.81000
    150      -7101.31200
    151     -49481.12000
    152     -64500.22000
    153     -48582.81000
    154     -23559.56000
    155      -5610.18800
    156       7899.25000
    157      20744.75000
    158      22030.19000
    159       1064.00000
    160     -30196.78000
    161     -45328.56000
    162     -33642.25000
    163     -12608.44000
    164      -5426.56200
    165     -10348.75000
    166      -4349.62500
    167      17185.56000
    168      22964.06000
    169     -13195.44000
    170     -69756.88000
    171     -99561.59000
    172     -85112.47000
    173     -51690.84000
    174     -32298.66000
    175     -35605.16000
    176     -45799.91000
    177     -44974.28000
    178     -33094.50000
    179     -24561.69000
    180     -26180.75000
    181     -29407.25000
    182     -29537.38000
    183     -37381.00000
    184     -55998.22000
    185     -60314.91000
    186     -27340.31000
    187      21499.00000
    188      41026.31000
    189      21733.44000
    190      -6616.81200
    191     -24369.88000
    192     -35178.94000
    193     -38688.12000
    194     -32268.88000
    195     -29878.25000
    196     -40447.75000
    197     -44818.00000
    198     -28543.19000
    199     -12428.44000
    200     -17874.31000
    201     -29387.62000
    202     -21721.75000
    203        896.75000
    204      17536.81000
    205      22505.25000
    206      22091.62000
    207      12424.88000
    208     -15593.75000
    209     -49252.59000
    210     -57445.16000
    211     -34413.50000
    212     -14550.62000
    213     -23178.50000
    214     -39592.12000
    215     -33960.69000
    216     -12891.25000
    217      -2675.93800
    218     -10948.06000
    219     -24311.56000
    220     -27871.25000
    221     -18236.50000
    222      -6408.75000
    223      -5239.06200
    224     -11472.19000
    225     -10840.56000
    226       1701.25000
    227      18543.81000
    228      29260.25000
    229      25261.69000
    230       5451.43800
    231     -19829.56000
    232     -40767.38000
    233     -57407.44000
    234     -67636.62000
    235     -59892.22000
    236     -29535.38000
    237       8793.12500
    238      30835.69000
    239      21453.75000
    240      -9515.25000
    241     -30865.81000
    242     -25761.06000
    243     -15523.06000
    244     -22150.12000
    245     -26152.62000
    246      -1045.68800
    247      30909.06000
    248      27091.38000
    249      -7377.31200
    250     -30529.75000
    251     -30441.44000
    252     -33472.50000
    253     -51774.94000
    254     -65321.56000
    255     -58130.50000
    256     -41226.88000
    257     -32777.56000
    258     -33685.88000
    259     -32157.81000
    260     -23871.69000
    261     -16786.88000
    262     -16191.31000
    263     -17688.06000
    264     -19199.38000
    265     -26155.19000
    266     -38004.81000
    267     -43677.06000
    268     -37111.25000
    269     -25361.62000
    270     -18150.12000
    271     -16614.12000
    272     -11984.56000
    273       5131.00000
    274      29364.94000
    275      41473.12000
    276      31559.06000
    277       7286.31200
    278     -22939.12000
    279     -51205.88000
    280     -58618.62000
    281     -36538.31000
    282     -11877.94000
    283     -15281.38000
    284     -38608.81000
    285     -56519.38000
    286     -65887.19000
    287     -72064.38000
    288     -65391.56000
    289     -41373.25000
    290     -18425.06000
    291     -14419.94000
    292     -25528.75000
    293     -38727.62000
    294     -48654.62000
    295     -59214.12000
    296     -77485.88000
    297    -101145.90000
    298    -109743.20000
    299     -84719.94000
    300     -41025.50000
    301     -16266.00000
    302     -22951.75000
    303     -34989.25000
    304     -28786.88000
    305     -13001.38000
    306      -7889.62500
    307     -17992.19000
    308     -35876.12000
    309     -55098.19000
    310     -69413.19000
    311     -70872.56000
    312     -55341.94000
    313     -27149.75000
    314       -309.68750
    315       6973.81200
    316     -10927.94000
    317     -37114.25000
    318     -51197.56000
    319     -53652.56000
    320     -57478.50000
    321     -63589.19000
    322     -63099.62000
    323     -56440.75000
    324     -49946.19000
    325     -40115.62000
    326     -21477.56000
    327      -4024.06200
    328      -1799.93800
    329     -10092.81000
    330     -13989.75000
    331     -13257.31000
    332     -19010.31000
    333     -31486.25000
    334     -40424.19000
    335     -43095.44000
    336     -46034.06000
    337     -51011.81000
    338     -51534.81000
    339     -44178.50000
    340     -34809.38000
    341     -28358.25000
    342     -17054.12000
    343       7457.81200
    344      29888.62000
    345      22279.38000
    346     -12804.38000
    347     -38899.25000
    348     -38049.00000
    349     -31563.75000
    350     -35307.50000
    351     -35692.44000
    352     -25503.38000
    353     -20184.94000
    354     -25594.88000
    355     -29382.06000
    356     -28661.00000
    357     -29651.88000
    358     -26386.38000
    359     -14165.75000
    360      -7734.50000
    361     -16374.94000
    362     -24829.50000
    363     -23509.94000
    364     -27429.44000
    365     -42888.44000
    366     -48386.81000
    367     -31733.81000
    368     -17553.56000
    369     -31187.50000
    370     -54536.06000
    371     -48698.31000
    372     -13434.19000
    373       9338.68800
    374      -3672.68800
    375     -28048.75000
    376     -35848.88000
    377     -33447.81000
    378     -37942.62000
    379     -47194.00000
    380     -50667.88000
    381     -46954.31000
    382     -42044.31000
    383     -44809.44000
    384     -60942.38000
    385     -80711.81000
    386     -84619.12000
    387     -68920.44000
    388     -52144.81000
    389     -51187.31000
    390     -59956.75000
    391     -56587.75000
    392     -31898.88000
    393      -5263.56200
    394        721.87500
    395      -6395.25000
    396      -5235.87500
    397       1696.06200
    398      -1941.87500
    399     -13846.88000
    400     -22325.31000
    401     -27702.25000
    402     -30569.12000
    403     -25158.69000
    404     -17043.88000
    405     -17073.12000
    406     -17405.00000
    407      -6894.62500
    408        476.12500
    409     -14566.56000
    410     -43599.38000
    411     -64647.62000
    412     -70749.12000
    413     -65449.75000
    414     -51461.44000
    415     -37873.38000
    416     -38036.69000
    417     -48468.44000
    418     -48358.50000
    419     -29452.50000
    420      -9550.50000
    421      -7216.93800
    422     -18148.62000
    423     -25436.00000
    424     -18525.31000
    425       3406.62500
    426      31009.31000
    427      45250.88000
    428      35685.31000
    429      17847.62000
    430      14376.38000
    431      23135.12000
    432      22268.06000
    433       2911.87500
    434     -19997.12000
    435     -29828.12000
    436     -29472.81000
    437     -33950.62000
    438     -43858.19000
    439     -40444.56000
    440     -17076.12000
    441       2036.50000
    442      -3903.93800
    443     -17842.25000
    444     -12725.81000
    445       4458.87500
    446       9320.12500
    447       5354.06200
    448      16778.81000
    449      45573.94000
    450      67790.44000
    451      69547.69000
    452      61558.12000
    453      58185.12000
    454      61430.25000
    455      67072.44000
    456      73932.06000
    457      83789.25000
    458      98651.00000
    459     119621.90000
    460     146425.10000
    461     179955.20000
    462     223137.20000
    463     271217.20000
    464     301222.60000
    465     285529.40000
    466     223834.10000
    467     152180.20000
    468     109606.80000
    469     100373.30000
    470      98044.44000
    471      82939.75000
    472      62275.75000
    473      49863.62000
    474      41978.56000
    475      26402.06000
    476       5271.31200
    477      -5813.37500
    478       3505.87500
    479      29368.75000
    480      57359.69000
    481      74316.38000
    482      84894.56000
    483     109872.70000
    484     155635.50000
    485     197310.40000
    486     207409.90000
    487     186899.40000
    488     156568.20000
    489     134476.90000
    490     128775.80000
    491     133415.20000
    492     129650.60000
    493     111196.80000
    494      97923.81000
    495     102061.80000
    496     101250.50000
    497      77008.56000
    498      54207.75000
    499      63686.69000
    500      92018.19000
    501     110141.90000
    502     123403.30000
    503     149420.40000
    504     174634.00000
    505     174298.50000
    506     151556.40000
    507     124420.30000
    508      98174.44000
    509      72609.31000
    510      53680.25000
    511      46537.56000
    512      53599.62000
    513      76401.88000
    514     104662.10000
    515     119503.80000
    516     120442.90000
    517     124653.90000
    518     131483.80000
    519     123005.20000
    520     110348.50000
    521     135566.10000
    522     207322.90000
    523     271993.60000
    524     272499.10000
    525     209379.50000
    526     128949.20000
    527      75908.00000
    528      69103.44000
    529     103222.50000
    530     160153.80000
    531     221515.50000
    532     271037.20000
    533     296216.60000
    534     303639.70000
    535     317517.10000
    536     343245.60000
    537     355496.90000
    538     342481.30000
    539     325837.40000
    540     316957.70000
    541     298855.70000
    542     269902.60000
    543     257549.40000
    544     272261.10000
    545     292083.60000
    546     300778.10000
    547     302610.60000
    548     298139.60000
    549     278974.60000
    550     248318.40000
    551     223922.90000
    552     221085.60000
    553     241830.40000
    554     274816.80000
    555     302267.40000
    556     318651.90000
    557     342097.50000
    558     393466.20000
    559     468732.20000
    560     547860.10000
    561     620647.40000
    562     685773.40000
    563     744206.10000
    564     810953.90000
    565     912113.50000
    566    1064562.00000
    567    1278873.00000
    568    1575637.00000
    569    2023927.00000
    570    2852820.00000
    571    4437919.00000
    572    6855682.00000
    573    9362492.00000
    574    10686960.00000
    575    10122580.00000
    576    8159971.00000
    577    5908314.00000
    578    4131118.00000
    579    2959337.00000
    580    2216638.00000
    581    1722614.00000
    582    1370165.00000
    583    1114298.00000
    584     937895.30000
    585     816218.50000
    586     722362.50000
    587     649152.50000
    588     596636.90000
    589     551537.60000
    590     501285.40000
    591     455382.60000
    592     430033.80000
    593     417946.60000
    594     395941.30000
    595     359215.10000
    596     325093.10000
    597     304421.60000
    598     291020.30000
    599     277246.60000
    600     261694.00000
    601     243921.10000
    602     222963.60000
    603     200301.10000
    604     181321.60000
    605     172464.40000
    606     174289.40000
    607     182015.90000
    608     193779.20000
    609     205394.50000
    610     201091.40000
    611     172562.10000
    612     140373.30000
    613     130941.80000
    614     143569.10000
    615     159624.50000
    616     164044.90000
    617     146797.80000
    618     112076.00000
    619      88455.06000
    620      97105.38000
    621     117471.20000
    622     118018.40000
    623     103442.30000
    624      96912.12000
    625      98314.75000
    626      95168.94000
    627      95266.94000
    628     116046.30000
    629     150959.60000
    630     169189.50000
    631     150233.60000
    632     109914.40000
    633      84763.50000
    634      90226.69000
    635     106009.40000
    636     107198.40000
    637      92153.62000
    638      72515.19000
    639      55989.31000
    640      46372.12000
    641      42849.06000
    642      37694.00000
    643      28637.06000
    644      25815.81000
    645      34591.81000
    646      45371.44000
    647      50326.81000
    648      54179.38000
    649      61087.81000
    650      65179.12000
    651      59479.19000
    652      46578.44000
    653      37012.06000
    654      36072.88000
    655      33347.81000
    656      15759.44000
    657      -6736.87500
    658      -7321.00000
    659      18110.19000
    660      39751.62000
    661      35393.25000
    662      21034.75000
    663      23636.75000
    664      44466.12000
    665      67524.62000
    666      84359.12000
    667      91661.62000
    668      83437.56000
    669      63198.38000
    670      47691.38000
    671      46217.06000
    672      50696.81000
    673      50259.81000
    674      41498.06000
    675      27207.81000
    676      16716.06000
    677      19196.44000
    678      30227.81000
    679      38604.12000
    680      44610.00000
    681      50997.94000
    682      45587.06000
    683      21425.94000
    684       1542.75000
    685       9491.93800
    686      28312.75000
    687      24484.00000
    688        906.50000
    689      -8478.87500
    690      10357.94000
    691      34505.19000
    692      36089.50000
    693      14791.44000
    694      -3571.31200
    695       1442.06200
    696      19473.12000
    697      26842.94000
    698      23631.56000
    699      29881.44000
    700      50034.56000
    701      69145.50000
    702      78819.81000
    703      79760.38000
    704      67880.56000
    705      42602.00000
    706      17725.56000
    707       4297.00000
    708      -4792.62500
    709     -16642.19000
    710     -18132.00000
    711       7463.25000
    712      49923.19000
    713      77158.94000
    714      72580.06000
    715      49618.69000
    716      25027.81000
    717       -736.87500
    718     -27439.94000
    719     -42858.25000
    720     -40932.62000
    721     -33332.62000
    722     -31044.06000
    723     -30548.75000
    724     -27215.94000
    725     -25073.00000
    726     -23216.00000
    727      -9944.43800
    728      15202.00000
    729      30555.69000
    730      21370.81000
    731       2191.00000
    732      -8246.06200
    733     -11593.19000
    734     -10069.50000
    735       5944.75000
    736      28419.06000
    737      27388.31000
    738       -156.18750
    739     -15111.06000
    740       7674.06200
    741      42577.00000
    742      50198.94000
    743      24690.00000
    744      -7046.43800
    745     -15343.31000
    746       8321.12500
    747      45270.25000
    748      63586.00000
    749      44316.50000
    750       1146.06200
    751     -26998.38000
    752     -14873.00000
    753      16965.88000
    754      26920.75000
    755       8178.06200
    756      -7800.50000
    757      -2634.81200
    758       8015.12500
    759       7601.25000
    760        418.56250
    761      -4230.93800
    762      -5356.68800
    763      -5342.12500
    764      -6415.62500
    765      -9974.75000
    766      -9957.43800
    767       6190.31200
    768      38509.44000
    769      61289.19000
    770      45015.62000
    771      -4763.62500
    772     -47865.19000
    773     -56313.00000
    774     -40134.25000
    775     -17391.56000
    776      11801.56000
    777      44707.88000
    778      60783.56000
    779      49172.25000
    780      28482.06000
    781      22152.62000
    782      32094.31000
    783      45874.94000
    784      53233.81000
    785      48127.19000
    786      28677.12000
    787       3791.62500
    788      -9471.18800
    789      -5166.81200
    790        656.75000
    791      -8707.00000
    792     -23723.94000
    793     -21199.31000
    794       -537.75000
    795      14112.50000
    796       7911.06200
    797      -8872.12500
    798     -19566.81000
    799     -18924.75000
    800     -11044.19000
    801      -1640.81200
    802       4530.75000
    803       4460.06200
    804      -1017.12500
    805      -6039.93800
    806      -4730.75000
    807        855.06250
    808       2223.31200
    809      -4252.18800
    810     -11150.00000
    811      -6472.56200
    812      13353.44000
    813      34153.31000
    814      33694.50000
    815       8834.06200
    816     -16501.00000
    817     -22181.69000
    818     -17926.50000
    819     -25191.56000
    820     -46236.25000
    821     -64174.62000
    822     -65705.81000
    823     -54590.44000
    824     -42579.00000
    825     -29316.12000
    826      -2512.56200
    827      33697.31000
    828      50618.69000
    829      33754.88000
    830       8295.68800
    831       3728.31200
    832      15496.38000
    833      23878.19000
    834      27730.31000
    835      35324.31000
    836      38788.62000
    837      22951.19000
    838      -6937.06200
    839     -27673.56000
    840     -30447.25000
    841     -31570.50000
    842     -42074.06000
    843     -45846.94000
    844     -25920.44000
    845       3615.06200
    846      16180.19000
    847      12228.06000
    848      13640.62000
    849      22623.38000
    850      14512.06000
    851     -20605.19000
    852     -51583.62000
    853     -39112.38000
    854      14629.88000
    855      65798.06000
    856      74719.12000
    857      40159.38000
    858      -7681.62500
    859     -37175.06000
    860     -40424.25000
    861     -34800.81000
    862     -37325.88000
    863     -41968.25000
    864     -33613.44000
    865     -17104.94000
    866     -11411.38000
    867     -17364.56000
    868     -14708.44000
    869       6493.93800
    870      31108.31000
    871      38937.50000
    872      24524.31000
    873      -2941.56200
    874     -26532.06000
    875     -30758.62000
    876     -16139.62000
    877      -1173.18800
    878       -472.43750
    879      -9632.00000
    880     -19669.62000
    881     -30050.50000
    882     -35713.31000
    883     -24183.69000
    884      -2526.81200
    885        476.25000
    886     -20654.44000
    887     -33262.88000
    888     -20189.44000
    889      -8974.68800
    890     -18295.75000
    891     -18920.12000
    892      14635.50000
    893      54076.56000
    894      60632.00000
    895      43251.94000
    896      32968.94000
    897      30077.00000
    898      17209.50000
    899       -747.50000
    900      -6883.56200
    901      -2601.62500
    902        147.81250
    903      -2049.68800
    904     -10723.25000
    905     -28335.56000
    906     -44182.56000
    907     -42119.56000
    908     -25818.69000
    909     -13433.69000
    910     -11201.75000
    911     -11404.62000
    912      -6600.25000
    913       4451.50000
    914      12224.12000
    915       1344.93800
    916     -23093.50000
    917     -30776.44000
    918      -8562.18800
    919      16619.88000
    920      16851.81000
    921      -1585.93800
    922     -17175.19000
    923     -21570.69000
    924     -19144.00000
    925     -18774.12000
    926     -29338.25000
    927     -48835.75000
    928     -58936.56000
    929     -41167.19000
    930       1327.43800
    931      42394.88000
    932      55605.88000
    933      40401.56000
    934      23024.00000
    935      26636.69000
    936      43407.44000
    937      45373.38000
    938      22745.56000
    939      -1593.00000
    940      -3425.50000
    941      10152.56000
    942      14730.81000
    943       3433.25000
    944     -11527.44000
    945     -21613.94000
    946     -25803.19000
    947     -22101.88000
    948     -13055.69000
    949      -8123.00000
    950      -9473.75000
    951     -10492.56000
    952     -12369.06000
    953     -21311.25000
    954     -31339.75000
    955     -35139.25000
    956     -43047.19000
    957     -61980.81000
    958     -71501.00000
    959     -56012.19000
    960     -39101.19000
    961     -45977.19000
    962     -56309.69000
    963     -38114.88000
    964      -4415.75000
    965       6758.18800
    966     -11263.12000
    967     -32192.19000
    968     -34603.19000
    969     -16901.25000
    970      10304.38000
    971      31386.06000
    972      35257.31000
    973      24355.19000
    974      11125.56000
    975       7342.43800
    976      16196.38000
    977      29182.81000
    978      33874.62000
    979      27679.25000
    980      17622.44000
    981       9392.56200
    982       6201.37500
    983      11584.62000
    984      22165.88000
    985      26317.62000
    986      17615.44000
    987        895.75000
    988     -16986.25000
    989     -33320.44000
    990     -48164.12000
    991     -61373.25000
    992     -66123.25000
    993     -50332.75000
    994     -15069.00000
    995      18503.00000
    996      32041.69000
    997      25497.12000
    998       4636.81200
    999     -22935.00000
   1000     -38587.25000
   1001     -28751.06000
   1002      -7431.81200
   1003       4397.12500
   1004       7940.68800
   1005       9331.75000
   1006       -334.81250
   1007     -20524.44000
   1008     -27506.56000
   1009      -9349.62500
   1010      15443.25000
   1011      28228.81000
   1012      29869.19000
   1013      27952.19000
   1014      30545.00000
   1015      44392.81000
   1016      59395.00000
   1017      54064.50000
   1018      28423.44000
   1019       4186.81200
   1020     -11542.81000
   1021     -29005.62000
   1022     -45236.62000
   1023     -47956.00000
   1024     -44572.19000
   1025     -52371.94000
   1026     -64457.31000
   1027     -55310.06000
   1028     -19333.69000
   1029      16234.19000
   1030      19761.62000
   1031     -10957.06000
   1032     -45763.31000
   1033     -53042.19000
   1034     -32254.06000
   1035     -10131.25000
   1036      -4575.68800
   1037      -4214.00000
   1038       9014.75000
   1039      29953.62000
   1040      39154.19000
   1041      31316.06000
   1042      14336.38000
   1043      -9993.50000
   1044     -39241.75000
   1045     -55327.25000
   1046     -44185.62000
   1047     -20602.00000
   1048      -9097.56200
   1049     -11990.50000
   1050     -15485.38000
   1051     -11892.75000
   1052      -2763.81200
   1053       3988.68800
   1054      -3788.37500
   1055     -24776.31000
   1056     -32218.81000
   1057      -3005.56200
   1058      44894.81000
   1059      66736.38000
   1060      43265.75000
   1061        756.68750
   1062     -24989.50000
   1063     -28778.75000
   1064     -29011.62000
   1065     -32766.88000
   1066     -30034.94000
   1067     -20336.69000
   1068     -20358.25000
   1069     -39046.88000
   1070     -63110.00000
   1071     -73106.94000
   1072     -61942.38000
   1073     -36708.56000
   1074     -11747.31000
   1075        400.68750
   1076      -2643.06200
   1077     -14384.50000
   1078     -29386.38000
   1079     -46535.06000
   1080     -60920.75000
   1081     -61130.12000
   1082     -43919.00000
   1083     -25384.50000
   1084     -23792.06000
   1085     -35546.75000
   1086     -44165.62000
   1087     -45821.00000
   1088     -45793.94000
   1089     -40741.31000
   1090     -28660.31000
   1091     -24379.44000
   1092     -39292.44000
   1093     -56818.31000
   1094     -52436.06000
   1095     -30058.88000
   1096     -17789.44000
   1097     -29826.12000
   1098     -48954.44000
   1099     -51220.31000
   1100     -36997.19000
   1101     -26291.56000
   1102     -29553.75000
   1103     -39054.75000
   1104     -47542.88000
   1105     -57328.25000
   1106     -66706.62000
   1107     -62976.00000
   1108     -37887.25000
   1109      -2900.93800
   1110      19957.44000
   1111      20913.56000
   1112       8242.18800
   1113      -7383.12500
   1114     -22472.50000
   1115     -32486.19000
   1116     -29079.75000
   1117     -13257.19000
   1118       -771.00000
   1119      -6064.62500
   1120     -24913.62000
   1121     -39469.81000
   1122     -40458.00000
   1123     -37719.12000
   1124     -43272.44000
   1125     -52341.44000
   1126     -52591.44000
   1127     -43843.31000
   1128     -35886.62000
   1129     -33720.50000
   1130     -33895.38000
   1131     -28559.88000
   1132     -12235.56000
   1133       9069.06200
   1134      23200.38000
   1135      30852.69000
   1136      41541.06000
   1137      47303.25000
   1138      26181.56000
   1139     -22132.75000
   1140     -66658.19000
   1141     -76858.75000
   1142     -51530.94000
   1143     -16523.38000
   1144       1278.25000
   1145         80.68750
   1146       -570.31250
   1147      10726.50000
   1148      26034.69000
   1149      34609.06000
   1150      29871.62000
   1151       5082.56200
   1152     -35246.31000
   1153     -69401.75000
   1154     -83252.56000
   1155     -85866.06000
   1156     -86054.81000
   1157     -75328.88000
   1158     -47866.38000
   1159     -17886.69000
   1160      -5907.12500
   1161     -18842.06000
   1162     -45390.31000
   1163     -63582.44000
   1164     -58616.44000
   1165     -38541.31000
   1166     -23702.06000
   1167     -19678.25000
   1168     -15675.38000
   1169     -10043.12000
   1170     -14575.44000
   1171     -27971.62000
   1172     -30661.44000
   1173     -17848.38000
   1174     -11812.69000
   1175     -25505.94000
   1176     -39430.44000
   1177     -34153.19000
   1178     -22683.69000
   1179     -27022.56000
   1180     -40697.19000
   1181     -40597.75000
   1182     -26190.06000
   1183     -20592.50000
   1184     -32322.00000
   1185     -39711.06000
   1186     -23215.50000
   1187       2553.56200
   1188       4519.93800
   1189     -26481.12000
   1190     -62310.06000
   1191     -69409.62000
   1192     -45305.19000
   1193     -16441.62000
   1194      -5920.00000
   1195     -13521.69000
   1196     -23682.62000
   1197     -21508.31000
   1198      -4227.18800
   1199      13856.06000
   1200      12160.38000
   1201     -14949.19000
   1202     -52015.62000
   1203     -76610.00000
   1204     -75399.62000
   1205     -54513.06000
   1206     -36880.50000
   1207     -38186.44000
   1208     -50229.50000
   1209     -61244.62000
   1210     -75060.50000
   1211     -89597.75000
   1212     -82677.50000
   1213     -46422.00000
   1214     -10128.94000
   1215      -2341.75000
   1216     -14358.44000
   1217     -22886.50000
   1218     -24090.25000
   1219     -24438.94000
   1220     -19637.00000
   1221      -4579.12500
   1222      10048.50000
   1223       8377.62500
   1224     -11414.06000
   1225     -36454.69000
   1226     -49234.75000
   1227     -38603.44000
   1228     -13514.81000
   1229       -758.81250
   1230     -16430.81000
   1231     -49237.44000
   1232     -79929.06000
   1233     -98378.00000
   1234     -95394.25000
   1235     -63748.88000
