      1     -33123.88000
      2     -53870.25000
      3     -66380.78000
      4     -55729.09000
      5     -29570.69000
      6      -8606.75000
      7       3106.25000
      8      15457.19000
      9      28277.69000
     10      29357.19000
     11      11333.94000
     12     -18082.31000
     13     -40515.69000
     14     -45605.53000
     15     -43003.31000
     16     -41776.62000
     17     -30365.12000
     18      -2024.93800
     19      18563.94000
     20       7392.68800
     21     -19016.44000
     22     -27873.50000
     23     -15932.19000
     24      -4604.62500
     25      -5266.87500
     26     -11811.94000
     27     -17959.62000
     28     -24962.31000
     29     -33625.44000
     30     -38756.81000
     31     -36150.62000
     32     -30188.88000
     33     -27908.75000
     34     -27238.69000
     35     -19348.50000
     36      -3418.06200
     37       8664.12500
     38       6724.75000
     39      -4501.62500
     40     -12638.62000
     41     -11278.62000
     42       1074.06200
     43      24948.50000
     44      49517.62000
     45      50787.25000
     46      18219.75000
     47     -26007.19000
     48     -49964.56000
     49     -47685.69000
     50     -40493.06000
     51     -46860.44000
     52     -59275.91000
     53     -55991.69000
     54     -34303.75000
     55     -16792.88000
     56     -17511.81000
     57     -23863.94000
     58     -24346.19000
     59     -26434.75000
     60     -33353.50000
     61     -33478.38000
     62     -25025.00000
     63     -21250.88000
     64     -23928.50000
     65     -18546.44000
     66       2264.25000
     67      29421.12000
     68      47051.94000
     69      40899.19000
     70       8324.50000
     71     -33987.38000
     72     -61561.16000
     73     -60678.31000
     74     -34424.50000
     75      -2626.62500
     76       6094.56200
     77     -17341.44000
     78     -44881.44000
     79     -43369.38000
     80     -17931.62000
     81      -1895.62500
     82      -9608.50000
     83     -22537.00000
     84     -22853.62000
     85     -19200.75000
     86     -26568.69000
     87     -35679.81000
     88     -26316.94000
     89      -3952.18800
     90       6069.87500
     91      -1072.06200
     92      -6483.81200
     93      -3703.93800
     94      -6621.00000
     95     -19755.12000
     96     -27818.75000
     97     -19712.75000
     98      -6185.43800
     99      -8760.25000
    100     -34195.31000
    101     -61513.19000
    102     -61602.06000
    103     -32954.56000
    104      -4431.56200
    105       3656.56200
    106       1367.87500
    107       2706.31200
    108       1789.68800
    109      -8604.50000
    110     -18866.00000
    111     -21672.12000
    112     -26128.25000
    113     -36823.44000
    114     -43959.12000
    115     -46962.25000
    116     -57552.81000
    117     -69319.56000
    118     -58612.62000
    119     -24765.25000
    120       2878.62500
    121       4821.43800
    122      -9045.75000
    123     -22124.44000
    124     -31759.25000
    125     -42938.38000
    126     -52127.44000
    127     -44936.56000
    128     -16375.69000
    129      12150.00000
    130      15074.81000
    131      -1394.75000
    132      -8966.50000
    133        817.56250
    134       9142.56200
    135        271.37500
    136     -21197.88000
    137     -38439.00000
    138     -36596.50000
    139     -16559.00000
    140       1391.00000
    141      -3214.87500
    142     -29570.81000
    143     -59422.38000
    144     -74390.12000
    145     -66787.38000
    146     -45169.25000
    147     -30069.94000
    148     -32008.69000
    149     -37364.56000
    150     -27500.69000
    151      -5072.12500
    152      10706.50000
    153       8926.06200
    154      -2906.75000
    155     -10423.31000
    156      -8216.56200
    157      -2442.62500
    158       1115.68800
    159       5962.81200
    160      18040.25000
    161      36366.25000
    162      54092.00000
    163      60247.44000
    164      42295.31000
    165       1229.25000
    166     -40100.06000
    167     -60380.12000
    168     -62152.50000
    169     -54457.31000
    170     -34578.19000
    171      -9000.37500
    172      -4365.25000
    173     -28384.38000
    174     -48500.62000
    175     -39988.12000
    176     -25701.94000
    177     -37089.88000
    178     -63968.12000
    179     -75033.31000
    180     -63824.88000
    181     -45057.25000
    182     -25878.06000
    183      -7980.00000
    184      -1787.50000
    185     -14470.88000
    186     -33895.44000
    187     -40891.12000
    188     -31504.88000
    189     -17965.38000
    190     -12474.00000
    191     -14841.81000
    192     -15800.19000
    193     -11046.69000
    194      -4971.75000
    195        926.12500
    196       8123.50000
    197       4870.62500
    198     -25283.88000
    199     -68794.06000
    200     -85257.81000
    201     -59426.19000
    202     -23243.56000
    203     -11540.12000
    204     -19109.31000
    205     -16800.81000
    206       3376.43800
    207      15531.75000
    208      -4420.00000
    209     -39413.94000
    210     -45693.31000
    211      -8797.87500
    212      37849.75000
    213      56219.81000
    214      40758.12000
    215       6662.18800
    216     -30085.12000
    217     -52713.50000
    218     -49492.50000
    219     -28493.56000
    220     -10016.75000
    221      -1931.75000
    222       3627.81200
    223      11904.12000
    224      18134.06000
    225      17109.38000
    226       9178.43800
    227      -4713.93800
    228     -27102.75000
    229     -58319.81000
    230     -86298.94000
    231     -89967.38000
    232     -62678.12000
    233     -25037.56000
    234       -222.31250
    235      13294.38000
    236      23697.56000
    237      17234.94000
    238     -19454.06000
    239     -61827.81000
    240     -71416.88000
    241     -48517.19000
    242     -24975.38000
    243     -15455.00000
    244     -11200.56000
    245     -10714.50000
    246     -19950.31000
    247     -29165.31000
    248     -22034.62000
    249      -5095.06200
    250      -1056.06200
    251     -12783.94000
    252     -19086.69000
    253      -9676.62500
    254       -146.31250
    255      -3947.18800
    256     -12869.94000
    257     -16633.69000
    258     -19078.25000
    259     -24087.44000
    260     -27358.50000
    261     -30224.62000
    262     -39485.06000
    263     -50719.94000
    264     -52342.75000
    265     -42305.62000
    266     -22802.62000
    267       6382.68800
    268      30091.31000
    269      18472.19000
    270     -31119.12000
    271     -79114.31000
    272     -93369.62000
    273     -85454.44000
    274     -77116.31000
    275     -63305.81000
    276     -33254.94000
    277      -1630.06200
    278       6784.75000
    279     -11221.69000
    280     -35276.88000
    281     -43203.75000
    282     -31488.31000
    283     -16656.00000
    284     -11922.50000
    285      -8335.43800
    286       5542.25000
    287      17485.88000
    288       8430.43800
    289     -18536.25000
    290     -47332.50000
    291     -68985.06000
    292     -76303.12000
    293     -62095.56000
    294     -33950.25000
    295      -8916.68800
    296       8209.25000
    297      20427.00000
    298      21330.25000
    299       5348.68800
    300     -13932.94000
    301     -15269.94000
    302       3597.18800
    303      21718.12000
    304      17664.00000
    305      -7021.06200
    306     -30779.94000
    307     -37476.62000
    308     -29975.62000
    309     -18689.00000
    310      -9073.68800
    311      -2400.62500
    312       1586.75000
    313       2949.06200
    314      -1994.50000
    315     -15072.94000
    316     -26124.19000
    317     -22831.31000
    318     -12159.81000
    319     -12465.06000
    320     -22207.44000
    321     -19225.31000
    322       3789.06200
    323      26106.06000
    324      26612.19000
    325       4656.81200
    326     -25830.62000
    327     -44286.62000
    328     -34497.56000
    329      -6443.25000
    330       9820.56200
    331       5565.75000
    332        -83.81250
    333      -1651.81200
    334     -12970.06000
    335     -26243.94000
    336     -15257.62000
    337      16437.94000
    338      36835.88000
    339      32768.50000
    340      16325.12000
    341      -5469.00000
    342     -30209.12000
    343     -41246.88000
    344     -21698.12000
    345      16872.94000
    346      39288.06000
    347      21860.56000
    348     -22340.44000
    349     -54253.69000
    350     -49332.81000
    351     -26296.62000
    352     -24152.19000
    353     -49420.94000
    354     -65573.81000
    355     -43468.44000
    356       -302.93750
    357      27857.38000
    358      30290.88000
    359      16524.50000
    360      -8670.37500
    361     -38138.19000
    362     -52831.50000
    363     -46237.94000
    364     -36743.25000
    365     -36210.75000
    366     -33542.38000
    367     -22287.12000
    368     -12649.50000
    369      -7732.62500
    370       -327.75000
    371       5332.31200
    372       -166.56250
    373     -10157.81000
    374     -14404.81000
    375     -19067.44000
    376     -29378.94000
    377     -31868.00000
    378     -17084.44000
    379       1483.56200
    380      11903.94000
    381      24592.56000
    382      46281.94000
    383      55851.44000
    384      32929.88000
    385      -5710.37500
    386     -25461.81000
    387     -16390.38000
    388       6544.31200
    389      29057.75000
    390      40994.75000
    391      31534.00000
    392       1662.50000
    393     -31746.44000
    394     -52889.62000
    395     -55149.19000
    396     -36671.69000
    397      -4853.31200
    398      20900.06000
    399      23785.75000
    400       2054.93800
    401     -32039.62000
    402     -57399.62000
    403     -57337.19000
    404     -35252.06000
    405      -6995.43800
    406      20237.94000
    407      46896.06000
    408      69252.25000
    409      82055.44000
    410      79518.69000
    411      50594.38000
    412      -3339.43800
    413     -50202.31000
    414     -56741.62000
    415     -30558.00000
    416      -6484.56200
    417      -1489.81200
    418      -7283.68800
    419     -15598.00000
    420     -27559.00000
    421     -42728.81000
    422     -54666.12000
    423     -59478.75000
    424     -59748.88000
    425     -54815.81000
    426     -35027.69000
    427       1534.31200
    428      33104.44000
    429      35351.19000
    430      13770.62000
    431      -7502.87500
    432     -21814.25000
    433     -36150.50000
    434     -40911.75000
    435     -20991.00000
    436       8262.12500
    437      15656.12000
    438       3647.75000
    439       3188.43800
    440      19592.00000
    441      26481.94000
    442      18370.25000
    443      23069.94000
    444      49426.50000
    445      66290.00000
    446      50707.62000
    447      19257.69000
    448      -4408.81200
    449     -16463.56000
    450     -14576.19000
    451      10419.00000
    452      49777.19000
    453      73456.44000
    454      64970.94000
    455      40293.94000
    456      25811.81000
    457      29752.25000
    458      39415.69000
    459      40646.31000
    460      33460.12000
    461      25559.06000
    462      18825.19000
    463      13928.50000
    464      19099.12000
    465      39344.88000
    466      63323.56000
    467      72931.94000
    468      61290.25000
    469      38226.44000
    470      22704.00000
    471      26682.25000
    472      44305.69000
    473      62068.69000
    474      74181.00000
    475      77881.69000
    476      66866.38000
    477      45472.88000
    478      36429.44000
    479      57108.12000
    480      93881.12000
    481     114283.20000
    482     106519.50000
    483      97116.12000
    484     116028.20000
    485     149348.10000
    486     152843.40000
    487     113910.60000
    488      69181.88000
    489      56007.69000
    490      77768.12000
    491     117175.80000
    492     150790.30000
    493     154000.90000
    494     123397.20000
    495      90984.19000
    496      90974.19000
    497     120370.40000
    498     150818.90000
    499     166737.20000
    500     172647.60000
    501     175391.20000
    502     178759.90000
    503     190541.90000
    504     221013.20000
    505     270807.60000
    506     323081.40000
    507     352225.20000
    508     351129.10000
    509     351579.60000
    510     400467.90000
    511     506813.20000
    512     626621.60000
    513     710804.80000
    514     753892.40000
    515     788336.80000
    516     848870.30000
    517     953387.10000
    518    1104061.00000
    519    1291332.00000
    520    1502089.00000
    521    1733205.00000
    522    2003906.00000
    523    2363250.00000
    524    2887499.00000
    525    3648699.00000
    526    4657786.00000
    527    5819633.00000
    528    6927580.00000
    529    7706625.00000
    530    7915783.00000
    531    7483752.00000
    532    6567528.00000
    533    5455140.00000
    534    4397310.00000
    535    3520852.00000
    536    2849077.00000
    537    2350794.00000
    538    1976105.00000
    539    1683210.00000
    540    1447116.00000
    541    1251450.00000
    542    1084907.00000
    543     940995.40000
    544     813192.40000
    545     698240.40000
    546     604520.70000
    547     540110.80000
    548     494562.20000
    549     449909.80000
    550     402399.30000
    551     357786.10000
    552     316451.10000
    553     277219.80000
    554     243380.20000
    555     215978.50000
    556     193208.40000
    557     178787.40000
    558     176470.20000
    559     177952.70000
    560     172404.60000
    561     164884.80000
    562     169207.80000
    563     185610.80000
    564     199485.20000
    565     197958.00000
    566     177176.90000
    567     141608.90000
    568     106987.90000
    569      94351.94000
    570     109735.80000
    571     136170.60000
    572     151565.60000
    573     146951.60000
    574     125585.40000
    575      96261.94000
    576      71789.31000
    577      62453.25000
    578      63677.94000
    579      57646.69000
    580      34307.69000
    581       6554.68800
    582      -1257.06200
    583      20807.75000
    584      54881.62000
    585      68401.62000
    586      46276.38000
    587      11258.62000
    588       2207.81200
    589      29101.88000
    590      62296.38000
    591      69706.88000
    592      49976.69000
    593      24439.69000
    594      10914.56000
    595      13435.50000
    596      27466.69000
    597      44275.88000
    598      53240.25000
    599      49687.69000
    600      40469.06000
    601      33872.38000
    602      28670.12000
    603      23691.25000
    604      27390.69000
    605      41666.06000
    606      50155.44000
    607      41384.06000
    608      28133.62000
    609      27304.69000
    610      36609.62000
    611      43931.69000
    612      44702.81000
    613      41644.00000
    614      38538.19000
    615      39298.38000
    616      47208.81000
    617      61872.38000
    618      77217.44000
    619      84299.12000
    620      78840.19000
    621      64228.00000
    622      47203.19000
    623      37391.50000
    624      47247.38000
    625      76567.56000
    626      98872.06000
    627      84584.12000
    628      41067.19000
    629      10098.69000
    630      18776.19000
    631      47765.50000
    632      56427.12000
    633      28911.62000
    634     -12912.12000
    635     -35271.00000
    636     -22790.81000
    637      12499.75000
    638      44152.12000
    639      52767.88000
    640      39586.00000
    641      22430.25000
    642      17807.31000
    643      25003.62000
    644      29499.12000
    645      23925.69000
    646      17681.62000
    647      20299.19000
    648      26900.00000
    649      27852.81000
    650      21695.94000
    651      14340.88000
    652      13793.25000
    653      19773.81000
    654      15963.31000
    655      -6540.18800
    656     -21974.31000
    657      -3685.31200
    658      23649.38000
    659      15717.00000
    660     -21271.38000
    661     -46956.06000
    662     -53031.44000
    663     -57812.69000
    664     -59342.31000
    665     -45353.56000
    666     -25191.12000
    667     -11504.19000
    668       4210.06200
    669      27970.44000
    670      42600.38000
    671      35787.19000
    672      26312.31000
    673      39232.19000
    674      67346.88000
    675      76491.31000
    676      47487.81000
    677       1192.56200
    678     -23620.69000
    679     -13027.44000
    680       9269.06200
    681      13587.69000
    682        568.12500
    683      -2975.81200
    684      18335.81000
    685      45672.06000
    686      45472.88000
    687       6740.31200
    688     -45253.31000
    689     -71043.56000
    690     -53154.31000
    691     -12003.75000
    692      16452.50000
    693      18668.50000
    694      11548.31000
    695      13877.50000
    696      25784.75000
    697      39881.25000
    698      53890.50000
    699      63217.06000
    700      57268.75000
    701      34484.12000
    702      11217.38000
    703       4778.68800
    704      11104.56000
    705       8954.18800
    706     -11024.50000
    707     -30476.56000
    708     -25717.38000
    709       1166.62500
    710      24936.12000
    711      26409.31000
    712      10063.56000
    713      -4192.62500
    714      -1497.12500
    715      15735.19000
    716      37649.69000
    717      62157.19000
    718      86504.25000
    719      92145.31000
    720      62341.19000
    721      11841.12000
    722     -23661.88000
    723     -25274.69000
    724      -2729.31200
    725      24146.38000
    726      41477.88000
    727      45020.00000
    728      39411.62000
    729      34130.75000
    730      36239.19000
    731      45453.31000
    732      56588.06000
    733      67405.44000
    734      82620.62000
    735     106875.90000
    736     133559.30000
    737     143680.70000
    738     121236.60000
    739      74168.38000
    740      34193.50000
    741      26610.06000
    742      44629.81000
    743      61892.25000
    744      62961.50000
    745      53800.88000
    746      49967.62000
    747      58219.06000
    748      65653.75000
    749      53203.50000
    750      24067.75000
    751       4277.12500
    752       9779.81200
    753      30303.31000
    754      48953.75000
    755      59210.38000
    756      59147.69000
    757      46905.62000
    758      29823.31000
    759      26957.94000
    760      49371.50000
    761      79548.38000
    762      85292.81000
    763      58591.50000
    764      25467.94000
    765      11998.06000
    766      18689.06000
    767      32503.06000
    768      42644.06000
    769      39158.12000
    770      17371.19000
    771      -9129.68800
    772     -17963.19000
    773      -7031.50000
    774       1279.56200
    775      -7515.31200
    776     -18831.56000
    777     -12264.50000
    778       7669.37500
    779      19834.25000
    780      16247.25000
    781       8154.25000
    782       8429.81200
    783      18665.56000
    784      30587.88000
    785      35472.75000
    786      32114.31000
    787      23399.94000
    788      10927.56000
    789       3545.50000
    790      18139.88000
    791      53069.06000
    792      79507.12000
    793      84249.00000
    794      95481.62000
    795     133726.80000
    796     166271.60000
    797     149516.80000
    798      92741.38000
    799      41968.19000
    800      21315.44000
    801      24178.31000
    802      42831.12000
    803      72785.31000
    804      98059.12000
    805      99884.56000
    806      80137.19000
    807      62816.31000
    808      68482.31000
    809      89546.69000
    810      98757.44000
    811      87517.56000
    812      79534.06000
    813      89763.56000
    814      93734.75000
    815      67314.00000
    816      32604.81000
    817      25825.25000
    818      40033.31000
    819      40633.19000
    820      23152.44000
    821      16121.31000
    822      32246.50000
    823      50194.44000
    824      47236.00000
    825      27288.12000
    826      11914.75000
    827      17759.38000
    828      45641.88000
    829      80556.56000
    830     100187.70000
    831      90710.94000
    832      56137.25000
    833      12502.81000
    834     -21641.25000
    835     -31053.06000
    836     -12476.44000
    837      18949.38000
    838      38694.81000
    839      32781.75000
    840      10053.94000
    841      -6580.25000
    842      -6491.62500
    843      -4866.06200
    844     -18713.00000
    845     -38107.50000
    846     -39660.81000
    847     -18606.50000
    848      11900.31000
    849      38726.38000
    850      48461.00000
    851      30723.19000
    852        468.37500
    853      -6236.87500
    854      21892.00000
    855      50348.06000
    856      41072.94000
    857        921.81250
    858     -26007.94000
    859      -8038.06200
    860      39089.69000
    861      67531.12000
    862      49983.00000
    863      10717.06000
    864      -7019.56200
    865       6389.81200
    866      27094.38000
    867      36902.06000
    868      34212.44000
    869      19044.94000
    870      -3549.06200
    871     -16959.50000
    872     -13897.31000
    873      -8963.87500
    874     -13639.38000
    875     -18475.00000
    876     -13925.00000
    877      -8276.62500
    878     -12209.00000
    879     -22039.12000
    880     -28214.38000
    881     -29547.69000
    882     -31251.38000
    883     -34895.69000
    884     -36194.31000
    885     -30178.56000
    886     -16440.25000
    887      -2468.62500
    888       -971.62500
    889     -15494.88000
    890     -30228.19000
    891     -27777.25000
    892     -15940.81000
    893     -19087.75000
    894     -41720.00000
    895     -60476.69000
    896     -56638.00000
    897     -38475.69000
    898     -24229.69000
    899     -18680.75000
    900     -16580.75000
    901     -18516.19000
    902     -31606.44000
    903     -55697.19000
    904     -74181.94000
    905     -63611.75000
    906     -20572.62000
    907      24018.06000
    908      33465.38000
    909       7684.06200
    910     -19990.81000
    911     -25310.44000
    912     -15291.88000
    913     -13419.25000
    914     -32925.94000
    915     -57138.94000
    916     -52083.94000
    917     -14441.25000
    918      13585.06000
    919       2584.31200
    920     -21548.38000
    921     -24162.94000
    922     -15823.00000
    923     -25187.31000
    924     -47143.25000
    925     -51819.44000
    926     -31011.12000
    927     -10931.19000
    928     -17146.56000
    929     -40591.94000
    930     -51654.62000
    931     -41439.75000
    932     -26142.12000
    933     -14541.62000
    934      -2199.62500
    935       4715.50000
    936      -5492.31200
    937     -22356.00000
    938     -23581.94000
    939     -10206.44000
    940      -2962.06200
    941      -9905.93800
    942     -21580.50000
    943     -29235.06000
    944     -29077.44000
    945     -20730.25000
    946     -12810.19000
    947     -13996.06000
    948     -15962.75000
    949      -6453.43800
    950       5137.25000
    951       1047.06200
    952     -14666.94000
    953     -23230.88000
    954     -16706.50000
    955       -307.50000
    956      14291.56000
    957      10690.81000
    958     -16040.50000
    959     -45442.00000
    960     -55239.00000
    961     -51423.00000
    962     -54348.69000
    963     -66385.38000
    964     -71710.38000
    965     -58639.19000
    966     -30289.44000
    967      -1291.56200
    968       9155.93800
    969     -10275.31000
    970     -49134.25000
    971     -76961.25000
    972     -68605.44000
    973     -30899.62000
    974       4074.87500
    975      15406.88000
    976      11540.00000
    977       7626.25000
    978       2769.43800
    979      -8657.50000
    980     -19818.81000
    981     -20368.06000
    982     -11518.88000
    983      -1572.93800
    984       3613.37500
    985       1165.18800
    986      -6819.62500
    987     -10916.00000
    988      -4101.87500
    989       9444.37500
    990      20186.75000
    991      18130.88000
    992      -5144.87500
    993     -40589.38000
    994     -56482.88000
    995     -35006.06000
    996       -276.62500
    997      16478.81000
    998      16771.69000
    999      13255.88000
   1000        -54.68750
   1001     -26373.19000
   1002     -47484.12000
   1003     -52412.75000
   1004     -53635.31000
   1005     -57140.31000
   1006     -50107.56000
   1007     -32641.44000
   1008     -26924.38000
   1009     -40841.00000
   1010     -52973.06000
   1011     -45225.56000
   1012     -24522.19000
   1013      -5053.93800
   1014       8128.93800
   1015      15017.88000
   1016      16807.56000
   1017      13717.94000
   1018        404.50000
   1019     -22224.50000
   1020     -34033.00000
   1021     -21288.19000
   1022      -5588.68800
   1023     -13556.25000
   1024     -34370.94000
   1025     -42263.38000
   1026     -36209.69000
   1027     -27429.12000
   1028     -19238.62000
   1029     -18800.69000
   1030     -32439.00000
   1031     -44451.88000
   1032     -39149.50000
   1033     -31225.31000
   1034     -35765.06000
   1035     -36021.56000
   1036     -18111.38000
   1037       -663.00000
   1038       1961.12500
   1039       4671.56200
   1040      16325.38000
   1041      20124.69000
   1042       5521.62500
   1043     -15590.31000
   1044     -31641.44000
   1045     -41416.56000
   1046     -41391.00000
   1047     -28662.25000
   1048     -16160.00000
   1049     -23229.56000
   1050     -47181.88000
   1051     -60554.50000
   1052     -46950.50000
   1053     -26289.81000
   1054     -25556.50000
   1055     -35590.06000
   1056     -26169.19000
   1057       2234.68800
   1058      18341.81000
   1059      11421.31000
   1060       6794.12500
   1061      24358.75000
   1062      48522.50000
   1063      48233.94000
   1064      16061.56000
   1065     -18040.19000
   1066     -16964.56000
   1067      19724.00000
   1068      56499.31000
   1069      65334.88000
   1070      46813.06000
   1071      13313.94000
   1072     -20451.75000
   1073     -37183.31000
   1074     -32831.50000
   1075     -24234.94000
   1076     -26063.88000
   1077     -33881.69000
   1078     -34923.06000
   1079     -21511.38000
   1080       1585.37500
   1081      14654.56000
   1082       2458.75000
   1083     -22225.69000
   1084     -35799.50000
   1085     -36773.06000
   1086     -35478.75000
   1087     -26681.50000
   1088      -4028.25000
   1089      13392.12000
   1090       2752.93800
   1091     -23684.81000
   1092     -32695.69000
   1093     -18670.44000
   1094      -6414.87500
   1095      -5772.75000
   1096      -2017.68800
   1097       3447.50000
   1098      -9887.12500
   1099     -32186.50000
   1100     -24578.31000
   1101      14945.44000
   1102      41114.81000
   1103      29067.88000
   1104        569.31250
   1105     -21226.69000
   1106     -33654.31000
   1107     -34667.25000
   1108     -23513.06000
   1109     -12745.31000
   1110     -10430.50000
   1111      -7883.75000
   1112      -2276.81200
   1113      -4429.68800
   1114     -13655.44000
   1115     -15196.19000
   1116      -8823.81200
   1117     -10926.81000
   1118     -25950.75000
   1119     -40223.81000
   1120     -43352.19000
   1121     -38802.44000
   1122     -35787.19000
   1123     -38864.44000
   1124     -42277.31000
   1125     -37435.06000
   1126     -29762.81000
   1127     -33316.88000
   1128     -44037.62000
   1129     -42700.12000
   1130     -29846.00000
   1131     -26196.62000
   1132     -33747.38000
   1133     -32055.06000
   1134     -17942.12000
   1135     -13802.38000
   1136     -31923.44000
   1137     -58542.31000
   1138     -74038.69000
   1139     -70087.75000
   1140     -50749.62000
   1141     -28460.56000
   1142     -14252.50000
   1143      -9162.31200
   1144      -8074.87500
   1145      -4534.25000
   1146       8014.37500
   1147      24844.81000
   1148      25234.88000
   1149        952.50000
   1150     -21564.06000
   1151     -14180.75000
   1152      12449.31000
   1153      28511.81000
   1154      26866.19000
   1155      16828.88000
   1156      -4493.50000
   1157     -43495.25000
   1158     -83360.38000
   1159     -93528.94000
   1160     -65336.25000
   1161     -22364.38000
   1162       5850.25000
   1163      11573.56000
   1164       8626.75000
   1165      10818.56000
   1166      16856.19000
   1167      18220.75000
   1168      14169.69000
   1169       8893.25000
   1170        356.50000
   1171     -13265.88000
   1172     -22908.38000
   1173     -21704.88000
   1174     -17597.44000
   1175     -15249.62000
   1176      -4997.31200
   1177      10875.12000
   1178       7464.00000
   1179     -25170.94000
   1180     -60563.88000
   1181     -69826.12000
   1182     -52732.81000
   1183     -24883.88000
   1184       2775.43800
   1185      23528.06000
   1186      30910.69000
   1187      22981.62000
   1188       6180.81200
   1189      -8901.18800
   1190     -17117.19000
   1191     -21838.31000
   1192     -26591.75000
   1193     -30599.69000
   1194     -35001.88000
   1195     -42694.69000
   1196     -50462.44000
   1197     -52076.69000
   1198     -48291.25000
   1199     -44393.75000
   1200     -41030.44000
   1201     -34408.50000
   1202     -23355.81000
   1203     -13459.94000
   1204     -12262.12000
   1205     -18204.88000
   1206     -19148.12000
   1207      -6396.93800
   1208      15483.25000
   1209      33666.75000
   1210      34337.44000
   1211      11183.12000
   1212     -23825.81000
   1213     -47576.44000
   1214     -49786.19000
   1215     -37051.44000
   1216     -16478.50000
   1217       4898.00000
   1218      12678.81000
   1219        361.12500
   1220     -16238.19000
   1221     -18213.25000
   1222      -6547.68800
   1223       4982.75000
   1224       6897.25000
   1225      -1346.12500
   1226     -12082.94000
   1227     -15361.44000
   1228     -12890.56000
   1229     -18036.81000
   1230     -34270.31000
   1231     -46046.31000
   1232     -39767.38000
   1233     -22045.19000
   1234      -9619.81200
   1235     -11383.94000
