      1     -40913.19000
      2     -50694.31000
      3     -47740.94000
      4     -22804.25000
      5       3534.43800
      6         82.06250
      7     -29305.69000
      8     -46591.75000
      9     -32610.94000
     10     -10802.12000
     11      -8893.50000
     12     -23394.38000
     13     -34268.44000
     14     -34304.88000
     15     -29221.81000
     16     -21641.06000
     17     -10720.62000
     18      -1097.12500
     19        308.00000
     20      -6825.62500
     21     -17258.19000
     22     -25039.75000
     23     -25375.38000
     24     -20350.50000
     25     -20867.56000
     26     -32961.38000
     27     -47200.81000
     28     -51284.69000
     29     -45108.56000
     30     -35161.19000
     31     -25876.69000
     32     -24314.31000
     33     -38758.94000
     34     -60634.56000
     35     -62772.50000
     36     -33950.12000
     37      -3434.56200
     38      -6045.00000
     39     -31062.69000
     40     -37493.19000
     41     -15975.81000
     42       -506.75000
     43     -17329.75000
     44     -55161.88000
     45     -88980.06000
     46    -105246.60000
     47    -100772.40000
     48     -79193.50000
     49     -52483.19000
     50     -30925.88000
     51     -11673.56000
     52      10481.94000
     53      25266.44000
     54      17644.75000
     55      -4882.31200
     56     -18132.62000
     57     -16919.44000
     58     -20772.50000
     59     -39179.19000
     60     -56552.44000
     61     -57565.38000
     62     -45205.06000
     63     -30833.06000
     64     -24606.81000
     65     -31888.69000
     66     -43525.81000
     67     -41527.44000
     68     -27281.88000
     69     -24208.00000
     70     -39900.69000
     71     -52441.62000
     72     -46964.62000
     73     -35347.56000
     74     -29231.12000
     75     -24584.56000
     76     -19346.38000
     77     -17226.94000
     78     -15523.94000
     79     -13515.19000
     80     -20032.12000
     81     -33692.69000
     82     -38344.81000
     83     -31058.25000
     84     -24947.00000
     85     -20595.19000
     86      -9851.31200
     87      -3846.37500
     88     -20135.06000
     89     -48147.00000
     90     -60003.50000
     91     -48737.31000
     92     -31850.00000
     93     -23371.56000
     94     -21238.94000
     95     -20326.75000
     96     -21805.19000
     97     -22792.19000
     98     -10753.75000
     99      16203.25000
    100      36459.44000
    101      30843.44000
    102       7217.25000
    103     -17368.69000
    104     -39424.25000
    105     -58779.69000
    106     -66725.38000
    107     -56268.75000
    108     -31600.81000
    109      -7299.12500
    110      -3340.81200
    111     -26669.50000
    112     -54851.19000
    113     -58735.94000
    114     -39207.19000
    115     -20681.19000
    116     -17205.06000
    117     -25215.81000
    118     -37326.00000
    119     -46190.94000
    120     -46926.62000
    121     -44611.12000
    122     -47760.06000
    123     -52808.88000
    124     -48600.56000
    125     -35526.19000
    126     -27323.94000
    127     -31196.31000
    128     -34691.19000
    129     -19720.06000
    130      11471.38000
    131      33513.94000
    132      27599.75000
    133       5396.25000
    134      -6667.00000
    135         20.87500
    136      10544.62000
    137       8566.12500
    138      -5860.00000
    139     -17719.94000
    140     -12082.75000
    141       8134.93800
    142      20416.69000
    143       7408.00000
    144     -18693.56000
    145     -29558.06000
    146     -18119.38000
    147      -8042.75000
    148     -20791.62000
    149     -45940.62000
    150     -55207.19000
    151     -39509.25000
    152     -17412.69000
    153      -7797.50000
    154      -9500.62500
    155      -9274.31200
    156       2788.00000
    157      24339.88000
    158      38089.44000
    159      27798.94000
    160       2344.87500
    161     -15752.88000
    162     -25493.69000
    163     -40748.75000
    164     -53763.88000
    165     -45998.25000
    166     -27628.06000
    167     -22905.56000
    168     -28212.56000
    169     -26061.75000
    170     -22311.56000
    171     -28154.62000
    172     -27778.25000
    173      -6212.37500
    174      11530.00000
    175      -6901.06200
    176     -42510.00000
    177     -43587.06000
    178       -888.68750
    179      36500.44000
    180      27301.94000
    181     -15195.56000
    182     -52124.56000
    183     -64297.56000
    184     -56609.06000
    185     -39487.38000
    186     -17788.00000
    187       7507.50000
    188      27317.19000
    189      23409.88000
    190      -6512.00000
    191     -37782.44000
    192     -53105.44000
    193     -64530.50000
    194     -78167.25000
    195     -69914.69000
    196     -24882.12000
    197      28455.69000
    198      49415.25000
    199      30304.12000
    200      -2465.68800
    201     -16645.94000
    202       -898.75000
    203      26472.62000
    204      38465.00000
    205      31187.38000
    206      23456.25000
    207      25116.75000
    208      22636.19000
    209       3469.93800
    210     -18424.44000
    211     -18563.50000
    212      -1314.56200
    213        195.43750
    214     -25800.50000
    215     -46873.56000
    216     -34894.12000
    217      -9831.56200
    218      -5242.18800
    219     -14114.25000
    220      -5884.18800
    221      19086.19000
    222      30457.94000
    223      16711.19000
    224      -1631.56200
    225      -6955.25000
    226      -3310.25000
    227        589.37500
    228       2870.75000
    229       1902.25000
    230      -3737.37500
    231     -10241.69000
    232     -14475.94000
    233     -18642.12000
    234     -24135.00000
    235     -28968.12000
    236     -31505.06000
    237     -29564.75000
    238     -21437.69000
    239     -11311.56000
    240      -4077.50000
    241       4099.18800
    242      16460.44000
    243      21208.31000
    244       3382.31200
    245     -30215.56000
    246     -51958.06000
    247     -43631.19000
    248     -18759.75000
    249      -7285.75000
    250     -20021.31000
    251     -38945.56000
    252     -44165.06000
    253     -36191.12000
    254     -26318.06000
    255     -17762.50000
    256      -5985.06200
    257       6776.31200
    258       8733.93800
    259      -3112.75000
    260     -12137.75000
    261      -6077.81200
    262       -572.12500
    263     -15486.88000
    264     -41235.81000
    265     -56474.06000
    266     -62099.25000
    267     -67604.25000
    268     -62786.81000
    269     -35476.69000
    270      -4217.81200
    271      -1805.62500
    272     -28235.44000
    273     -44756.38000
    274     -24154.44000
    275      10907.81000
    276      19529.44000
    277        328.93750
    278     -10529.44000
    279       4137.87500
    280      17675.94000
    281      -1519.37500
    282     -45515.44000
    283     -73169.94000
    284     -56813.94000
    285     -10532.50000
    286      33400.69000
    287      59072.69000
    288      62337.75000
    289      36772.50000
    290      -6774.68800
    291     -31539.88000
    292     -17155.69000
    293      12368.12000
    294      26981.81000
    295      28522.12000
    296      30537.94000
    297      29480.50000
    298      16134.75000
    299      -3771.18800
    300     -15628.12000
    301     -14935.94000
    302     -12429.69000
    303     -18046.94000
    304     -24248.00000
    305     -15781.00000
    306       6425.68800
    307      25799.25000
    308      31205.69000
    309      23251.12000
    310       8615.12500
    311         26.43750
    312       7534.43800
    313      20822.75000
    314      17178.00000
    315      -8246.25000
    316     -36254.00000
    317     -46203.56000
    318     -33252.19000
    319      -9748.93800
    320       4601.62500
    321       2764.37500
    322      -3658.56200
    323      -7221.31200
    324     -16496.88000
    325     -32718.31000
    326     -37827.19000
    327     -21490.38000
    328       1984.43800
    329      16157.69000
    330      23113.25000
    331      31852.12000
    332      39554.00000
    333      34829.62000
    334      15632.56000
    335      -4994.81200
    336     -14803.06000
    337     -14644.75000
    338      -9365.50000
    339      -1431.75000
    340        664.87500
    341     -10777.12000
    342     -23242.19000
    343     -18164.94000
    344      -2509.56200
    345       4472.87500
    346       6384.06200
    347      18425.00000
    348      35289.88000
    349      41600.00000
    350      36545.88000
    351      24536.81000
    352       3372.81200
    353     -20386.69000
    354     -27850.31000
    355     -11915.69000
    356      14329.81000
    357      35832.44000
    358      44391.81000
    359      35136.75000
    360      15225.69000
    361       7221.68800
    362      21784.25000
    363      37170.62000
    364      28693.94000
    365       6239.81200
    366      -4142.12500
    367      -2444.37500
    368      -7146.87500
    369     -16396.69000
    370     -12272.25000
    371       1206.93800
    372        489.75000
    373     -16114.81000
    374     -22444.62000
    375      -6067.25000
    376      13328.75000
    377      16144.69000
    378       8216.62500
    379       3767.68800
    380       3717.31200
    381       1760.25000
    382      -2581.62500
    383      -4709.81200
    384      -2361.56200
    385        307.68750
    386      -2673.62500
    387      -7347.31200
    388      -2710.62500
    389       7021.00000
    390       1325.18800
    391     -24771.81000
    392     -48729.00000
    393     -49857.25000
    394     -30909.19000
    395      -8060.75000
    396       4160.12500
    397       3547.43800
    398       4536.31200
    399      19128.19000
    400      34894.38000
    401      32555.19000
    402      16163.19000
    403       2566.00000
    404      -3665.25000
    405      -4036.93800
    406       6297.18800
    407      28768.62000
    408      58086.06000
    409      93206.50000
    410     128557.90000
    411     137380.60000
    412      96387.25000
    413      27777.06000
    414     -16569.75000
    415     -16146.69000
    416       3196.18800
    417      15967.81000
    418      24118.81000
    419      34427.69000
    420      42180.25000
    421      42603.12000
    422      35612.88000
    423      21741.38000
    424       9251.56200
    425      12049.69000
    426      28468.75000
    427      39985.31000
    428      36966.25000
    429      26060.75000
    430      12481.62000
    431      -3804.93800
    432     -17452.38000
    433     -20032.44000
    434      -8413.81200
    435      17043.19000
    436      52526.44000
    437      84240.56000
    438      95882.44000
    439      87130.81000
    440      72674.38000
    441      61519.31000
    442      51172.75000
    443      41381.69000
    444      37919.00000
    445      42961.25000
    446      53683.75000
    447      65713.56000
    448      70113.69000
    449      60921.81000
    450      50272.62000
    451      54334.50000
    452      64158.62000
    453      60068.69000
    454      50573.06000
    455      59597.88000
    456      81251.19000
    457      87007.44000
    458      73192.75000
    459      64342.06000
    460      71656.06000
    461      78784.56000
    462      69680.12000
    463      50869.56000
    464      42693.50000
    465      55382.06000
    466      74139.12000
    467      72786.25000
    468      48553.94000
    469      32965.44000
    470      54429.06000
    471     100639.10000
    472     134211.50000
    473     134405.40000
    474     109744.10000
    475      81773.69000
    476      67391.50000
    477      66809.31000
    478      66309.38000
    479      60178.44000
    480      57571.50000
    481      59711.56000
    482      54416.62000
    483      45033.50000
    484      55730.88000
    485      93643.69000
    486     131753.60000
    487     141983.30000
    488     127395.20000
    489     111903.90000
    490     108781.20000
    491     108681.30000
    492      97566.88000
    493      77454.94000
    494      62715.44000
    495      65209.50000
    496      90562.12000
    497     135987.20000
    498     182001.60000
    499     202076.60000
    500     191667.40000
    501     176600.10000
    502     184027.40000
    503     211567.70000
    504     232573.60000
    505     229697.90000
    506     215020.10000
    507     212243.10000
    508     229137.20000
    509     256692.70000
    510     284846.50000
    511     310289.90000
    512     336506.00000
    513     367589.10000
    514     395286.20000
    515     405510.40000
    516     407773.60000
    517     433500.70000
    518     492193.80000
    519     559651.10000
    520     624200.10000
    521     708629.10000
    522     829229.50000
    523     968731.40000
    524    1115303.00000
    525    1301296.00000
    526    1582010.00000
    527    2012190.00000
    528    2678906.00000
    529    3695946.00000
    530    5039362.00000
    531    6367349.00000
    532    7131305.00000
    533    6978062.00000
    534    6028450.00000
    535    4733996.00000
    536    3514032.00000
    537    2554297.00000
    538    1858833.00000
    539    1377290.00000
    540    1059130.00000
    541     846133.70000
    542     680196.50000
    543     537894.30000
    544     433506.40000
    545     375886.60000
    546     347915.80000
    547     335752.40000
    548     345114.90000
    549     377481.70000
    550     416891.80000
    551     444715.10000
    552     447169.50000
    553     415677.60000
    554     358723.10000
    555     301811.80000
    556     260245.70000
    557     223940.70000
    558     179653.00000
    559     135850.20000
    560     112366.50000
    561     110021.10000
    562     106863.80000
    563      90223.94000
    564      74745.31000
    565      75811.94000
    566      84726.19000
    567      87150.00000
    568      87530.38000
    569      99091.62000
    570     122311.60000
    571     142107.60000
    572     141898.00000
    573     122219.10000
    574     100982.60000
    575      86017.00000
    576      64848.62000
    577      38126.56000
    578      32437.25000
    579      54747.94000
    580      68378.94000
    581      41963.19000
    582      -7538.37500
    583     -41531.31000
    584     -43751.94000
    585     -23541.50000
    586       4166.18800
    587      28876.38000
    588      41969.50000
    589      33983.19000
    590       3267.81200
    591     -31166.00000
    592     -39041.88000
    593     -10201.88000
    594      33224.19000
    595      62461.94000
    596      68334.75000
    597      57408.00000
    598      37968.75000
    599      18994.75000
    600       9743.75000
    601      10599.31000
    602      13491.62000
    603      14983.19000
    604      18574.62000
    605      24978.94000
    606      32036.69000
    607      40908.81000
    608      51713.00000
    609      59118.38000
    610      59901.44000
    611      58086.19000
    612      59490.25000
    613      66350.06000
    614      72919.06000
    615      63589.25000
    616      28666.38000
    617     -14754.00000
    618     -35495.31000
    619     -25343.81000
    620      -5294.37500
    621       5700.50000
    622       9283.06200
    623      13917.25000
    624      17995.62000
    625      10444.00000
    626     -15680.38000
    627     -48875.62000
    628     -64296.44000
    629     -51204.50000
    630     -24558.44000
    631       -414.18750
    632      20427.12000
    633      33193.06000
    634      22154.44000
    635     -11015.69000
    636     -38677.19000
    637     -41154.69000
    638     -28085.44000
    639     -21066.31000
    640     -31339.56000
    641     -51247.00000
    642     -58696.75000
    643     -40814.94000
    644     -14385.75000
    645      -6630.12500
    646     -21236.62000
    647     -40822.06000
    648     -52754.75000
    649     -56257.00000
    650     -55292.56000
    651     -57686.00000
    652     -71186.19000
    653     -90528.50000
    654     -96026.88000
    655     -74364.06000
    656     -36866.31000
    657      -7313.87500
    658       5729.93800
    659      12977.56000
    660      24097.06000
    661      36657.25000
    662      40836.31000
    663      25887.50000
    664      -7158.12500
    665     -35732.62000
    666     -36485.19000
    667     -14123.81000
    668       9355.56200
    669      21660.25000
    670      18725.31000
    671        473.62500
    672     -16015.38000
    673     -10118.31000
    674       7285.50000
    675       8125.75000
    676      -6464.62500
    677     -13539.69000
    678      -9961.68800
    679      -6369.00000
    680        707.06250
    681      12839.62000
    682      11592.62000
    683     -10187.81000
    684     -28171.06000
    685     -24534.19000
    686     -13076.12000
    687      -6538.25000
    688       3045.43800
    689      15061.06000
    690      11142.94000
    691      -9729.31200
    692     -22911.50000
    693     -14721.50000
    694       3303.06200
    695      19123.69000
    696      31241.00000
    697      36066.62000
    698      28220.50000
    699      12716.56000
    700       2593.68800
    701       5317.75000
    702      14853.50000
    703      14399.19000
    704      -6638.93800
    705     -34777.44000
    706     -45568.81000
    707     -36653.62000
    708     -27073.94000
    709     -23585.88000
    710     -14339.25000
    711       4514.93800
    712      22920.62000
    713      35069.25000
    714      41692.19000
    715      41931.06000
    716      38503.00000
    717      37376.56000
    718      34801.88000
    719      23879.69000
    720      14107.00000
    721      20842.12000
    722      38683.50000
    723      48092.31000
    724      43114.75000
    725      36150.75000
    726      41176.12000
    727      59066.75000
    728      72668.12000
    729      60723.44000
    730      25300.06000
    731      -6636.12500
    732     -17035.62000
    733     -14454.00000
    734     -10447.06000
    735      -1043.62500
    736      16874.69000
    737      30142.38000
    738      24019.44000
    739       2852.68800
    740     -13120.88000
    741      -8518.68800
    742      12121.50000
    743      29512.31000
    744      31131.94000
    745      25221.38000
    746      27772.69000
    747      39459.25000
    748      46096.75000
    749      38696.19000
    750      21733.69000
    751       6856.50000
    752       8493.37500
    753      32921.19000
    754      59679.50000
    755      56308.81000
    756      27701.38000
    757      20168.00000
    758      54751.94000
    759      93639.88000
    760      99959.06000
    761      92169.56000
    762     108397.80000
    763     152161.30000
    764     201903.40000
    765     242030.80000
    766     260462.20000
    767     242880.20000
    768     189416.60000
    769     119738.40000
    770      55242.94000
    771      11855.06000
    772       4404.12500
    773      34030.25000
    774      72691.75000
    775      82542.44000
    776      54121.25000
    777      11798.12000
    778     -16517.94000
    779     -20529.56000
    780      -2224.93800
    781      30167.06000
    782      59508.06000
    783      67664.00000
    784      52451.69000
    785      28191.50000
    786      10598.31000
    787       8424.68800
    788      22366.12000
    789      42207.44000
    790      51636.56000
    791      43446.12000
    792      25359.56000
    793      10966.25000
    794      10730.25000
    795      25869.94000
    796      43240.56000
    797      43690.25000
    798      22948.31000
    799      -2563.18800
    800     -13810.38000
    801      -5586.43800
    802      14725.94000
    803      35167.06000
    804      44640.31000
    805      38759.31000
    806      22977.38000
    807       5395.56200
    808     -13110.56000
    809     -34968.19000
    810     -53962.00000
    811     -59296.81000
    812     -51430.50000
    813     -39312.00000
    814     -22880.50000
    815       2636.12500
    816      26662.12000
    817      30604.25000
    818      16646.62000
    819       7407.68800
    820      13889.75000
    821      22361.06000
    822      16973.75000
    823        510.06250
    824     -13579.12000
    825     -18643.56000
    826     -16823.62000
    827     -12788.75000
    828     -12701.31000
    829     -18049.56000
    830     -13725.50000
    831      18286.69000
    832      63152.56000
    833      77078.94000
    834      42805.25000
    835      -4285.06200
    836     -21998.00000
    837      -8454.56200
    838      12279.94000
    839      27563.56000
    840      38136.56000
    841      38340.88000
    842      18726.25000
    843     -13168.38000
    844     -34385.25000
    845     -34447.06000
    846     -27648.94000
    847     -31763.00000
    848     -44714.94000
    849     -48236.00000
    850     -31944.56000
    851     -11044.44000
    852     -11691.62000
    853     -35027.12000
    854     -53622.62000
    855     -49919.44000
    856     -32198.31000
    857      -8994.18800
    858      17492.88000
    859      32639.88000
    860      21463.31000
    861      -5040.68800
    862     -23361.31000
    863     -22931.25000
    864      -4445.06200
    865      20644.56000
    866      27445.69000
    867       5863.93800
    868     -19804.12000
    869     -26724.62000
    870     -23562.00000
    871     -23717.12000
    872     -23445.50000
    873     -19205.25000
    874     -11526.44000
    875       7973.56200
    876      39195.81000
    877      54465.38000
    878      30011.88000
    879     -16097.69000
    880     -42969.00000
    881     -34382.88000
    882     -12286.50000
    883      -8565.75000
    884     -30335.56000
    885     -53996.88000
    886     -54473.62000
    887     -33628.56000
    888     -12653.12000
    889      -4899.62500
    890      -6653.18800
    891      -7809.37500
    892      -2334.68800
    893       7001.56200
    894      10221.19000
    895       1817.87500
    896      -9247.62500
    897     -10035.38000
    898      -2891.25000
    899      -2763.12500
    900     -14759.44000
    901     -26797.56000
    902     -27536.44000
    903     -20856.06000
    904     -18763.00000
    905     -26600.44000
    906     -37495.50000
    907     -38893.50000
    908     -26409.50000
    909     -10866.81000
    910      -6115.43800
    911     -12850.44000
    912     -21418.56000
    913     -24632.25000
    914     -20459.81000
    915     -11578.00000
    916      -8259.87500
    917     -18155.81000
    918     -29381.44000
    919     -20447.25000
    920       9232.43800
    921      34248.81000
    922      30769.94000
    923       -883.18750
    924     -38106.75000
    925     -54628.88000
    926     -43526.75000
    927     -23703.69000
    928     -17244.19000
    929     -26118.81000
    930     -39075.69000
    931     -49356.12000
    932     -53186.69000
    933     -43502.38000
    934     -19757.00000
    935       5305.87500
    936      19709.06000
    937      24120.75000
    938      20884.94000
    939       4555.75000
    940     -22599.25000
    941     -39024.38000
    942     -27900.25000
    943      -3179.50000
    944       9786.00000
    945       9092.06200
    946       9029.31200
    947      10813.56000
    948       5786.81200
    949      -3617.81200
    950      -8790.25000
    951      -9851.43800
    952     -10926.50000
    953     -13739.56000
    954     -21798.50000
    955     -33434.12000
    956     -32501.00000
    957      -9157.18800
    958      16141.06000
    959      15399.50000
    960      -5978.12500
    961     -14923.94000
    962       7423.25000
    963      46052.44000
    964      69259.06000
    965      57533.81000
    966      21296.50000
    967      -9570.18800
    968     -19063.56000
    969     -19368.94000
    970     -26058.50000
    971     -34687.19000
    972     -32582.62000
    973     -19875.56000
    974      -7524.87500
    975      -3040.18800
    976      -5161.06200
    977      -8669.75000
    978     -11001.38000
    979     -14027.56000
    980     -19712.56000
    981     -26719.00000
    982     -33321.12000
    983     -40512.81000
    984     -49577.81000
    985     -56685.69000
    986     -52112.00000
    987     -30801.75000
    988      -5739.25000
    989        572.56250
    990     -15409.81000
    991     -31207.12000
    992     -26614.62000
    993      -6475.68800
    994       8525.68800
    995       2687.12500
    996     -19778.62000
    997     -32280.50000
    998     -11157.56000
    999      29897.62000
   1000      50623.12000
   1001      33870.25000
   1002        834.12500
   1003     -21915.12000
   1004     -23807.69000
   1005      -5104.37500
   1006      21478.56000
   1007      32057.12000
   1008      19042.94000
   1009       5458.75000
   1010      11334.31000
   1011      21882.44000
   1012      10698.31000
   1013     -19503.56000
   1014     -42156.94000
   1015     -44346.19000
   1016     -37315.06000
   1017     -32007.69000
   1018     -25590.44000
   1019     -15949.44000
   1020      -9961.87500
   1021      -8855.00000
   1022      -2300.81200
   1023      12955.50000
   1024      23630.50000
   1025      18011.69000
   1026        152.68750
   1027     -19989.75000
   1028     -36109.50000
   1029     -42654.00000
   1030     -39242.44000
   1031     -37346.25000
   1032     -43580.19000
   1033     -41950.19000
   1034     -17200.81000
   1035      13731.31000
   1036      23162.12000
   1037      13444.75000
   1038       4422.43800
   1039      -4746.93800
   1040     -26983.00000
   1041     -55681.56000
   1042     -72315.81000
   1043     -71008.44000
   1044     -54071.88000
   1045     -23746.81000
   1046       4494.62500
   1047       5005.93800
   1048     -24250.62000
   1049     -51793.88000
   1050     -50694.69000
   1051     -28510.69000
   1052      -9362.31200
   1053      -4502.81200
   1054     -10596.44000
   1055     -20210.44000
   1056     -23962.19000
   1057     -16463.81000
   1058      -5325.81200
   1059        -92.75000
   1060       5929.50000
   1061      22886.06000
   1062      38465.56000
   1063      31588.81000
   1064       9884.18800
   1065       4705.12500
   1066      23650.31000
   1067      33794.19000
   1068       6234.93800
   1069     -39912.19000
   1070     -59007.44000
   1071     -37448.19000
   1072      -5604.31200
   1073       8685.81200
   1074       9380.00000
   1075       7879.87500
   1076       -286.62500
   1077     -20656.50000
   1078     -44125.44000
   1079     -57524.69000
   1080     -54599.81000
   1081     -33377.06000
   1082        875.68750
   1083      28604.75000
   1084      27181.62000
   1085      -6296.68800
   1086     -50265.69000
   1087     -77401.44000
   1088     -75653.19000
   1089     -55083.69000
   1090     -36404.62000
   1091     -29837.50000
   1092     -27383.25000
   1093     -19883.69000
   1094     -13207.75000
   1095     -17394.12000
   1096     -28026.00000
   1097     -30469.38000
   1098     -18552.88000
   1099      -1198.12500
   1100       7659.12500
   1101       4505.75000
   1102        784.12500
   1103       6075.75000
   1104      10434.75000
   1105      -1775.12500
   1106     -23192.38000
   1107     -29037.69000
   1108     -12486.81000
   1109       4996.12500
   1110       3890.87500
   1111      -8716.18800
   1112     -14651.12000
   1113     -12873.75000
   1114     -15186.56000
   1115     -20291.88000
   1116     -17118.19000
   1117     -12864.62000
   1118     -27264.69000
   1119     -55760.12000
   1120     -69831.00000
   1121     -58555.38000
   1122     -40365.94000
   1123     -29943.44000
   1124     -19549.75000
   1125        424.12500
   1126      19922.12000
   1127      19343.62000
   1128      -2032.25000
   1129     -18812.69000
   1130      -9380.00000
   1131      16451.00000
   1132      31786.62000
   1133      23230.25000
   1134      -5181.62500
   1135     -41799.19000
   1136     -67635.31000
   1137     -63852.12000
   1138     -31034.19000
   1139       9319.00000
   1140      34624.50000
   1141      34800.38000
   1142      14425.50000
   1143      -9389.50000
   1144     -20758.88000
   1145     -20164.19000
   1146     -15371.75000
   1147      -3716.62500
   1148      17244.38000
   1149      30466.62000
   1150      17568.12000
   1151      -8399.50000
   1152     -16432.12000
   1153      -3968.12500
   1154      -1533.00000
   1155     -25180.81000
   1156     -50363.50000
   1157     -46412.50000
   1158     -17752.88000
   1159       5398.25000
   1160       6665.25000
   1161      -1767.75000
   1162      -2184.87500
   1163       3471.62500
   1164        -16.00000
   1165     -13149.38000
   1166     -16944.75000
   1167      -4093.87500
   1168       5522.50000
   1169      -1651.12500
   1170      -6383.87500
   1171       9247.50000
   1172      24712.12000
   1173      12396.00000
   1174     -15018.00000
   1175     -25767.12000
   1176     -17714.00000
   1177      -9321.25000
   1178      -3781.50000
   1179       2229.62500
   1180      -2743.50000
   1181     -22726.12000
   1182     -33319.50000
   1183     -13775.00000
   1184      19740.12000
   1185      35199.00000
   1186      21810.12000
   1187      -5571.12500
   1188     -22856.25000
   1189     -15735.50000
   1190       4474.75000
   1191      10607.38000
   1192      -6136.50000
   1193     -26575.00000
   1194     -32467.12000
   1195     -24504.50000
   1196     -10393.62000
   1197       3513.37500
   1198       9587.37500
   1199       5709.12500
   1200        881.62500
   1201       2840.62500
   1202       7967.62500
   1203       9669.50000
   1204       7702.37500
   1205       6086.75000
   1206       8466.00000
   1207      15024.38000
   1208      21196.88000
   1209      22806.75000
   1210      21270.38000
   1211      19823.62000
   1212      19089.75000
   1213      19025.75000
   1214      17192.75000
   1215       5382.25000
   1216     -19946.25000
   1217     -44406.31000
   1218     -47239.06000
   1219     -28113.75000
   1220     -10116.00000
   1221     -11921.25000
   1222     -25394.12000
   1223     -28537.25000
   1224     -17258.75000
   1225     -11521.75000
   1226     -24144.12000
   1227     -37078.12000
   1228     -24154.88000
   1229      10511.12000
   1230      34622.38000
   1231      27374.75000
   1232       2372.25000
   1233     -13348.00000
   1234     -12298.25000
   1235      -9152.00000
