      1      -5206.12500
      2      -4750.56200
      3       1727.31200
      4       1737.00000
      5     -20260.88000
      6     -44003.81000
      7     -43985.12000
      8     -31547.00000
      9     -27958.19000
     10     -26895.62000
     11     -14971.62000
     12       -261.00000
     13       2683.62500
     14      -5786.18800
     15     -16304.94000
     16     -23484.62000
     17     -28597.06000
     18     -33761.75000
     19     -35142.81000
     20     -28928.06000
     21     -23574.62000
     22     -27898.50000
     23     -27735.94000
     24      -4149.37500
     25      24806.50000
     26      18987.12000
     27     -21401.75000
     28     -49908.50000
     29     -40811.88000
     30     -19578.81000
     31     -13447.06000
     32     -15578.62000
     33     -16361.06000
     34     -26375.12000
     35     -47089.00000
     36     -58339.19000
     37     -53394.69000
     38     -49634.19000
     39     -53430.81000
     40     -51971.44000
     41     -45668.94000
     42     -51876.69000
     43     -71092.94000
     44     -80203.50000
     45     -64430.31000
     46     -36013.19000
     47     -16989.94000
     48     -12701.44000
     49      -7978.93800
     50       8908.62500
     51      25221.94000
     52      19512.31000
     53      -5732.31200
     54     -25378.06000
     55     -24418.19000
     56     -11489.44000
     57       1144.12500
     58      12568.38000
     59      22234.69000
     60      19653.19000
     61       -253.37500
     62     -20229.81000
     63     -20029.88000
     64     -11104.94000
     65     -24666.31000
     66     -58890.75000
     67     -71964.88000
     68     -44331.25000
     69     -13362.44000
     70     -19868.31000
     71     -50127.69000
     72     -62989.50000
     73     -51821.50000
     74     -44695.56000
     75     -53021.88000
     76     -53399.81000
     77     -26652.50000
     78       7813.31200
     79      15002.81000
     80      -6327.75000
     81     -21065.88000
     82      -7040.37500
     83      18349.25000
     84      30211.19000
     85      28694.38000
     86      24505.94000
     87      15110.38000
     88      -6814.68800
     89     -35277.75000
     90     -55935.81000
     91     -62707.00000
     92     -61649.38000
     93     -60394.38000
     94     -58457.25000
     95     -49947.56000
     96     -33961.56000
     97     -17865.31000
     98      -9765.18800
     99     -11965.88000
    100     -22022.56000
    101     -36357.94000
    102     -49492.38000
    103     -50246.00000
    104     -27440.81000
    105      11254.44000
    106      34765.19000
    107      21492.81000
    108      -9454.68800
    109     -22731.56000
    110     -17048.44000
    111     -22991.88000
    112     -51113.19000
    113     -72786.69000
    114     -62521.81000
    115     -36508.00000
    116     -30545.00000
    117     -49038.12000
    118     -59021.25000
    119     -40295.06000
    120     -17001.44000
    121     -18824.88000
    122     -34474.31000
    123     -35493.12000
    124     -25444.19000
    125     -26662.69000
    126     -36499.81000
    127     -36172.44000
    128     -26989.81000
    129     -23622.56000
    130     -27593.75000
    131     -33597.75000
    132     -43326.25000
    133     -54660.12000
    134     -56007.12000
    135     -42570.94000
    136     -22252.19000
    137      -3421.81200
    138       7325.25000
    139        567.75000
    140     -24244.75000
    141     -46670.00000
    142     -43888.19000
    143     -22069.25000
    144     -12298.06000
    145     -30361.88000
    146     -55124.56000
    147     -57245.25000
    148     -36964.94000
    149     -17760.12000
    150     -10484.00000
    151      -4867.56200
    152       4308.93800
    153       5081.62500
    154     -11037.75000
    155     -35371.62000
    156     -58506.69000
    157     -82413.00000
    158    -105547.60000
    159    -112357.00000
    160     -90468.25000
    161     -49319.00000
    162     -13911.19000
    163      -3689.50000
    164     -16826.88000
    165     -32905.31000
    166     -33104.81000
    167     -15979.06000
    168       6671.87500
    169      19171.00000
    170       7152.06200
    171     -29202.94000
    172     -66721.69000
    173     -81266.56000
    174     -74695.25000
    175     -63986.75000
    176     -53234.69000
    177     -35622.44000
    178     -14639.38000
    179      -4465.31200
    180     -10877.12000
    181     -25349.94000
    182     -39373.75000
    183     -53083.75000
    184     -64510.19000
    185     -63436.06000
    186     -46675.06000
    187     -26790.06000
    188     -14919.25000
    189      -8464.56200
    190      -4072.37500
    191      -5740.50000
    192     -12373.81000
    193     -13135.62000
    194      -1579.00000
    195      14690.38000
    196      20747.94000
    197       6867.87500
    198     -24115.31000
    199     -60232.75000
    200     -88939.44000
    201     -98483.00000
    202     -79417.06000
    203     -37848.38000
    204       -356.31250
    205       8819.12500
    206      -9708.06200
    207     -36660.38000
    208     -51317.38000
    209     -41322.00000
    210     -13311.38000
    211       6323.68800
    212        277.50000
    213     -15099.25000
    214     -13977.56000
    215       -692.93750
    216      -1172.12500
    217     -21273.19000
    218     -37735.81000
    219     -31583.56000
    220     -14547.94000
    221     -15107.56000
    222     -42621.06000
    223     -72774.50000
    224     -73594.50000
    225     -40969.06000
    226       -533.18750
    227      19760.56000
    228      10781.25000
    229     -15834.81000
    230     -36842.62000
    231     -35482.06000
    232     -17599.44000
    233      -3659.31200
    234      -4362.31200
    235     -13405.31000
    236     -21862.25000
    237     -26026.50000
    238     -22834.12000
    239     -12636.50000
    240      -7313.12500
    241     -20195.25000
    242     -45243.12000
    243     -61872.19000
    244     -63505.00000
    245     -63067.75000
    246     -65364.62000
    247     -58039.19000
    248     -38923.38000
    249     -24511.94000
    250     -18569.31000
    251      -3424.68800
    252      21812.94000
    253      29399.25000
    254       7185.50000
    255     -20537.69000
    256     -32210.25000
    257     -32531.31000
    258     -26081.75000
    259      -8793.43800
    260       5344.93800
    261      -9073.68800
    262     -46282.12000
    263     -70016.62000
    264     -62433.19000
    265     -42151.06000
    266     -31091.44000
    267     -29349.88000
    268     -26790.56000
    269     -20135.75000
    270     -13257.38000
    271     -11483.62000
    272     -18354.44000
    273     -28999.12000
    274     -28821.69000
    275     -13343.56000
    276      -4246.68800
    277     -21922.19000
    278     -47239.94000
    279     -44354.69000
    280     -17348.69000
    281      -3350.62500
    282     -11303.88000
    283     -11868.38000
    284       8854.56200
    285      27703.31000
    286      24016.12000
    287       7127.37500
    288      -5418.62500
    289     -11395.44000
    290     -13228.56000
    291      -3878.62500
    292      18968.56000
    293      36410.06000
    294      27682.81000
    295       1160.37500
    296     -15475.50000
    297     -13800.06000
    298      -9936.06200
    299     -12582.94000
    300     -13085.12000
    301     -10026.69000
    302     -15622.62000
    303     -30175.12000
    304     -35668.12000
    305     -22307.00000
    306        646.56250
    307      23578.38000
    308      44031.88000
    309      55509.19000
    310      50611.06000
    311      33351.12000
    312      12756.44000
    313      -7575.25000
    314     -22906.56000
    315     -24786.75000
    316     -13287.06000
    317       2798.62500
    318      17510.81000
    319      24492.81000
    320      13149.56000
    321     -11118.75000
    322     -19027.50000
    323       4461.93800
    324      29890.81000
    325      20509.12000
    326     -12081.81000
    327     -22939.44000
    328       -587.81250
    329      16824.00000
    330        514.25000
    331     -27580.88000
    332     -31384.06000
    333     -10044.50000
    334      12266.19000
    335      21280.06000
    336      12889.25000
    337     -18078.38000
    338     -63132.25000
    339     -91733.50000
    340     -80120.50000
    341     -39327.19000
    342      -3374.68800
    343       2517.56200
    344     -19254.81000
    345     -43602.94000
    346     -49358.31000
    347     -41845.19000
    348     -38047.12000
    349     -34302.62000
    350     -12877.12000
    351      19769.38000
    352      29547.12000
    353       -485.81250
    354     -42074.81000
    355     -52470.00000
    356     -24108.38000
    357      10445.44000
    358      21565.25000
    359      13105.69000
    360       4126.37500
    361        321.93750
    362      -1570.25000
    363       1345.50000
    364      10893.50000
    365      17848.50000
    366      12710.69000
    367      -1028.18800
    368     -11293.25000
    369     -11234.00000
    370      -8542.25000
    371     -19554.50000
    372     -46117.69000
    373     -64326.19000
    374     -51733.88000
    375     -20141.81000
    376      -2117.12500
    377      -8648.87500
    378     -20322.00000
    379     -21002.38000
    380     -20165.44000
    381     -30059.00000
    382     -36184.62000
    383     -15040.75000
    384      22676.44000
    385      38000.69000
    386      16979.50000
    387     -13611.00000
    388     -27511.00000
    389     -23066.38000
    390      -7144.75000
    391      10400.94000
    392      12944.44000
    393      -1101.25000
    394      -7293.25000
    395       8207.87500
    396      24942.19000
    397      22723.62000
    398       9929.56200
    399       -281.87500
    400     -12012.56000
    401     -29215.62000
    402     -39034.31000
    403     -26392.19000
    404       3371.25000
    405      24578.31000
    406      19080.81000
    407        215.43750
    408      -5375.75000
    409       3908.68800
    410       7384.56200
    411      -2158.43800
    412     -12219.25000
    413     -13549.62000
    414      -5019.81200
    415      13884.94000
    416      34759.56000
    417      39372.50000
    418      23205.06000
    419       4240.25000
    420      -1954.00000
    421        688.62500
    422       2734.25000
    423       3315.18800
    424       5318.93800
    425       9108.68800
    426      13473.94000
    427      14015.25000
    428       3177.93800
    429     -17795.31000
    430     -31531.56000
    431     -21854.69000
    432       3188.18800
    433      17802.06000
    434       8227.37500
    435     -13319.56000
    436     -24021.44000
    437     -12702.31000
    438      13019.56000
    439      36304.44000
    440      46842.75000
    441      46807.50000
    442      41633.19000
    443      31461.12000
    444      17599.31000
    445       9770.12500
    446      16214.25000
    447      31305.88000
    448      42383.38000
    449      45035.25000
    450      43374.44000
    451      39581.00000
    452      30357.25000
    453      12125.62000
    454     -10418.44000
    455     -19814.00000
    456       -222.00000
    457      35131.62000
    458      47953.31000
    459      22931.62000
    460      -6810.87500
    461      -2664.62500
    462      29869.00000
    463      56261.56000
    464      58097.00000
    465      42957.94000
    466      27963.62000
    467      29747.31000
    468      51028.81000
    469      67225.38000
    470      50451.31000
    471      13830.62000
    472       3090.81200
    473      33632.12000
    474      65551.94000
    475      56810.38000
    476      17446.25000
    477      -8776.87500
    478      -1587.37500
    479      19700.81000
    480      33036.44000
    481      42943.44000
    482      61852.88000
    483      80848.62000
    484      81960.56000
    485      69835.38000
    486      64052.38000
    487      63739.88000
    488      49373.06000
    489      19280.69000
    490      -3817.93800
    491      -3511.56200
    492      17202.62000
    493      50704.56000
    494      88481.44000
    495     114479.50000
    496     116853.90000
    497     103814.30000
    498      92186.88000
    499      87637.25000
    500      88266.25000
    501      95504.38000
    502     107241.20000
    503     112795.00000
    504     109661.80000
    505     111568.80000
    506     125589.80000
    507     136725.20000
    508     131906.90000
    509     124044.20000
    510     134441.40000
    511     163693.30000
    512     194177.60000
    513     213351.10000
    514     225061.40000
    515     241421.90000
    516     267103.80000
    517     295052.90000
    518     321366.70000
    519     353429.80000
    520     394975.10000
    521     438971.80000
    522     486125.70000
    523     551565.20000
    524     647484.20000
    525     778982.00000
    526     957445.30000
    527    1202079.00000
    528    1535780.00000
    529    1981776.00000
    530    2527324.00000
    531    3075704.00000
    532    3471200.00000
    533    3597106.00000
    534    3440781.00000
    535    3076264.00000
    536    2615177.00000
    537    2163634.00000
    538    1785476.00000
    539    1489456.00000
    540    1254083.00000
    541    1060289.00000
    542     899438.40000
    543     764579.80000
    544     647977.00000
    545     546874.10000
    546     467391.80000
    547     421578.40000
    548     415956.50000
    549     437861.30000
    550     461127.70000
    551     473345.50000
    552     482381.80000
    553     486079.60000
    554     463482.80000
    555     413034.80000
    556     364541.60000
    557     333937.40000
    558     303642.90000
    559     261122.10000
    560     217008.00000
    561     180362.40000
    562     154449.80000
    563     150661.90000
    564     172464.50000
    565     200929.40000
    566     219895.20000
    567     231149.90000
    568     234628.50000
    569     227765.50000
    570     226004.80000
    571     246266.80000
    572     275157.00000
    573     288002.10000
    574     286662.40000
    575     287416.30000
    576     288821.20000
    577     281236.00000
    578     272265.70000
    579     276261.70000
    580     288432.70000
    581     289387.10000
    582     269383.40000
    583     234038.80000
    584     191235.80000
    585     146181.90000
    586     108208.50000
    587      89003.50000
    588      89313.31000
    589      94801.38000
    590      90204.94000
    591      74752.38000
    592      60650.50000
    593      58160.06000
    594      65792.94000
    595      75288.75000
    596      79525.38000
    597      72274.50000
    598      50944.50000
    599      27327.31000
    600      21756.81000
    601      35180.12000
    602      43301.94000
    603      31178.75000
    604      15804.19000
    605      21217.12000
    606      47438.94000
    607      74277.88000
    608      82562.00000
    609      67401.12000
    610      41130.31000
    611      23258.19000
    612      22477.88000
    613      34209.12000
    614      53592.31000
    615      76298.50000
    616      89434.44000
    617      80145.12000
    618      52964.12000
    619      25025.00000
    620       8223.50000
    621       5635.81200
    622      15964.62000
    623      30985.88000
    624      37509.81000
    625      30976.75000
    626      20563.25000
    627      15844.88000
    628      14651.56000
    629       9527.68800
    630       3046.06200
    631       8673.93800
    632      31126.44000
    633      51589.56000
    634      44787.88000
    635      10543.12000
    636     -22656.56000
    637     -27426.38000
    638      -4502.50000
    639      20009.50000
    640      23293.38000
    641      11404.00000
    642       7490.62500
    643      14357.56000
    644      11711.31000
    645      -1586.43800
    646       4033.25000
    647      39386.31000
    648      69778.12000
    649      64644.38000
    650      44692.56000
    651      47824.12000
    652      70754.00000
    653      79659.00000
    654      65653.56000
    655      53851.38000
    656      60520.12000
    657      72053.50000
    658      68699.94000
    659      48722.75000
    660      28305.50000
    661      26781.06000
    662      45733.69000
    663      63031.56000
    664      60332.44000
    665      46572.50000
    666      37530.75000
    667      31140.31000
    668      22510.06000
    669      19673.69000
    670      27819.88000
    671      41435.81000
    672      59011.75000
    673      80700.00000
    674      93514.38000
    675      84439.19000
    676      62230.94000
    677      46170.62000
    678      41982.75000
    679      42097.50000
    680      38373.81000
    681      26472.75000
    682       9988.62500
    683       4243.87500
    684      21893.12000
    685      50242.19000
    686      58907.44000
    687      38679.19000
    688      16794.00000
    689      20321.81000
    690      39316.06000
    691      44911.81000
    692      32227.00000
    693      23752.31000
    694      35183.81000
    695      56179.25000
    696      65075.94000
    697      51626.50000
    698      25230.62000
    699       5403.87500
    700       2977.75000
    701      11590.56000
    702      21389.12000
    703      32518.88000
    704      43319.94000
    705      36466.00000
    706       -890.93750
    707     -48015.38000
    708     -66295.75000
    709     -44748.88000
    710      -8894.62500
    711      16093.31000
    712      28681.06000
    713      33714.19000
    714      25822.31000
    715       2775.56200
    716     -20414.88000
    717     -25755.19000
    718     -13063.00000
    719       2747.56200
    720       8728.81200
    721       2796.50000
    722      -8747.25000
    723     -18353.81000
    724     -22975.56000
    725     -22461.69000
    726     -15852.44000
    727      -4260.43800
    728       6530.18800
    729      10733.31000
    730       5969.00000
    731      -6104.43800
    732     -16976.50000
    733     -17234.75000
    734      -9332.37500
    735      -1309.75000
    736      10114.12000
    737      29900.25000
    738      44699.38000
    739      36749.88000
    740      10993.12000
    741     -10049.88000
    742     -10357.50000
    743       9766.81200
    744      36257.19000
    745      48662.94000
    746      35047.62000
    747       4665.87500
    748     -16039.81000
    749      -6982.12500
    750      19802.38000
    751      28714.12000
    752       5644.31200
    753     -23374.25000
    754     -30063.88000
    755     -14221.44000
    756      12227.31000
    757      38959.62000
    758      50379.62000
    759      38122.75000
    760      19279.06000
    761      13712.62000
    762      10938.44000
    763     -14559.56000
    764     -60812.88000
    765     -93369.00000
    766     -88119.44000
    767     -65814.38000
    768     -65147.19000
    769     -85852.69000
    770     -89214.62000
    771     -57742.19000
    772     -17948.19000
    773       1007.68800
    774      -4344.18800
    775     -23593.50000
    776     -39910.88000
    777     -34442.94000
    778     -10001.25000
    779       4790.25000
    780      -7237.37500
    781     -32585.06000
    782     -53320.56000
    783     -63994.56000
    784     -59107.94000
    785     -35205.44000
    786      -7755.56200
    787       1260.93800
    788      -7664.37500
    789     -16206.56000
    790     -17883.12000
    791     -23821.31000
    792     -41488.94000
    793     -62126.00000
    794     -70189.50000
    795     -59412.88000
    796     -39711.50000
    797     -29061.56000
    798     -35706.81000
    799     -48183.12000
    800     -45733.19000
    801     -21111.31000
    802       7333.31200
    803      12636.31000
    804      -7918.50000
    805     -27244.94000
    806     -25393.69000
    807     -17233.50000
    808     -26092.00000
    809     -45355.06000
    810     -49970.94000
    811     -35717.12000
    812     -22188.38000
    813     -20516.56000
    814     -19474.81000
    815      -8724.18800
    816       -993.56250
    817     -16757.81000
    818     -51484.62000
    819     -77635.44000
    820     -79926.75000
    821     -64837.38000
    822     -36758.12000
    823       1950.43800
    824      28513.75000
    825      18271.00000
    826     -12858.38000
    827     -22943.06000
    828       -266.18750
    829      27102.31000
    830      32655.69000
    831      16268.69000
    832      -5283.62500
    833     -15362.75000
    834     -11182.38000
    835      -6014.75000
    836     -11067.75000
    837     -19193.56000
    838     -17278.88000
    839      -8085.81200
    840      -6023.12500
    841     -13748.00000
    842     -18184.12000
    843     -13950.50000
    844     -14523.94000
    845     -27043.50000
    846     -32358.19000
    847     -13182.56000
    848      11568.88000
    849       9546.68800
    850     -16679.56000
    851     -34148.50000
    852     -28361.25000
    853     -19212.44000
    854     -26582.94000
    855     -42963.25000
    856     -48183.31000
    857     -37293.88000
    858     -23248.19000
    859     -17340.94000
    860     -17615.19000
    861     -18419.81000
    862     -21719.12000
    863     -31135.75000
    864     -40121.94000
    865     -36434.00000
    866     -17737.00000
    867       5814.68800
    868      23274.94000
    869      28378.56000
    870      16344.38000
    871     -10363.81000
    872     -32267.69000
    873     -25625.00000
    874       6541.56200
    875      29181.50000
    876      14253.81000
    877     -21943.75000
    878     -35631.00000
    879      -8376.43800
    880      33591.69000
    881      55054.31000
    882      47419.62000
    883      22071.75000
    884      -9343.50000
    885     -33268.31000
    886     -32016.38000
    887      -3026.75000
    888      27676.56000
    889      27122.38000
    890      -8142.93800
    891     -44896.94000
    892     -49329.50000
    893     -27831.06000
    894     -16955.19000
    895     -30880.56000
    896     -42558.44000
    897     -26275.50000
    898       7183.43800
    899      28711.56000
    900      21194.94000
    901     -12035.75000
    902     -46627.75000
    903     -50202.88000
    904     -19415.94000
    905       7948.31200
    906        708.31250
    907     -22561.88000
    908     -21852.69000
    909       8248.50000
    910      34463.62000
    911      27609.44000
    912      -9445.62500
    913     -52386.44000
    914     -77585.94000
    915     -73549.56000
    916     -45153.88000
    917     -10425.94000
    918      15971.25000
    919      33633.75000
    920      41156.19000
    921      24864.50000
    922     -15943.50000
    923     -50244.94000
    924     -51038.88000
    925     -33938.00000
    926     -29383.81000
    927     -34069.25000
    928     -24162.06000
    929      -2595.25000
    930       3469.37500
    931     -13181.00000
    932     -29347.31000
    933     -25749.56000
    934      -8718.50000
    935       4630.37500
    936       6019.12500
    937       -474.62500
    938      -3666.75000
    939       4138.62500
    940      15544.50000
    941      15108.12000
    942       3886.25000
    943       2739.18800
    944      21347.69000
    945      39253.69000
    946      32675.50000
    947       7528.56200
    948     -12662.50000
    949     -22342.69000
    950     -34524.81000
    951     -47969.81000
    952     -40086.62000
    953      -2137.93800
    954      38953.19000
    955      49702.19000
    956      29294.44000
    957       4292.37500
    958      -8246.18800
    959     -15585.75000
    960     -28108.25000
    961     -40550.31000
    962     -42700.69000
    963     -37490.50000
    964     -35054.00000
    965     -34611.44000
    966     -28395.88000
    967     -21209.06000
    968     -26290.81000
    969     -39218.81000
    970     -37888.75000
    971     -14107.19000
    972      16535.19000
    973      40400.12000
    974      57295.06000
    975      62610.69000
    976      44491.88000
    977       5562.25000
    978     -32791.44000
    979     -53060.06000
    980     -54726.44000
    981     -43424.44000
    982     -21100.25000
    983       6639.68800
    984      24397.56000
    985      22748.88000
    986      13008.06000
    987       7125.87500
    988      -6685.81200
    989     -39968.94000
    990     -70365.81000
    991     -69274.19000
    992     -48221.69000
    993     -39925.19000
    994     -49056.69000
    995     -55028.50000
    996     -46390.62000
    997     -27124.25000
    998      -6045.12500
    999       4039.87500
   1000      -6151.50000
   1001     -25122.25000
   1002     -27002.50000
   1003      -4371.00000
   1004      18475.19000
   1005      15915.44000
   1006      -4727.43800
   1007     -13499.25000
   1008       2728.87500
   1009      26273.31000
   1010      33963.31000
   1011      23809.56000
   1012      11692.69000
   1013       7990.62500
   1014       6514.93800
   1015       -869.37500
   1016     -10146.38000
   1017     -13897.00000
   1018     -12047.00000
   1019      -5863.06200
   1020       5092.12500
   1021      17480.38000
   1022      29125.19000
   1023      41279.00000
   1024      43253.56000
   1025      15891.81000
   1026     -33961.44000
   1027     -68977.69000
   1028     -65739.38000
   1029     -39481.44000
   1030     -18570.69000
   1031     -17029.75000
   1032     -31899.38000
   1033     -47339.75000
   1034     -44736.88000
   1035     -23068.69000
   1036      -1830.25000
   1037       6022.06200
   1038       9605.37500
   1039      16098.31000
   1040      12570.19000
   1041      -6963.25000
   1042     -20075.94000
   1043     -10931.94000
   1044      -1410.68800
   1045     -14015.75000
   1046     -30742.19000
   1047     -23540.31000
   1048       -347.25000
   1049       9578.00000
   1050      -4471.50000
   1051     -29010.06000
   1052     -45559.38000
   1053     -46951.69000
   1054     -41564.06000
   1055     -39065.69000
   1056     -34050.50000
   1057     -17937.81000
   1058       -865.18750
   1059      -1130.37500
   1060     -17472.94000
   1061     -30486.44000
   1062     -27207.06000
   1063     -10461.12000
   1064       9278.56200
   1065      19864.50000
   1066      13656.31000
   1067      -1115.62500
   1068      -5075.87500
   1069       5208.18800
   1070       9119.37500
   1071      -6038.56200
   1072     -23794.44000
   1073     -26237.94000
   1074     -20644.56000
   1075     -18277.69000
   1076     -10454.31000
   1077      10194.06000
   1078      26059.69000
   1079      17731.75000
   1080      -4177.25000
   1081     -12143.94000
   1082       3222.93800
   1083      27244.62000
   1084      40914.19000
   1085      34580.06000
   1086      11327.94000
   1087     -13975.00000
   1088     -26509.75000
   1089     -25645.00000
   1090     -19539.25000
   1091     -11902.12000
   1092      -6707.43800
   1093     -14194.88000
   1094     -34160.50000
   1095     -45023.56000
   1096     -29132.12000
   1097       -641.43750
   1098       7564.31200
   1099     -18414.56000
   1100     -57287.06000
   1101     -73825.94000
   1102     -54323.38000
   1103     -18037.31000
   1104       7181.62500
   1105      10999.50000
   1106      -1788.12500
   1107     -23095.81000
   1108     -39200.94000
   1109     -33664.00000
   1110      -7281.56200
   1111      18645.31000
   1112      27843.12000
   1113      21190.62000
   1114       1377.31200
   1115     -28360.81000
   1116     -50008.88000
   1117     -47403.62000
   1118     -35352.88000
   1119     -37601.81000
   1120     -43513.00000
   1121     -26322.88000
   1122       5627.50000
   1123      17002.56000
   1124      -1668.18800
   1125     -23399.62000
   1126     -24898.25000
   1127     -14173.88000
   1128     -14422.50000
   1129     -30250.75000
   1130     -41482.00000
   1131     -33856.75000
   1132     -18802.44000
   1133     -10870.50000
   1134      -7505.31200
   1135      -5768.31200
   1136     -14559.50000
   1137     -35875.31000
   1138     -54302.50000
   1139     -53897.19000
   1140     -33644.56000
   1141      -8917.50000
   1142      -2958.43800
   1143     -25586.44000
   1144     -58117.25000
   1145     -70132.19000
   1146     -49835.88000
   1147     -14524.31000
   1148       1937.18800
   1149     -21465.00000
   1150     -64921.50000
   1151     -84421.19000
   1152     -65745.06000
   1153     -37072.31000
   1154     -21280.38000
   1155     -10577.31000
   1156       3938.00000
   1157      13396.62000
   1158      11087.25000
   1159       4562.81200
   1160       3548.31200
   1161      10479.44000
   1162      18803.88000
   1163      15774.19000
   1164      -1685.00000
   1165     -16697.62000
   1166     -13961.25000
   1167      -1677.25000
   1168       4631.62500
   1169       2681.00000
   1170      -8202.25000
   1171     -34974.44000
   1172     -70142.25000
   1173     -88159.38000
   1174     -75995.50000
   1175     -46367.31000
   1176     -17989.38000
   1177      -2988.37500
   1178      -7073.06200
   1179     -21581.31000
   1180     -27124.19000
   1181     -20205.62000
   1182     -18370.31000
   1183     -28503.38000
   1184     -32849.44000
   1185     -17108.81000
   1186       7831.12500
   1187      20320.00000
   1188      10799.56000
   1189     -12025.75000
   1190     -28449.75000
   1191     -23844.38000
   1192      -4565.81200
   1193       7171.75000
   1194       -471.93750
   1195     -15366.12000
   1196     -20136.38000
   1197     -14642.50000
   1198     -10849.56000
   1199     -14456.62000
   1200     -21446.44000
   1201     -24282.19000
   1202     -14540.38000
   1203       8988.31200
   1204      31736.62000
   1205      37224.00000
   1206      27404.56000
   1207      13456.88000
   1208      -2611.87500
   1209     -18373.81000
   1210     -21378.69000
   1211      -7826.62500
   1212      10789.50000
   1213      30466.56000
   1214      55152.12000
   1215      71776.31000
   1216      59596.56000
   1217      23484.88000
   1218     -12707.69000
   1219     -35667.94000
   1220     -40712.56000
   1221     -23142.38000
   1222       4380.93800
   1223      11743.38000
   1224     -10250.50000
   1225     -36219.06000
   1226     -45806.94000
   1227     -50401.75000
   1228     -64539.44000
   1229     -75137.94000
   1230     -62266.88000
   1231     -35551.88000
   1232     -23622.62000
   1233     -32909.25000
   1234     -41482.88000
   1235     -32591.62000
