      1     -60690.31000
      2     -60263.21000
      3     -39914.07000
      4      -5286.56100
      5      15445.95000
      6       7535.67000
      7     -11828.43000
      8     -21855.27000
      9     -24354.83000
     10     -26052.13000
     11     -19461.17000
     12      -3151.54300
     13       3905.40000
     14      -8443.59200
     15     -20610.15000
     16     -11017.46000
     17      14294.39000
     18      31673.96000
     19      23213.50000
     20     -11590.84000
     21     -51802.05000
     22     -67478.77000
     23     -50588.18000
     24     -26345.84000
     25     -22489.78000
     26     -36694.80000
     27     -44883.78000
     28     -34446.26000
     29     -17774.66000
     30     -12700.15000
     31     -19636.74000
     32     -25887.45000
     33     -25896.98000
     34     -23879.47000
     35     -20142.31000
     36      -9742.08200
     37       6702.79700
     38      22553.15000
     39      30923.75000
     40      23713.03000
     41      -2457.95900
     42     -32726.16000
     43     -43786.57000
     44     -32889.94000
     45     -18122.28000
     46     -10185.40000
     47      -6592.20500
     48      -8377.29100
     49     -17053.91000
     50     -21871.15000
     51     -13272.12000
     52        292.32620
     53       6130.52000
     54       4339.30700
     55      -1142.81200
     56     -12043.81000
     57     -25340.58000
     58     -28823.67000
     59     -17446.13000
     60      -3043.12500
     61       2349.85000
     62       4785.57400
     63      17777.77000
     64      37793.80000
     65      46059.75000
     66      35367.88000
     67      19225.42000
     68      12685.48000
     69      17948.15000
     70      28894.59000
     71      37180.25000
     72      34008.01000
     73      14930.58000
     74     -15101.23000
     75     -40683.91000
     76     -42338.12000
     77     -16254.52000
     78      11148.77000
     79       8620.80200
     80     -15933.94000
     81     -23501.47000
     82      -2028.64700
     83      16189.08000
     84       6279.55200
     85     -15680.83000
     86     -27193.50000
     87     -31591.93000
     88     -36205.97000
     89     -31709.57000
     90     -14329.60000
     91       -845.90620
     92      -5578.30600
     93     -23924.05000
     94     -44043.95000
     95     -55244.30000
     96     -48580.12000
     97     -27486.56000
     98     -10628.77000
     99     -12190.54000
    100     -26359.07000
    101     -34235.62000
    102     -21362.46000
    103       5191.54300
    104      18326.77000
    105       3612.49200
    106     -19533.38000
    107     -27431.12000
    108     -22801.68000
    109     -16637.17000
    110      -8312.44700
    111       -944.44140
    112      -3923.62300
    113     -10129.83000
    114      -2939.60900
    115      13039.37000
    116      17707.31000
    117       5227.87800
    118     -15437.79000
    119     -38025.91000
    120     -59640.82000
    121     -73524.32000
    122     -71766.12000
    123     -53250.21000
    124     -28830.36000
    125     -15673.89000
    126     -21059.54000
    127     -35891.03000
    128     -46529.80000
    129     -45461.08000
    130     -32283.70000
    131     -13859.13000
    132       -394.31450
    133       1395.34900
    134     -12709.36000
    135     -41536.03000
    136     -66195.23000
    137     -62048.19000
    138     -34132.06000
    139     -13954.71000
    140     -14488.23000
    141     -18557.20000
    142     -13276.78000
    143      -6370.71400
    144      -9171.67600
    145     -23692.80000
    146     -41186.91000
    147     -46236.75000
    148     -32633.22000
    149     -13706.08000
    150      -6379.67100
    151     -13529.45000
    152     -27880.47000
    153     -39270.12000
    154     -37359.52000
    155     -23281.39000
    156     -15135.79000
    157     -26719.79000
    158     -47953.41000
    159     -58674.71000
    160     -52473.05000
    161     -36926.48000
    162     -20379.25000
    163      -8522.59200
    164      -5687.83700
    165     -10156.17000
    166     -13665.51000
    167     -12792.44000
    168     -15326.38000
    169     -29120.78000
    170     -50264.02000
    171     -65768.08000
    172     -63248.23000
    173     -40723.44000
    174     -13510.21000
    175      -2882.33400
    176     -10414.58000
    177     -18373.63000
    178     -20989.72000
    179     -30819.93000
    180     -45160.27000
    181     -37825.42000
    182      -1514.54100
    183      30339.44000
    184      26472.44000
    185        181.63350
    186     -14616.08000
    187     -10154.85000
    188      -1848.25400
    189       3371.62700
    190       5754.47800
    191      -2749.95500
    192     -21144.23000
    193     -26097.97000
    194      -6793.06200
    195      10066.32000
    196      -1490.42600
    197     -29016.29000
    198     -43854.57000
    199     -35862.50000
    200     -15187.59000
    201      -1980.86200
    202     -13149.64000
    203     -41442.88000
    204     -60221.25000
    205     -59414.09000
    206     -54665.77000
    207     -54796.58000
    208     -46746.85000
    209     -19672.28000
    210      14447.32000
    211      30598.57000
    212      17716.23000
    213      -6533.91500
    214     -16041.63000
    215     -10518.34000
    216     -11962.43000
    217     -27676.14000
    218     -40027.67000
    219     -34403.82000
    220     -17525.28000
    221      -6215.71100
    222      -9616.54800
    223     -21815.07000
    224     -29995.72000
    225     -33159.31000
    226     -43424.77000
    227     -59230.30000
    228     -55338.14000
    229     -20703.16000
    230      13197.41000
    231      12398.38000
    232      -8863.61100
    233     -13901.26000
    234      -2986.44400
    235      -3806.46800
    236     -16691.52000
    237     -15110.96000
    238       6116.14400
    239      21899.34000
    240      13555.78000
    241     -10146.90000
    242     -26215.05000
    243     -20737.02000
    244      -1704.13300
    245       9847.40300
    246       2291.66000
    247     -16842.99000
    248     -29419.58000
    249     -20349.35000
    250       7196.87300
    251      28586.88000
    252      24255.29000
    253       4889.20300
    254      -8111.69600
    255     -14152.16000
    256     -22686.19000
    257     -28470.02000
    258     -22748.99000
    259     -13542.51000
    260     -12733.82000
    261     -16287.69000
    262     -12827.52000
    263      -1091.14500
    264      10096.05000
    265      11819.93000
    266       4972.59200
    267       3185.56800
    268      14843.76000
    269      23473.11000
    270       9082.36700
    271     -15883.53000
    272     -25764.56000
    273     -26297.71000
    274     -38200.95000
    275     -53049.95000
    276     -50898.12000
    277     -39764.50000
    278     -35233.71000
    279     -28641.57000
    280      -9859.10000
    281       8780.34600
    282      14107.13000
    283       9000.63500
    284      -1145.73200
    285     -12714.57000
    286     -16617.00000
    287      -7532.77500
    288       6369.13900
    289      14964.83000
    290      17608.27000
    291      16733.94000
    292      10460.19000
    293      -2713.52000
    294     -16450.42000
    295     -19815.86000
    296      -9954.69100
    297       2442.87700
    298       4642.44700
    299      -4810.32600
    300     -17195.14000
    301     -22827.57000
    302     -18508.88000
    303     -11313.59000
    304     -12795.55000
    305     -23206.58000
    306     -27308.35000
    307     -14546.10000
    308       4588.00600
    309      13828.89000
    310      13416.24000
    311      11075.58000
    312       2432.46500
    313     -16877.21000
    314     -30776.18000
    315     -20800.33000
    316       4427.98800
    317      19976.40000
    318      12151.22000
    319     -18133.62000
    320     -57405.05000
    321     -76949.60000
    322     -58105.81000
    323     -24018.65000
    324     -14335.05000
    325     -31841.04000
    326     -47361.63000
    327     -48652.25000
    328     -49329.84000
    329     -56959.52000
    330     -63081.45000
    331     -61394.48000
    332     -54367.91000
    333     -44255.72000
    334     -32188.93000
    335     -22790.17000
    336     -17254.54000
    337      -5311.25800
    338      19649.34000
    339      38195.60000
    340      21166.95000
    341     -25065.07000
    342     -56418.60000
    343     -47656.16000
    344     -24050.96000
    345     -20071.08000
    346     -33102.67000
    347     -37400.13000
    348     -22805.50000
    349      -1589.71500
    350       9130.23000
    351        922.82810
    352     -20375.23000
    353     -38926.12000
    354     -46512.44000
    355     -50863.65000
    356     -55197.11000
    357     -41761.48000
    358        659.27730
    359      41771.25000
    360      37851.16000
    361      -4391.20700
    362     -31748.67000
    363     -19450.69000
    364       1057.25400
    365        550.35550
    366      -9245.23400
    367     -12745.26000
    368     -20430.81000
    369     -37420.44000
    370     -39030.46000
    371      -5199.35900
    372      42782.87000
    373      62443.31000
    374      37149.16000
    375     -10939.15000
    376     -47065.52000
    377     -51310.39000
    378     -27490.82000
    379       1590.94100
    380      12664.57000
    381       7153.04300
    382       8892.95700
    383      27313.34000
    384      39461.19000
    385      22587.98000
    386     -13410.84000
    387     -41416.45000
    388     -50230.32000
    389     -48392.94000
    390     -43415.21000
    391     -29928.96000
    392      -1498.57800
    393      30934.64000
    394      43617.81000
    395      26388.69000
    396      -5084.80100
    397     -25747.61000
    398     -23474.51000
    399      -8413.37900
    400      -3513.55900
    401     -16612.43000
    402     -26814.02000
    403     -16565.55000
    404      -4176.47700
    405     -17020.41000
    406     -46894.52000
    407     -61759.58000
    408     -48040.01000
    409     -18563.60000
    410       6624.69100
    411      12750.98000
    412      -1202.05100
    413     -20153.95000
    414     -30186.63000
    415     -33291.81000
    416     -35851.68000
    417     -35490.61000
    418     -30395.98000
    419     -27658.26000
    420     -31806.56000
    421     -36620.34000
    422     -35303.11000
    423     -27469.20000
    424     -11709.73000
    425      12023.38000
    426      27210.91000
    427      12503.45000
    428     -20512.79000
    429     -31646.86000
    430      -9110.81600
    431      13754.91000
    432      13306.32000
    433       5270.26600
    434       5840.20700
    435       7074.24600
    436       2213.03100
    437      -3829.74200
    438     -10809.17000
    439     -18155.01000
    440     -15309.29000
    441      -3379.28100
    442      -2897.33600
    443     -19425.02000
    444     -32316.20000
    445     -31401.98000
    446     -28645.69000
    447     -25855.03000
    448     -10648.61000
    449      11661.83000
    450      19462.31000
    451       8400.53100
    452      -6250.14800
    453     -12825.42000
    454      -5201.53900
    455      20124.02000
    456      47637.19000
    457      47234.51000
    458      14465.29000
    459     -17888.92000
    460     -21859.41000
    461      -3363.50400
    462      16858.35000
    463      26145.29000
    464      19901.24000
    465        874.93360
    466     -18489.29000
    467     -25684.03000
    468     -18821.71000
    469      -2152.67200
    470      20281.55000
    471      39586.69000
    472      41102.28000
    473      20825.35000
    474       -448.20310
    475       5699.80100
    476      39055.21000
    477      65862.41000
    478      60283.75000
    479      36671.20000
    480      25989.49000
    481      34506.28000
    482      43679.21000
    483      40331.79000
    484      29920.54000
    485      25910.33000
    486      36744.30000
    487      58031.59000
    488      74774.28000
    489      77651.79000
    490      72903.83000
    491      66791.87000
    492      52280.82000
    493      27996.85000
    494      14327.07000
    495      26002.52000
    496      43328.09000
    497      39878.69000
    498      24242.00000
    499      22059.70000
    500      30590.64000
    501      27793.74000
    502      16475.34000
    503      21492.57000
    504      46166.73000
    505      63582.05000
    506      54334.74000
    507      30434.41000
    508      17722.75000
    509      28785.35000
    510      56568.82000
    511      84356.05000
    512      96496.47000
    513      89066.00000
    514      78532.67000
    515      89720.20000
    516     123598.00000
    517     151439.00000
    518     157148.70000
    519     164971.30000
    520     203023.10000
    521     260696.20000
    522     309779.60000
    523     350307.30000
    524     408263.30000
    525     496317.90000
    526     600155.40000
    527     707081.20000
    528     835053.20000
    529    1020385.00000
    530    1273733.00000
    531    1558747.00000
    532    1817357.00000
    533    2003898.00000
    534    2093372.00000
    535    2078272.00000
    536    1972093.00000
    537    1805964.00000
    538    1610940.00000
    539    1405363.00000
    540    1202016.00000
    541    1020330.00000
    542     880373.20000
    543     782909.30000
    544     705891.10000
    545     627730.80000
    546     548919.20000
    547     486979.00000
    548     454260.20000
    549     443440.20000
    550     436122.50000
    551     425196.00000
    552     419156.40000
    553     420955.40000
    554     420257.70000
    555     414190.20000
    556     414590.30000
    557     425943.90000
    558     435369.80000
    559     427996.10000
    560     396775.20000
    561     343055.90000
    562     282718.10000
    563     242679.00000
    564     237902.70000
    565     256821.50000
    566     274300.40000
    567     275849.60000
    568     268008.50000
    569     263496.20000
    570     260783.00000
    571     251762.00000
    572     243521.30000
    573     248287.30000
    574     257718.40000
    575     254722.00000
    576     243955.90000
    577     248241.20000
    578     282013.60000
    579     335783.80000
    580     374790.50000
    581     364487.70000
    582     317372.80000
    583     289859.00000
    584     309942.70000
    585     345130.20000
    586     365991.50000
    587     393656.60000
    588     455022.00000
    589     537093.70000
    590     617033.40000
    591     699808.90000
    592     798045.40000
    593     902019.20000
    594     989482.50000
    595    1044957.00000
    596    1057518.00000
    597    1018294.00000
    598     930485.40000
    599     812420.00000
    600     688723.20000
    601     581011.00000
    602     497551.10000
    603     428772.60000
    604     364187.80000
    605     309944.20000
    606     275038.20000
    607     250434.60000
    608     219184.30000
    609     176883.00000
    610     132370.80000
    611     100952.60000
    612      96123.59000
    613     112086.80000
    614     123208.90000
    615     114655.90000
    616      97491.52000
    617      85547.18000
    618      81016.59000
    619      86278.12000
    620     103088.80000
    621     118631.90000
    622     115329.70000
    623      93928.20000
    624      72545.15000
    625      66039.80000
    626      71383.98000
    627      70370.04000
    628      52370.13000
    629      36068.46000
    630      49858.57000
    631      86511.99000
    632     104772.70000
    633      82955.41000
    634      41658.81000
    635       9677.10200
    636       -437.39840
    637      15060.38000
    638      46546.27000
    639      63273.77000
    640      45716.59000
    641      18098.69000
    642      16509.62000
    643      36115.59000
    644      40432.52000
    645      14342.11000
    646     -17999.18000
    647     -27015.40000
    648     -12620.24000
    649       1365.99200
    650        -93.16406
    651      -9095.41400
    652     -11731.60000
    653      -3554.28900
    654      11980.49000
    655      25811.07000
    656      27214.54000
    657      17135.84000
    658       8536.58600
    659       6146.61700
    660        570.02340
    661     -12107.55000
    662     -20773.12000
    663     -15174.96000
    664      -1433.79700
    665       4560.68800
    666       -764.15620
    667       -919.43750
    668      16729.22000
    669      40287.72000
    670      53463.72000
    671      59146.00000
    672      61879.11000
    673      50899.30000
    674      23315.81000
    675      -3111.62500
    676     -18402.00000
    677     -31335.66000
    678     -41543.05000
    679     -33173.23000
    680      -3924.75000
    681      25770.27000
    682      35279.87000
    683      20573.35000
    684      -5144.19500
    685     -20056.05000
    686     -12930.37000
    687       4897.19500
    688      13703.07000
    689       4556.89800
    690     -17926.38000
    691     -36790.60000
    692     -29235.85000
    693       8910.64800
    694      51795.54000
    695      71970.46000
    696      65519.68000
    697      40600.09000
    698       8168.07800
    699     -10711.30000
    700      -1021.50800
    701      21253.25000
    702      30292.86000
    703      26796.33000
    704      24593.41000
    705      20038.14000
    706       3805.89100
    707     -15518.17000
    708     -22499.22000
    709     -14789.91000
    710      -1946.06200
    711       2517.03100
    712     -11994.59000
    713     -41432.84000
    714     -65441.05000
    715     -66130.37000
    716     -45431.34000
    717     -22297.75000
    718     -16564.87000
    719     -33395.76000
    720     -59378.73000
    721     -73015.22000
    722     -59001.62000
    723     -18026.80000
    724      28441.43000
    725      49496.73000
    726      33840.81000
    727       2181.46900
    728     -18094.10000
    729     -19104.77000
    730      -7121.08600
    731      10220.48000
    732      21694.50000
    733      15069.99000
    734      -6047.00800
    735     -19670.59000
    736     -10860.71000
    737       6727.68000
    738       7350.10200
    739      -8906.86700
    740     -11834.24000
    741      15268.35000
    742      44876.62000
    743      37695.75000
    744      -6095.89800
    745     -50826.99000
    746     -73626.43000
    747     -83727.72000
    748     -91970.44000
    749     -87456.86000
    750     -59597.72000
    751     -23569.10000
    752      -1231.34400
    753       9673.53100
    754      21801.78000
    755      26004.36000
    756       3420.73400
    757     -35119.41000
    758     -52579.19000
    759     -33653.61000
    760      -5685.75000
    761       -155.71880
    762     -11948.05000
    763     -16331.04000
    764     -10685.47000
    765     -10079.67000
    766     -12685.91000
    767      -6060.07000
    768        669.72660
    769     -10195.87000
    770     -28310.45000
    771     -30289.97000
    772     -21789.85000
    773     -26227.51000
    774     -39560.91000
    775     -33347.62000
    776      -1819.82000
    777      25858.58000
    778      27045.51000
    779      14053.91000
    780       8671.50800
    781       9077.35200
    782       1499.73400
    783     -11468.95000
    784     -17561.69000
    785     -18098.68000
    786     -20892.73000
    787     -20157.91000
    788      -6607.95300
    789      12459.03000
    790      23785.23000
    791      25433.48000
    792      14257.83000
    793     -21092.09000
    794     -70101.73000
    795     -92128.92000
    796     -67530.48000
    797     -25876.32000
    798       2299.04700
    799      20047.36000
    800      27927.97000
    801       7735.28900
    802     -32512.99000
    803     -52722.24000
    804     -41316.59000
    805     -29804.62000
    806     -35864.68000
    807     -41678.77000
    808     -33594.74000
    809     -20174.99000
    810      -9496.94500
    811        515.75780
    812      12133.40000
    813      24903.57000
    814      35311.64000
    815      35231.11000
    816      23028.47000
    817      11452.09000
    818       9229.74200
    819       4764.78100
    820     -14548.31000
    821     -37764.25000
    822     -43286.80000
    823     -28299.81000
    824     -10539.18000
    825      -5649.46900
    826     -13856.91000
    827     -26383.19000
    828     -35415.44000
    829     -36548.54000
    830     -28045.73000
    831     -12232.84000
    832       4139.40600
    833      12460.79000
    834       5533.19500
    835     -15428.88000
    836     -33132.34000
    837     -24266.30000
    838      12202.35000
    839      45657.93000
    840      43832.02000
    841       7546.89800
    842     -31320.13000
    843     -44159.81000
    844     -33307.62000
    845     -20920.34000
    846     -13998.41000
    847       -182.07030
    848      18263.62000
    849      17930.31000
    850      -5210.95300
    851     -22465.23000
    852     -14676.32000
    853       2686.85900
    854       6064.82800
    855      -9419.60900
    856     -30300.05000
    857     -34788.12000
    858     -12763.80000
    859      15535.42000
    860      21078.70000
    861       6516.37500
    862      -3310.82800
    863      -5728.94500
    864     -20073.77000
    865     -48632.97000
    866     -71607.58000
    867     -76825.55000
    868     -68227.73000
    869     -51410.60000
    870     -32382.32000
    871     -23674.88000
    872     -33384.25000
    873     -49414.60000
    874     -46359.10000
    875     -13446.79000
    876      26369.79000
    877      35124.30000
    878       4529.44500
    879     -30212.95000
    880     -32454.74000
    881      -5476.08600
    882      21443.23000
    883      31521.14000
    884      29359.19000
    885      24859.41000
    886      22239.80000
    887      20033.48000
    888      16304.22000
    889      13283.55000
    890      12762.73000
    891       9216.80500
    892      -2774.64100
    893     -17300.41000
    894     -23325.02000
    895     -18007.62000
    896      -6971.42200
    897        180.96090
    898      -9263.81200
    899     -40004.25000
    900     -72637.63000
    901     -76851.65000
    902     -49594.20000
    903     -21366.47000
    904     -15289.45000
    905     -21181.89000
    906     -21787.39000
    907     -20557.50000
    908     -26981.77000
    909     -35082.89000
    910     -33620.67000
    911     -23573.61000
    912     -13204.69000
    913      -6720.15600
    914      -5848.57800
    915     -14338.77000
    916     -33517.84000
    917     -55277.44000
    918     -64680.55000
    919     -53288.97000
    920     -29705.97000
    921     -12328.70000
    922      -9696.46900
    923     -12330.30000
    924      -7699.21900
    925        753.50000
    926      -1944.79700
    927     -19812.92000
    928     -39319.45000
    929     -47664.42000
    930     -45002.69000
    931     -35309.48000
    932     -18117.06000
    933       5618.00000
    934      27792.75000
    935      37420.61000
    936      29162.27000
    937       8570.65600
    938     -12467.03000
    939     -25903.98000
    940     -29540.16000
    941     -24492.48000
    942     -19742.73000
    943     -27690.92000
    944     -40796.34000
    945     -30974.75000
    946       7487.87500
    947      36724.06000
    948      23695.38000
    949     -10467.11000
    950     -19889.73000
    951       3026.35900
    952      25379.14000
    953      25199.72000
    954      13610.34000
    955       6514.39100
    956       1777.35900
    957      -9436.45300
    958     -26695.81000
    959     -41947.30000
    960     -47857.38000
    961     -43471.62000
    962     -35359.72000
    963     -29812.02000
    964     -24240.25000
    965     -14208.52000
    966      -6198.95300
    967     -10656.97000
    968     -22961.91000
    969     -24117.23000
    970      -3966.15600
    971      24525.31000
    972      37436.28000
    973      21126.61000
    974     -18542.02000
    975     -60171.91000
    976     -78954.23000
    977     -64919.59000
    978     -32474.72000
    979      -5482.95300
    980       5804.85900
    981       7484.21900
    982       7574.26600
    983       6349.09400
    984      -1397.06200
    985     -13598.11000
    986     -11191.72000
    987      21527.19000
    988      61332.34000
    989      60384.53000
    990       9966.95300
    991     -42403.41000
    992     -54447.89000
    993     -34908.06000
    994     -15920.84000
    995     -13052.70000
    996     -21940.22000
    997     -26444.25000
    998      -9547.85900
    999      20539.73000
   1000      27828.94000
   1001      -2339.93800
   1002     -33944.97000
   1003     -29557.58000
   1004      -3315.18800
   1005       6234.34400
   1006      -9196.57800
   1007     -29266.34000
   1008     -38186.83000
   1009     -32094.28000
   1010     -11493.33000
   1011      16167.78000
   1012      36862.89000
   1013      40291.17000
   1014      25550.36000
   1015        638.87500
   1016     -20119.19000
   1017     -25460.36000
   1018     -17616.34000
   1019      -9369.81200
   1020     -10804.45000
   1021     -19986.73000
   1022     -25861.16000
   1023     -21836.30000
   1024     -13954.27000
   1025     -11150.36000
   1026     -13967.75000
   1027     -18006.41000
   1028     -16769.06000
   1029       -153.92190
   1030      29525.69000
   1031      42778.08000
   1032      13115.64000
   1033     -39061.98000
   1034     -63555.92000
   1035     -42487.44000
   1036      -9179.71900
   1037      -2522.10900
   1038     -22335.73000
   1039     -36576.67000
   1040     -21894.53000
   1041      12443.28000
   1042      39100.08000
   1043      40312.47000
   1044      18429.73000
   1045      -9328.15600
   1046     -21851.27000
   1047     -11561.62000
   1048       5306.95300
   1049       5276.64100
   1050     -16789.83000
   1051     -45272.36000
   1052     -59137.88000
   1053     -45353.23000
   1054     -11399.55000
   1055      13695.84000
   1056       9474.85900
   1057      -8561.07800
   1058     -12964.34000
   1059      -2546.06200
   1060       9537.84400
   1061      22096.66000
   1062      28429.50000
   1063       5089.06200
   1064     -45992.59000
   1065     -80560.36000
   1066     -70776.47000
   1067     -41988.73000
   1068     -27078.75000
   1069     -27405.20000
   1070     -32922.22000
   1071     -37808.05000
   1072     -32715.53000
   1073     -18508.69000
   1074     -15677.73000
   1075     -29962.08000
   1076     -35180.75000
   1077     -16811.41000
   1078       1663.26600
   1079      -1095.25000
   1080     -12077.56000
   1081     -10730.91000
   1082        -28.54688
   1083       3867.78100
   1084      -6354.85900
   1085     -26551.70000
   1086     -46565.67000
   1087     -51368.45000
   1088     -30250.17000
   1089       3415.15600
   1090      15552.39000
   1091      -6617.03100
   1092     -30109.09000
   1093     -19590.34000
   1094       9942.34400
   1095      17176.69000
   1096      -2013.89100
   1097     -12838.28000
   1098       1746.01600
   1099      18202.80000
   1100      11224.53000
   1101     -10183.19000
   1102     -19026.98000
   1103     -11105.84000
   1104     -12005.05000
   1105     -39543.80000
   1106     -73049.38000
   1107     -75770.45000
   1108     -43897.86000
   1109     -13946.36000
   1110     -14975.22000
   1111     -32699.59000
   1112     -36973.03000
   1113     -26841.38000
   1114     -23011.52000
   1115     -28389.95000
   1116     -25982.61000
   1117      -8838.32800
   1118      13481.09000
   1119      30647.22000
   1120      34929.64000
   1121      21011.45000
   1122      -2735.62500
   1123     -17621.75000
   1124     -18311.97000
   1125     -16355.75000
   1126     -16515.61000
   1127      -9460.25000
   1128       7194.78100
   1129      17973.53000
   1130       6906.39100
   1131     -22205.30000
   1132     -48447.06000
   1133     -55621.98000
   1134     -47804.06000
   1135     -39249.03000
   1136     -34046.42000
   1137     -27093.69000
   1138     -20546.55000
   1139     -21675.61000
   1140     -25135.88000
   1141     -17082.61000
   1142        738.20310
   1143       9245.70300
   1144      -1641.42200
   1145     -19932.56000
   1146     -29594.14000
   1147     -29202.73000
   1148     -26651.73000
   1149     -24366.55000
   1150     -18450.14000
   1151      -8958.79700
   1152      -1974.45300
   1153       -245.03120
   1154       2381.21900
   1155      13836.19000
   1156      32932.72000
   1157      47907.77000
   1158      48519.30000
   1159      38641.45000
   1160      30186.92000
   1161      23760.45000
   1162       6017.17200
   1163     -28803.77000
   1164     -63657.66000
   1165     -71840.72000
   1166     -45346.17000
   1167      -7666.67200
   1168       9576.93800
   1169       4839.00000
   1170       5652.98400
   1171      24199.11000
   1172      38395.69000
   1173      26296.03000
   1174      -6494.14100
   1175     -40721.75000
   1176     -60630.25000
   1177     -56326.88000
   1178     -32026.00000
   1179      -9677.29700
   1180      -7400.64100
   1181     -18556.17000
   1182     -23306.91000
   1183     -16673.94000
   1184     -14836.16000
   1185     -29183.77000
   1186     -42011.02000
   1187     -26116.31000
   1188      12591.86000
   1189      37432.25000
   1190      30022.16000
   1191      10711.45000
   1192       5397.18800
   1193      15809.23000
   1194      27330.81000
   1195      28359.72000
   1196      16931.31000
   1197      -1592.59400
   1198     -18475.08000
   1199     -25760.44000
   1200     -20933.89000
   1201      -9229.76600
   1202       2024.42200
   1203      10726.00000
   1204      16307.28000
   1205      14057.86000
   1206       5387.01600
   1207       6631.64100
   1208      27572.88000
   1209      45630.22000
   1210      28368.80000
   1211     -14458.50000
   1212     -32324.45000
   1213      -1337.01600
   1214      40537.19000
   1215      48029.83000
   1216      27601.91000
   1217      13035.00000
   1218      11434.84000
   1219       8047.85900
   1220       1418.78100
   1221       -960.21880
   1222      -5147.90600
   1223     -18857.78000
   1224     -29384.97000
   1225     -20277.23000
   1226      -2646.62500
   1227      -4421.06200
   1228     -30145.27000
   1229     -54953.16000
   1230     -60785.08000
   1231     -55228.75000
   1232     -49132.61000
   1233     -38785.06000
   1234     -19920.16000
   1235      -2889.79700
