      1     -69288.94000
      2     -48169.88000
      3     -14658.19000
      4         85.84375
      5      -3763.09400
      6       -878.65620
      7      17474.75000
      8      32044.97000
      9      28639.03000
     10      15978.09000
     11       4505.34400
     12      -6670.18800
     13     -13779.06000
     14      -6000.18800
     15      10068.16000
     16       9042.03100
     17     -17828.06000
     18     -47964.00000
     19     -58291.59000
     20     -49063.62000
     21     -31215.88000
     22     -13236.44000
     23      -3144.50000
     24      -2840.46900
     25      -3331.03100
     26      -1491.78100
     27      -7799.56200
     28     -23785.44000
     29     -34111.22000
     30     -32613.41000
     31     -30151.78000
     32     -28888.62000
     33     -18449.72000
     34      -2731.31200
     35       -807.12500
     36     -15345.94000
     37     -25990.69000
     38     -19334.53000
     39      -5057.12500
     40       1034.12500
     41      -6827.59400
     42     -26653.34000
     43     -50640.06000
     44     -64111.34000
     45     -56946.00000
     46     -35489.62000
     47     -13328.38000
     48       2469.75000
     49       7732.31200
     50       -267.09380
     51     -11559.81000
     52     -10092.28000
     53       1074.87500
     54       3622.21900
     55      -2648.06200
     56       2148.15600
     57      22495.44000
     58      38742.62000
     59      38613.44000
     60      29548.25000
     61      17208.56000
     62       -754.62500
     63     -18205.41000
     64     -24015.31000
     65     -21124.69000
     66     -19904.62000
     67     -19940.53000
     68     -17165.75000
     69     -15268.81000
     70     -13364.41000
     71      -1363.75000
     72      18153.44000
     73      25570.00000
     74      13159.50000
     75      -3643.43800
     76     -13252.12000
     77     -23617.16000
     78     -40473.72000
     79     -50702.00000
     80     -41278.97000
     81     -20205.41000
     82      -4965.06200
     83      -2218.06200
     84      -9110.28100
     85     -20770.25000
     86     -27582.97000
     87     -19171.28000
     88       1947.56200
     89      21751.94000
     90      28776.44000
     91      19362.91000
     92      -1188.84400
     93     -16185.38000
     94     -11172.94000
     95       7311.62500
     96      21319.81000
     97      24028.31000
     98      17688.12000
     99       2768.18800
    100     -12970.44000
    101     -11389.19000
    102      11687.62000
    103      34184.00000
    104      35299.56000
    105      21513.56000
    106      11450.19000
    107       8471.25000
    108       2893.12500
    109      -7197.90600
    110     -10776.06000
    111       2241.06200
    112      27530.75000
    113      46113.62000
    114      40845.94000
    115      15845.44000
    116      -8202.00000
    117     -20428.19000
    118     -27668.12000
    119     -32483.38000
    120     -24012.19000
    121      -1448.75000
    122      11445.94000
    123      -6569.81200
    124     -41007.12000
    125     -54083.22000
    126     -31915.56000
    127      -2827.56200
    128       -838.62500
    129     -24874.00000
    130     -45528.94000
    131     -41695.31000
    132     -16629.59000
    133      15598.94000
    134      43852.44000
    135      58283.38000
    136      49471.12000
    137      21088.62000
    138      -5635.18800
    139     -13891.31000
    140      -9678.75000
    141      -5804.25000
    142      -3125.87500
    143      -2422.93800
    144     -11876.19000
    145     -25528.75000
    146     -21217.69000
    147       1876.50000
    148      13749.31000
    149        258.25000
    150     -10918.44000
    151       6449.25000
    152      33180.69000
    153      30971.19000
    154      -1615.81200
    155     -27467.31000
    156     -22777.00000
    157      -3125.68800
    158       7307.43800
    159       5382.37500
    160      -2917.06200
    161     -17316.06000
    162     -31183.47000
    163     -27407.59000
    164       -717.12500
    165      29324.00000
    166      34829.62000
    167       5220.18800
    168     -38424.34000
    169     -56475.84000
    170     -33353.66000
    171        805.00000
    172       9664.00000
    173      -4799.06200
    174     -18530.44000
    175     -22022.12000
    176     -18605.31000
    177     -11759.44000
    178      -9222.12500
    179     -16245.62000
    180     -21855.56000
    181     -15112.31000
    182      -5922.18800
    183      -7795.81200
    184     -16191.75000
    185     -21854.44000
    186     -25070.12000
    187     -24351.88000
    188     -14713.88000
    189      -4560.00000
    190     -10109.69000
    191     -27772.19000
    192     -35021.88000
    193     -23115.38000
    194      -7680.68800
    195      -1966.18800
    196       2532.31200
    197      21204.88000
    198      52463.38000
    199      73373.75000
    200      57534.56000
    201       4062.93800
    202     -50197.62000
    203     -61730.06000
    204     -28137.94000
    205      10639.38000
    206      20508.19000
    207       3928.50000
    208     -18989.81000
    209     -37105.62000
    210     -47720.25000
    211     -46860.25000
    212     -32627.69000
    213     -12738.25000
    214        318.06250
    215       1807.81200
    216      -2220.56200
    217      -5728.06200
    218     -11090.56000
    219     -21689.69000
    220     -32026.38000
    221     -34002.81000
    222     -29183.62000
    223     -23644.44000
    224     -14697.38000
    225       2354.87500
    226      17494.12000
    227      14205.44000
    228      -4782.56200
    229     -18028.44000
    230     -14758.81000
    231      -8102.43800
    232     -13636.50000
    233     -26942.44000
    234     -32682.69000
    235     -29472.25000
    236     -31333.25000
    237     -42540.75000
    238     -48279.88000
    239     -39043.62000
    240     -27509.00000
    241     -28380.44000
    242     -36975.38000
    243     -41672.06000
    244     -44036.31000
    245     -52384.44000
    246     -62669.94000
    247     -59001.41000
    248     -34308.38000
    249      -2877.00000
    250      13251.38000
    251       6446.75000
    252     -14511.25000
    253     -37242.69000
    254     -51240.56000
    255     -50613.25000
    256     -43064.94000
    257     -44513.00000
    258     -54814.94000
    259     -55570.38000
    260     -40909.25000
    261     -29660.25000
    262     -35757.06000
    263     -47597.69000
    264     -48324.44000
    265     -38499.38000
    266     -28216.62000
    267     -22470.81000
    268     -22623.06000
    269     -27546.25000
    270     -27921.88000
    271     -14867.88000
    272       1068.81200
    273      -1962.81200
    274     -23132.94000
    275     -33193.31000
    276     -14264.38000
    277      12026.62000
    278      12198.25000
    279     -15884.94000
    280     -44387.56000
    281     -52487.19000
    282     -45067.56000
    283     -36311.56000
    284     -29695.69000
    285     -18486.06000
    286       -615.43750
    287      11247.31000
    288        102.56250
    289     -30816.00000
    290     -54007.25000
    291     -49211.56000
    292     -25947.44000
    293      -3080.56200
    294      14197.06000
    295      23163.88000
    296      15836.31000
    297      -2684.68800
    298     -14888.88000
    299     -18574.50000
    300     -25610.19000
    301     -33101.75000
    302     -27905.81000
    303     -15261.88000
    304     -13423.62000
    305     -25898.00000
    306     -40246.88000
    307     -46388.19000
    308     -43678.44000
    309     -37493.44000
    310     -32557.31000
    311     -27682.56000
    312     -21623.06000
    313     -19106.56000
    314     -19163.56000
    315      -8995.56200
    316      11718.88000
    317      15924.88000
    318     -16729.56000
    319     -61801.12000
    320     -72376.94000
    321     -36748.88000
    322       7924.62500
    323      22918.00000
    324       9621.00000
    325      -4837.93800
    326      -5288.68800
    327       1631.25000
    328       1771.93800
    329     -13535.25000
    330     -36600.94000
    331     -42619.56000
    332     -17196.50000
    333      16616.25000
    334      20825.75000
    335      -7167.56200
    336     -29188.19000
    337     -15390.88000
    338      20409.62000
    339      42914.44000
    340      37466.31000
    341      15781.00000
    342      -7685.06200
    343     -24610.94000
    344     -26011.44000
    345     -10106.00000
    346       6887.81200
    347       7689.81200
    348      -5144.68800
    349     -19904.38000
    350     -33230.25000
    351     -41870.00000
    352     -36040.19000
    353     -18026.94000
    354      -9805.12500
    355     -24693.38000
    356     -46170.94000
    357     -51723.19000
    358     -44986.06000
    359     -45114.81000
    360     -51677.62000
    361     -43579.94000
    362     -14447.25000
    363      13271.69000
    364      17481.94000
    365       2143.56200
    366     -14132.69000
    367     -19030.88000
    368     -11250.75000
    369        324.25000
    370        213.06250
    371     -17700.50000
    372     -39848.25000
    373     -48753.25000
    374     -41363.19000
    375     -25317.75000
    376      -8466.31200
    377       4168.12500
    378      13313.31000
    379      23763.94000
    380      32723.94000
    381      29954.81000
    382      14331.62000
    383      -3551.81200
    384     -16611.38000
    385     -23436.56000
    386     -19828.44000
    387      -6153.68800
    388       1655.62500
    389     -14197.88000
    390     -48659.19000
    391     -74448.56000
    392     -70849.88000
    393     -46500.88000
    394     -26000.00000
    395     -16640.00000
    396      -4153.56200
    397      15392.88000
    398      20684.44000
    399      -3929.56200
    400     -39459.00000
    401     -52561.25000
    402     -36883.81000
    403     -17554.62000
    404     -16098.94000
    405     -26402.62000
    406     -29625.62000
    407     -20982.44000
    408     -12100.56000
    409     -12213.81000
    410     -16205.44000
    411     -13752.06000
    412      -5684.31200
    413      -4207.56200
    414     -15467.88000
    415     -29468.38000
    416     -32528.12000
    417     -22687.69000
    418      -7203.37500
    419       9477.31200
    420      27710.12000
    421      42806.44000
    422      41470.44000
    423      16548.00000
    424     -17974.38000
    425     -38816.81000
    426     -37972.62000
    427     -25426.00000
    428     -16069.44000
    429     -22930.31000
    430     -47672.75000
    431     -69618.94000
    432     -65176.94000
    433     -42169.56000
    434     -32215.81000
    435     -49870.25000
    436     -77811.62000
    437     -87086.19000
    438     -63152.06000
    439     -22859.44000
    440       -579.87500
    441      -4620.12500
    442      -8734.25000
    443       -426.12500
    444       1665.00000
    445      -6334.87500
    446       -305.18750
    447      23421.69000
    448      35602.06000
    449      22929.12000
    450       8263.50000
    451      16575.88000
    452      48018.62000
    453      81268.44000
    454      90829.06000
    455      71496.50000
    456      46464.06000
    457      37754.75000
    458      40590.44000
    459      42360.69000
    460      47345.44000
    461      65665.38000
    462      94147.38000
    463     120066.10000
    464     132391.20000
    465     128779.70000
    466     121468.40000
    467     131373.40000
    468     168621.50000
    469     226440.60000
    470     294267.10000
    471     361881.40000
    472     411656.10000
    473     424038.10000
    474     394482.90000
    475     337137.90000
    476     274315.90000
    477     223107.40000
    478     183689.90000
    479     145257.80000
    480     111038.80000
    481     100106.40000
    482     112934.20000
    483     122904.90000
    484     114585.90000
    485      97984.38000
    486      80075.88000
    487      59539.44000
    488      46115.31000
    489      47554.00000
    490      51676.25000
    491      52549.81000
    492      67311.44000
    493     102758.30000
    494     138739.10000
    495     160846.80000
    496     176261.00000
    497     191969.20000
    498     205456.90000
    499     215760.20000
    500     224824.50000
    501     232777.10000
    502     238314.20000
    503     236795.30000
    504     220439.20000
    505     187044.40000
    506     145491.60000
    507     110514.80000
    508      93464.25000
    509      94104.88000
    510     100390.50000
    511      99965.06000
    512      89484.56000
    513      74677.19000
    514      68353.56000
    515      81150.75000
    516     104269.90000
    517     114461.80000
    518     106997.90000
    519     104058.00000
    520     119436.60000
    521     140988.90000
    522     166255.30000
    523     225475.90000
    524     335242.70000
    525     447727.20000
    526     489662.50000
    527     447979.80000
    528     376312.30000
    529     320526.10000
    530     280452.10000
    531     242986.90000
    532     208410.70000
    533     179961.60000
    534     160137.90000
    535     160524.30000
    536     196485.60000
    537     271279.60000
    538     370789.60000
    539     467458.90000
    540     528916.80000
    541     532656.10000
    542     479719.40000
    543     396935.20000
    544     321319.20000
    545     274117.60000
    546     248867.40000
    547     226027.50000
    548     192994.60000
    549     151304.00000
    550     117179.20000
    551     111221.90000
    552     132230.40000
    553     148125.80000
    554     133442.80000
    555     110549.80000
    556     129250.20000
    557     199517.20000
    558     268184.80000
    559     282924.00000
    560     262132.20000
    561     269630.70000
    562     329402.40000
    563     404738.10000
    564     456644.50000
    565     480609.20000
    566     486526.90000
    567     482218.40000
    568     480184.60000
    569     492473.10000
    570     524312.40000
    571     591440.80000
    572     726139.40000
    573     957892.00000
    574    1339582.00000
    575    2011908.00000
    576    3123277.00000
    577    4554476.00000
    578    5781790.00000
    579    6200822.00000
    580    5646006.00000
    581    4509437.00000
    582    3345163.00000
    583    2455778.00000
    584    1849402.00000
    585    1433208.00000
    586    1144716.00000
    587     953771.60000
    588     829578.60000
    589     733649.40000
    590     638128.50000
    591     544401.80000
    592     472241.50000
    593     425888.40000
    594     384918.90000
    595     335343.60000
    596     291716.60000
    597     274450.20000
    598     279591.80000
    599     286396.20000
    600     283209.90000
    601     272429.80000
    602     260778.20000
    603     254979.20000
    604     255231.90000
    605     246961.00000
    606     214734.60000
    607     169566.00000
    608     143608.30000
    609     150377.20000
    610     169339.60000
    611     179321.60000
    612     185837.60000
    613     199487.10000
    614     207797.40000
    615     192589.90000
    616     162376.70000
    617     143768.80000
    618     148073.60000
    619     162933.80000
    620     168739.20000
    621     152789.40000
    622     118248.20000
    623      85527.81000
    624      73644.44000
    625      78838.19000
    626      82577.94000
    627      77835.56000
    628      74942.94000
    629      83589.19000
    630      99862.38000
    631     111805.30000
    632     111812.30000
    633     101649.80000
    634      87446.50000
    635      72070.69000
    636      54324.31000
    637      35345.00000
    638      22659.12000
    639      23644.50000
    640      33876.06000
    641      36850.81000
    642      22198.12000
    643       3284.75000
    644       6420.93800
    645      38717.56000
    646      76999.50000
    647      94591.06000
    648      88310.69000
    649      73905.44000
    650      68096.50000
    651      78302.88000
    652      95633.56000
    653      98815.81000
    654      80009.50000
    655      58678.56000
    656      53118.81000
    657      52807.00000
    658      38345.19000
    659      12689.31000
    660      -7684.00000
    661     -18016.19000
    662     -22896.00000
    663     -20582.38000
    664      -7105.37500
    665      12056.56000
    666      28942.62000
    667      41868.56000
    668      44922.38000
    669      28514.44000
    670       7638.18800
    671      17513.00000
    672      55801.62000
    673      70124.31000
    674      33849.00000
    675     -10258.69000
    676     -11715.00000
    677      25035.31000
    678      59657.88000
    679      61565.31000
    680      30071.88000
    681      -6182.56200
    682     -16831.31000
    683      -4975.62500
    684       6184.81200
    685      12584.12000
    686      22029.19000
    687      26997.12000
    688      20794.38000
    689      16954.31000
    690      22545.69000
    691      20900.56000
    692       3853.81200
    693      -8201.31200
    694       3007.93800
    695      26839.31000
    696      41478.81000
    697      40570.88000
    698      31235.94000
    699      18475.00000
    700       5013.93800
    701        578.81250
    702      15588.25000
    703      42341.88000
    704      55569.50000
    705      39934.12000
    706       8239.18800
    707     -15967.94000
    708     -25597.38000
    709     -28765.56000
    710     -28902.19000
    711     -21555.81000
    712      -5289.00000
    713      19954.88000
    714      57959.31000
    715     101653.10000
    716     123708.20000
    717     104118.70000
    718      59670.19000
    719      24847.75000
    720      11686.06000
    721       9269.56200
    722      12197.56000
    723      24000.31000
    724      37167.00000
    725      35844.75000
    726      21222.19000
    727      14486.06000
    728      27191.19000
    729      41256.88000
    730      29264.25000
    731      -7218.87500
    732     -30934.56000
    733     -11530.81000
    734      32787.75000
    735      55543.62000
    736      39986.12000
    737      12817.19000
    738       2670.25000
    739      11550.88000
    740      26104.44000
    741      33418.44000
    742      26622.88000
    743      11637.69000
    744       4416.62500
    745      12133.00000
    746      25235.88000
    747      32613.06000
    748      34205.38000
    749      33736.38000
    750      27259.06000
    751       7394.18800
    752     -20348.19000
    753     -35071.81000
    754     -24699.19000
    755      -3627.81200
    756       8181.18800
    757      11995.50000
    758      18585.75000
    759      25302.88000
    760      23616.56000
    761      13901.00000
    762       -128.12500
    763     -13372.31000
    764     -11642.25000
    765      13537.19000
    766      43938.31000
    767      54879.38000
    768      49869.06000
    769      47163.44000
    770      41366.12000
    771      10236.75000
    772     -42316.38000
    773     -77041.12000
    774     -61675.06000
    775      -9002.93800
    776      36750.56000
    777      46315.50000
    778      31220.12000
    779      24970.69000
    780      42222.25000
    781      57874.12000
    782      35282.69000
    783     -20926.88000
    784     -60422.75000
    785     -49738.94000
    786     -13785.38000
    787       4842.25000
    788       -208.37500
    789      -8193.37500
    790      -8694.00000
    791      -6165.18800
    792      -2504.18800
    793       5395.18800
    794      12705.25000
    795       5099.18800
    796     -19644.75000
    797     -39949.25000
    798     -39007.75000
    799     -29600.12000
    800     -24617.94000
    801      -7461.93800
    802      34575.00000
    803      75827.31000
    804      83954.88000
    805      59759.06000
    806      26309.31000
    807       6893.06200
    808      15815.56000
    809      39776.69000
    810      40751.56000
    811       7120.81200
    812     -23474.19000
    813     -19712.00000
    814        330.75000
    815       6454.93800
    816      -1570.06200
    817     -10534.06000
    818     -17074.81000
    819     -19863.69000
    820     -16197.19000
    821      -9728.81200
    822      -2225.37500
    823      13091.31000
    824      35785.75000
    825      53848.19000
    826      62171.12000
    827      63213.25000
    828      52401.88000
    829      27449.31000
    830       1840.43800
    831     -12303.44000
    832     -17491.44000
    833     -14637.50000
    834        177.12500
    835      15776.75000
    836      11365.56000
    837     -13805.25000
    838     -39229.19000
    839     -49867.19000
    840     -46597.06000
    841     -32915.50000
    842      -6007.50000
    843      32904.06000
    844      65056.94000
    845      66731.38000
    846      40492.31000
    847      14328.25000
    848       3845.06200
    849        831.62500
    850       2209.43800
    851      15529.31000
    852      31622.38000
    853      29055.00000
    854      10400.81000
    855       2136.56200
    856      16900.50000
    857      40920.56000
    858      54550.00000
    859      45971.69000
    860      14882.25000
    861     -21708.69000
    862     -39461.38000
    863     -33308.25000
    864     -20366.56000
    865     -12512.56000
    866      -5046.06200
    867       5642.31200
    868      14580.25000
    869      20791.69000
    870      27674.50000
    871      31419.75000
    872      27169.56000
    873      22461.38000
    874      24951.25000
    875      23938.12000
    876       6751.93800
    877     -14041.06000
    878     -15686.88000
    879      -2193.68800
    880       1451.62500
    881     -10867.56000
    882     -19175.12000
    883      -9895.31200
    884       7381.00000
    885      16958.62000
    886      13696.88000
    887       1815.37500
    888     -12381.38000
    889     -25052.19000
    890     -34467.50000
    891     -36486.06000
    892     -25449.44000
    893      -4128.18800
    894      13950.81000
    895      19395.62000
    896      19723.00000
    897      28016.69000
    898      41338.88000
    899      43904.62000
    900      34259.31000
    901      30713.50000
    902      41209.25000
    903      49340.31000
    904      41187.56000
    905      23749.00000
    906       8299.43800
    907      -1113.31200
    908       -468.25000
    909       8450.87500
    910       9233.68800
    911      -8988.18800
    912     -30267.56000
    913     -30337.44000
    914      -8117.37500
    915      14182.50000
    916      16853.88000
    917       3030.00000
    918      -7216.68800
    919      -2948.93800
    920       6528.37500
    921      11244.81000
    922      13639.00000
    923      15390.50000
    924      14199.38000
    925      16472.81000
    926      26626.50000
    927      28977.44000
    928      12465.62000
    929        282.56250
    930      17332.62000
    931      44709.75000
    932      47341.50000
    933      29163.75000
    934      18555.94000
    935      16352.44000
    936       1873.43800
    937     -21905.56000
    938     -30470.00000
    939     -17275.06000
    940       1257.87500
    941      11312.94000
    942       9576.12500
    943        422.75000
    944        246.50000
    945      21256.06000
    946      42763.94000
    947      31370.56000
    948      -5573.12500
    949     -26235.31000
    950     -17136.12000
    951      -5522.75000
    952      -6550.50000
    953      -5415.43800
    954       1794.31200
    955      -3452.68800
    956     -21015.06000
    957     -22880.06000
    958      -1121.68800
    959      13014.19000
    960      -3220.31200
    961     -30395.44000
    962     -38990.25000
    963     -26351.69000
    964      -5876.93800
    965      14195.00000
    966      27263.62000
    967      25607.62000
    968      11611.81000
    969      -2222.56200
    970      -7594.18800
    971      -5507.68800
    972      -1345.31200
    973      -2599.68800
    974     -14390.25000
    975     -31464.56000
    976     -40895.69000
    977     -36089.44000
    978     -23382.94000
    979     -13628.12000
    980      -9995.31200
    981      -5367.06200
    982       6087.68800
    983      17219.06000
    984      16708.88000
    985       8800.62500
    986       9316.68800
    987      20732.38000
    988      28216.56000
    989      22448.19000
    990       9226.18800
    991      -3866.62500
    992     -13608.50000
    993     -15789.44000
    994      -8382.93800
    995       1266.43800
    996       1423.50000
    997     -13763.44000
    998     -40503.12000
    999     -66583.94000
   1000     -77314.50000
   1001     -65343.94000
   1002     -36318.50000
   1003      -5897.75000
   1004      10962.56000
   1005      13186.06000
   1006      11593.81000
   1007       7949.68800
   1008      -8926.81200
   1009     -36204.12000
   1010     -49303.81000
   1011     -35957.38000
   1012     -14250.31000
   1013      -4206.43800
   1014      -4728.25000
   1015      -5307.43800
   1016       -252.87500
   1017       9075.37500
   1018      12074.12000
   1019      -1908.56200
   1020     -23848.44000
   1021     -31586.81000
   1022     -21373.06000
   1023     -12311.25000
   1024     -16555.88000
   1025     -25843.94000
   1026     -28003.25000
   1027     -18967.81000
   1028        256.06250
   1029      23546.88000
   1030      37185.25000
   1031      28373.31000
   1032      -1269.06200
   1033     -33538.12000
   1034     -48183.12000
   1035     -42131.75000
   1036     -31666.31000
   1037     -32533.44000
   1038     -43165.44000
   1039     -50908.50000
   1040     -46581.50000
   1041     -30823.75000
   1042     -14601.00000
   1043     -11412.50000
   1044     -19620.00000
   1045     -20630.06000
   1046      -5117.87500
   1047      11551.50000
   1048      12271.62000
   1049       2991.56200
   1050        211.50000
   1051       3572.93800
   1052      -4515.37500
   1053     -32271.44000
   1054     -60794.06000
   1055     -60500.75000
   1056     -25869.38000
   1057      13158.94000
   1058      21431.62000
   1059      -2100.87500
   1060     -23300.81000
   1061     -13544.75000
   1062      17793.75000
   1063      40741.56000
   1064      43361.31000
   1065      34631.75000
   1066      18171.06000
   1067      -9360.62500
   1068     -36209.38000
   1069     -41366.94000
   1070     -27021.00000
   1071     -20524.25000
   1072     -34968.81000
   1073     -47763.94000
   1074     -32738.00000
   1075      -1149.56200
   1076       9345.75000
   1077     -15503.00000
   1078     -47734.25000
   1079     -54137.75000
   1080     -35591.81000
   1081     -18748.00000
   1082     -20053.19000
   1083     -31582.19000
   1084     -38820.75000
   1085     -37331.25000
   1086     -27140.38000
   1087      -6172.50000
   1088      18606.75000
   1089      28994.94000
   1090      21605.06000
   1091      17757.81000
   1092      27449.56000
   1093      27206.94000
   1094      -1176.31200
   1095     -35645.12000
   1096     -45858.19000
   1097     -35320.75000
   1098     -25446.00000
   1099     -21250.06000
   1100     -16168.94000
   1101      -9606.25000
   1102      -1665.87500
   1103      11777.31000
   1104      26746.06000
   1105      27524.19000
   1106       2244.43800
   1107     -43580.06000
   1108     -86340.44000
   1109     -98403.94000
   1110     -75976.31000
   1111     -48627.62000
   1112     -42829.31000
   1113     -46815.62000
   1114     -36089.94000
   1115     -15840.38000
   1116      -6105.18800
   1117      -4222.25000
   1118       2756.00000
   1119       7206.62500
   1120      -3307.50000
   1121     -17255.50000
   1122     -15319.25000
   1123       -547.12500
   1124       8767.18800
   1125       3968.25000
   1126      -8640.87500
   1127     -19031.88000
   1128     -26244.38000
   1129     -40265.38000
   1130     -64714.44000
   1131     -84075.56000
   1132     -83778.38000
   1133     -71786.44000
   1134     -62370.19000
   1135     -55790.19000
   1136     -51657.75000
   1137     -59227.75000
   1138     -77144.75000
   1139     -86342.94000
   1140     -75175.00000
   1141     -51836.75000
   1142     -28603.38000
   1143     -12815.31000
   1144     -11205.38000
   1145     -23375.94000
   1146     -32662.56000
   1147     -21972.19000
   1148      -1199.62500
   1149        429.62500
   1150     -21940.56000
   1151     -36460.38000
   1152     -24241.81000
   1153     -13088.38000
   1154     -32137.94000
   1155     -62358.94000
   1156     -67432.12000
   1157     -48192.88000
   1158     -33632.44000
   1159     -37420.94000
   1160     -45338.50000
   1161     -35603.06000
   1162      -7672.43800
   1163       8203.25000
   1164     -12769.69000
   1165     -47430.38000
   1166     -51524.81000
   1167     -23215.38000
   1168        -92.62500
   1169      -1733.00000
   1170     -14705.81000
   1171     -24318.25000
   1172     -26748.44000
   1173     -19440.69000
   1174      -4585.87500
   1175       4415.00000
   1176      -5181.43800
   1177     -28214.69000
   1178     -42717.44000
   1179     -33862.56000
   1180     -15507.88000
   1181     -12824.69000
   1182     -23016.69000
   1183     -20085.62000
   1184      -1901.18800
   1185       3105.18800
   1186     -16059.19000
   1187     -36637.00000
   1188     -42738.31000
   1189     -45321.62000
   1190     -52545.25000
   1191     -54201.75000
   1192     -44630.88000
   1193     -33427.12000
   1194     -26667.81000
   1195     -19196.12000
   1196      -9286.25000
   1197      -2012.62500
   1198       4278.12500
   1199      17649.12000
   1200      34481.00000
   1201      36553.19000
   1202      14489.31000
   1203     -16302.81000
   1204     -31602.50000
   1205     -21873.75000
   1206       7031.31200
   1207      42335.44000
   1208      62867.31000
   1209      49115.25000
   1210      10509.62000
   1211     -18200.69000
   1212     -21572.56000
   1213     -18256.19000
   1214     -22788.50000
   1215     -27043.25000
   1216     -26474.06000
   1217     -27600.19000
   1218     -26988.50000
   1219     -17341.94000
   1220      -8632.31200
   1221     -13396.50000
   1222     -24488.62000
   1223     -31692.19000
   1224     -41022.31000
   1225     -57836.88000
   1226     -69307.31000
   1227     -58173.50000
   1228     -23932.62000
   1229      13902.19000
   1230      29296.31000
   1231      12482.38000
   1232     -16127.50000
   1233     -23152.00000
   1234        940.87500
   1235      27711.69000
