      1        245.16410
      2       3458.57400
      3       4357.70300
      4       7382.92600
      5      -7843.84800
      6     -43114.78000
      7     -70665.53000
      8     -67577.71000
      9     -36763.27000
     10       -310.73440
     11      17404.58000
     12      13477.28000
     13      11399.25000
     14      26106.60000
     15      40334.76000
     16      34508.29000
     17      15264.67000
     18      -2501.85500
     19     -15720.04000
     20     -25883.75000
     21     -35778.81000
     22     -52677.12000
     23     -74807.87000
     24     -84846.45000
     25     -72828.30000
     26     -52203.23000
     27     -41293.82000
     28     -39884.22000
     29     -32763.90000
     30     -13053.77000
     31       3953.89100
     32       -979.60550
     33     -21353.39000
     34     -32219.48000
     35     -28895.72000
     36     -32545.38000
     37     -50629.43000
     38     -59442.90000
     39     -40736.64000
     40     -14252.42000
     41     -11749.04000
     42     -29752.22000
     43     -34574.16000
     44     -14458.37000
     45       1768.54300
     46     -12202.08000
     47     -42516.36000
     48     -53459.91000
     49     -28496.70000
     50      15445.65000
     51      46761.34000
     52      48946.70000
     53      31728.51000
     54      12453.11000
     55      -3790.76200
     56     -19955.29000
     57     -34188.54000
     58     -37741.31000
     59     -21732.24000
     60       8030.19900
     61      24012.95000
     62       6191.36300
     63     -23428.73000
     64     -27795.32000
     65     -11460.85000
     66      -9620.34000
     67     -28709.12000
     68     -43134.80000
     69     -42269.42000
     70     -36552.70000
     71     -28399.94000
     72     -17388.22000
     73     -18713.37000
     74     -39833.46000
     75     -57027.36000
     76     -49189.45000
     77     -35452.17000
     78     -46786.20000
     79     -75989.60000
     80     -85421.94000
     81     -58549.68000
     82     -22847.52000
     83     -17693.05000
     84     -46794.26000
     85     -71948.73000
     86     -59235.60000
     87     -19789.22000
     88       8679.94100
     89       9475.82000
     90      -3010.89500
     91     -12542.08000
     92     -20560.73000
     93     -36589.57000
     94     -61224.09000
     95     -81770.03000
     96     -82754.41000
     97     -60933.27000
     98     -28936.80000
     99      -3831.88700
    100       5999.14800
    101       4125.93400
    102       1635.40600
    103       7590.59800
    104      16848.38000
    105      12138.61000
    106     -11242.39000
    107     -31288.54000
    108     -26775.72000
    109      -6919.03100
    110       8750.72300
    111      22580.01000
    112      41078.64000
    113      44882.45000
    114      13351.82000
    115     -35985.20000
    116     -65795.25000
    117     -65459.75000
    118     -55393.03000
    119     -55052.09000
    120     -62831.08000
    121     -62401.48000
    122     -43737.20000
    123     -17979.10000
    124      -6111.65200
    125     -14977.77000
    126     -36226.64000
    127     -62721.80000
    128     -88670.80000
    129     -99861.95000
    130     -82987.63000
    131     -44173.75000
    132      -6677.75000
    133      10320.10000
    134       7782.75800
    135       1993.07800
    136       3256.85900
    137       5457.49200
    138       2367.77300
    139         55.53125
    140       -986.52340
    141     -16267.59000
    142     -49703.61000
    143     -76194.83000
    144     -71672.73000
    145     -42533.16000
    146     -13905.16000
    147      -7727.68000
    148     -32316.90000
    149     -71285.61000
    150     -88026.23000
    151     -61877.48000
    152     -12743.04000
    153      21284.47000
    154      21101.81000
    155       1072.32000
    156      -5440.11700
    157      15311.33000
    158      33107.83000
    159      12943.40000
    160     -29083.98000
    161     -49290.38000
    162     -44434.31000
    163     -46507.64000
    164     -60504.95000
    165     -60124.79000
    166     -38939.70000
    167     -20499.03000
    168     -19879.78000
    169     -26234.31000
    170     -22431.96000
    171      -5025.52300
    172      13374.58000
    173      16483.33000
    174       2221.18000
    175     -14117.16000
    176     -18484.84000
    177     -13903.12000
    178     -11680.02000
    179     -14408.83000
    180     -17974.20000
    181     -25467.13000
    182     -42863.06000
    183     -61527.72000
    184     -65564.41000
    185     -58474.34000
    186     -56726.87000
    187     -54719.48000
    188     -30811.36000
    189       6541.52300
    190      18542.68000
    191      -7015.43000
    192     -36534.62000
    193     -41242.52000
    194     -32184.64000
    195     -31224.82000
    196     -38775.79000
    197     -47158.38000
    198     -59703.19000
    199     -78345.25000
    200     -92557.62000
    201     -95528.27000
    202     -92457.20000
    203     -81866.29000
    204     -52528.19000
    205     -11068.03000
    206      11812.66000
    207      -2726.71100
    208     -38119.11000
    209     -64245.02000
    210     -67458.32000
    211     -53665.73000
    212     -35818.00000
    213     -24770.69000
    214     -22382.81000
    215     -18610.87000
    216      -4245.80500
    217      10656.89000
    218       6935.92200
    219      -9167.88300
    220      -7799.38300
    221      15293.51000
    222      24038.01000
    223      -4038.29700
    224     -43744.39000
    225     -61707.85000
    226     -55073.69000
    227     -36368.18000
    228     -15155.96000
    229      -5125.01600
    230     -15212.55000
    231     -27515.66000
    232     -15660.63000
    233      13162.65000
    234      25950.31000
    235      15011.12000
    236       7603.50800
    237      18559.54000
    238      26020.20000
    239       7094.01600
    240     -29140.07000
    241     -57240.23000
    242     -63350.56000
    243     -48160.28000
    244     -19555.40000
    245       7523.63300
    246      14890.41000
    247      -4052.50800
    248     -33709.26000
    249     -49896.44000
    250     -47848.19000
    251     -43833.09000
    252     -45214.77000
    253     -41762.29000
    254     -33160.73000
    255     -33727.06000
    256     -42062.91000
    257     -40647.15000
    258     -30194.12000
    259     -29279.17000
    260     -37305.70000
    261     -30702.85000
    262       -111.25780
    263      31836.21000
    264      37513.91000
    265      18512.47000
    266       2639.16400
    267       6121.69500
    268      13653.73000
    269       7478.85900
    270      -2212.82000
    271       2072.83600
    272       8278.96900
    273     -12008.47000
    274     -55147.52000
    275     -78398.37000
    276     -53244.87000
    277      -5346.92200
    278      18546.43000
    279       7123.07000
    280     -16193.12000
    281     -34383.08000
    282     -46862.11000
    283     -48348.73000
    284     -28446.32000
    285       7085.78100
    286      32887.75000
    287      28000.85000
    288        262.32030
    289     -18393.17000
    290      -6497.32800
    291      21147.90000
    292      31763.40000
    293      13748.84000
    294     -13747.97000
    295     -28057.38000
    296     -28280.12000
    297     -28425.62000
    298     -31121.73000
    299     -22443.45000
    300       1408.96100
    301      20102.03000
    302      16967.23000
    303       5173.38300
    304       5210.07800
    305       8111.39100
    306     -13264.85000
    307     -58358.04000
    308     -89212.62000
    309     -75903.12000
    310     -33157.95000
    311       1128.17200
    312       9650.48400
    313       4075.89800
    314        805.49220
    315       2405.84400
    316       -810.37500
    317     -16332.71000
    318     -36779.52000
    319     -45415.92000
    320     -35823.55000
    321     -19783.66000
    322     -14515.35000
    323     -23950.62000
    324     -31326.71000
    325     -17861.55000
    326       5756.39100
    327       6368.04700
    328     -20704.51000
    329     -38589.79000
    330     -24675.56000
    331      -2230.43800
    332       3374.23400
    333       -613.70310
    334      -2780.28900
    335      -8882.88300
    336     -15658.44000
    337      -1445.93800
    338      36374.38000
    339      63298.07000
    340      48134.45000
    341       5194.60900
    342     -21636.86000
    343     -11411.95000
    344      12560.77000
    345      16874.59000
    346       -407.40620
    347     -14549.68000
    348     -12008.93000
    349      -4643.48400
    350      -5886.14100
    351     -10067.01000
    352      -4421.85200
    353       7651.25000
    354       7786.03100
    355     -10568.49000
    356     -28199.80000
    357     -26126.23000
    358     -15348.01000
    359     -17177.63000
    360     -23183.00000
    361     -11498.44000
    362       4660.44500
    363      -5264.33600
    364     -27297.95000
    365     -19379.35000
    366      10615.16000
    367      12202.75000
    368     -18872.46000
    369     -31265.87000
    370      -5105.35900
    371      20995.58000
    372      19654.30000
    373       8981.86700
    374       8188.49200
    375      10423.38000
    376       7577.65600
    377       4352.10200
    378       3889.88300
    379       4191.45300
    380       6918.30500
    381      14333.47000
    382      21100.34000
    383      19444.73000
    384      11332.70000
    385       9039.04700
    386      17300.98000
    387      18992.93000
    388      -4691.44500
    389     -38779.49000
    390     -44065.43000
    391     -10291.34000
    392      26999.73000
    393      33683.17000
    394      16204.30000
    395       1999.71100
    396       2760.37500
    397      10392.59000
    398      13979.26000
    399       8883.50800
    400      -3014.51600
    401     -13677.39000
    402     -14410.91000
    403      -6337.66400
    404       1192.11700
    405       6958.93800
    406      21038.28000
    407      42247.88000
    408      49004.47000
    409      29897.66000
    410       8224.09400
    411      13443.04000
    412      39899.23000
    413      56418.83000
    414      48334.73000
    415      30600.77000
    416      24858.90000
    417      39491.28000
    418      69000.44000
    419     100928.40000
    420     121513.60000
    421     120807.00000
    422     100189.80000
    423      77183.23000
    424      73354.40000
    425      87556.52000
    426      92090.75000
    427      70773.03000
    428      47112.01000
    429      51719.82000
    430      75040.45000
    431      83692.80000
    432      72950.80000
    433      67162.77000
    434      75197.16000
    435      83216.47000
    436      88804.75000
    437     105822.20000
    438     134556.10000
    439     154998.60000
    440     152144.20000
    441     132027.30000
    442     115959.30000
    443     124876.00000
    444     160585.70000
    445     200504.40000
    446     219638.40000
    447     216191.00000
    448     209822.80000
    449     222545.50000
    450     264649.70000
    451     328900.10000
    452     394552.10000
    453     444354.10000
    454     480336.70000
    455     520008.40000
    456     579760.60000
    457     663198.60000
    458     761588.90000
    459     863159.90000
    460     963124.80000
    461    1066183.00000
    462    1179887.00000
    463    1310054.00000
    464    1465359.00000
    465    1661309.00000
    466    1909585.00000
    467    2205754.00000
    468    2537676.00000
    469    2901386.00000
    470    3287960.00000
    471    3649078.00000
    472    3896074.00000
    473    3951112.00000
    474    3802253.00000
    475    3506179.00000
    476    3139232.00000
    477    2750227.00000
    478    2361593.00000
    479    2000691.00000
    480    1704936.00000
    481    1490528.00000
    482    1334643.00000
    483    1198962.00000
    484    1062638.00000
    485     928516.40000
    486     806285.60000
    487     697622.80000
    488     598214.60000
    489     511747.10000
    490     452992.10000
    491     427278.20000
    492     413194.80000
    493     381634.00000
    494     330876.00000
    495     286808.00000
    496     268209.00000
    497     266023.60000
    498     258267.30000
    499     235012.50000
    500     206647.50000
    501     191099.10000
    502     194202.80000
    503     204911.20000
    504     208252.20000
    505     196526.90000
    506     171731.20000
    507     146936.50000
    508     138840.70000
    509     148232.10000
    510     156147.50000
    511     147030.10000
    512     124594.60000
    513     101043.30000
    514      84830.88000
    515      80787.14000
    516      86595.38000
    517      87983.88000
    518      73884.84000
    519      57734.22000
    520      64249.36000
    521      89842.42000
    522      98653.94000
    523      69913.81000
    524      29110.59000
    525      17687.39000
    526      45867.62000
    527      83746.59000
    528      89874.22000
    529      51248.17000
    530        613.78120
    531     -18956.33000
    532      -6267.25800
    533       5944.51600
    534       5108.14100
    535       7871.10900
    536      19408.00000
    537      24892.50000
    538      22600.84000
    539      28907.31000
    540      45951.20000
    541      53839.30000
    542      42004.81000
    543      25352.73000
    544      19377.73000
    545      17094.70000
    546       3495.87500
    547     -18231.55000
    548     -27555.80000
    549     -10655.64000
    550      22130.94000
    551      43939.80000
    552      38143.19000
    553      14822.22000
    554      -3080.96900
    555      -2160.42200
    556      17221.73000
    557      43312.97000
    558      53614.47000
    559      33667.86000
    560       1165.98400
    561     -10674.20000
    562       3236.65600
    563      17303.02000
    564      16416.80000
    565      11012.94000
    566       8636.15600
    567       1220.95300
    568     -11761.23000
    569     -15519.72000
    570      -4258.17200
    571       8993.32800
    572      11372.19000
    573       2319.96900
    574      -9518.29700
    575     -11520.50000
    576      -2909.29700
    577      -4633.60900
    578     -27850.38000
    579     -43883.34000
    580     -22647.20000
    581      16576.16000
    582      32670.45000
    583      20319.70000
    584       5563.32800
    585       4907.92200
    586      13862.03000
    587      20139.77000
    588      16998.75000
    589      10570.88000
    590      10482.23000
    591      13153.50000
    592       7400.06200
    593      -7779.85900
    594     -24512.92000
    595     -35360.53000
    596     -32580.78000
    597     -12990.28000
    598      11022.16000
    599      20555.41000
    600      12464.55000
    601        -54.93750
    602      -7408.76600
    603     -11872.22000
    604     -16135.34000
    605     -15761.06000
    606      -8898.40600
    607      -5113.04700
    608     -15528.30000
    609     -37681.03000
    610     -57032.41000
    611     -60817.47000
    612     -47751.91000
    613     -28169.89000
    614     -16288.12000
    615     -19849.47000
    616     -34950.06000
    617     -45299.05000
    618     -27587.98000
    619      23992.80000
    620      73609.20000
    621      70883.89000
    622      13552.02000
    623     -44541.83000
    624     -56582.39000
    625     -24249.08000
    626      23910.67000
    627      57679.00000
    628      49787.33000
    629      -2717.42200
    630     -59582.20000
    631     -74942.09000
    632     -51469.41000
    633     -27290.31000
    634     -18273.06000
    635      -6941.64100
    636      16048.33000
    637      31847.25000
    638      21652.81000
    639      -5490.70300
    640     -24311.39000
    641     -24079.83000
    642     -17333.12000
    643     -19739.14000
    644     -30766.14000
    645     -36741.69000
    646     -27524.73000
    647      -7715.98400
    648       7027.84400
    649       5862.90600
    650      -5534.35900
    651     -14128.95000
    652     -17609.64000
    653     -23881.42000
    654     -34936.45000
    655     -43488.14000
    656     -44953.72000
    657     -41276.80000
    658     -34058.83000
    659     -23510.81000
    660     -12231.88000
    661      -3149.81200
    662       1992.65600
    663       -794.73440
    664     -13024.62000
    665     -24677.09000
    666     -24444.95000
    667     -20386.56000
    668     -31876.92000
    669     -57394.77000
    670     -69344.62000
    671     -49115.22000
    672     -12755.42000
    673       8210.40600
    674       2505.21900
    675     -14488.31000
    676     -24793.14000
    677     -25096.52000
    678     -20091.34000
    679     -13242.89000
    680      -9577.59400
    681     -15240.33000
    682     -27274.55000
    683     -33133.11000
    684     -24424.14000
    685      -4280.98400
    686      18154.59000
    687      33257.78000
    688      36062.72000
    689      35643.50000
    690      51873.28000
    691      92093.52000
    692     140410.80000
    693     180899.20000
    694     215495.00000
    695     243458.70000
    696     244260.00000
    697     204579.50000
    698     145627.80000
    699     100107.00000
    700      75228.98000
    701      56065.97000
    702      33697.75000
    703      16817.77000
    704      19718.03000
    705      40179.41000
    706      51878.02000
    707      33325.20000
    708        247.04690
    709     -15749.73000
    710     -14161.80000
    711     -17267.25000
    712     -23161.27000
    713      -9489.46900
    714      20020.84000
    715      36271.03000
    716      32151.80000
    717      27576.59000
    718      25874.33000
    719       8377.48400
    720     -20307.47000
    721     -25272.88000
    722       3972.54700
    723      30734.28000
    724      24093.31000
    725        772.10940
    726      -8240.51600
    727      -1283.23400
    728       7077.93800
    729      15001.00000
    730      25933.62000
    731      33154.28000
    732      30216.94000
    733      22155.34000
    734      17171.22000
    735      18637.48000
    736      26116.66000
    737      33672.92000
    738      31153.00000
    739      16231.83000
    740        305.89060
    741      -1820.68800
    742      15277.27000
    743      43570.66000
    744      68596.70000
    745      84403.52000
    746      96147.52000
    747     101981.10000
    748      90631.58000
    749      69442.44000
    750      67620.22000
    751      90922.56000
    752     102273.20000
    753      73250.77000
    754      29424.64000
    755      18212.78000
    756      48676.61000
    757      85336.25000
    758      92762.25000
    759      70816.97000
    760      47044.17000
    761      42813.38000
    762      52797.73000
    763      59587.47000
    764      60393.34000
    765      66314.45000
    766      79514.33000
    767      89109.27000
    768      88979.05000
    769      81003.38000
    770      63535.02000
    771      37710.75000
    772      18600.05000
    773      17715.42000
    774      24863.05000
    775      28156.34000
    776      34487.55000
    777      50017.50000
    778      63204.61000
    779      65887.50000
    780      67913.59000
    781      76089.73000
    782      80466.78000
    783      71423.84000
    784      53566.95000
    785      37448.20000
    786      27968.53000
    787      22589.61000
    788      17601.42000
    789      15065.58000
    790      17517.45000
    791      17197.53000
    792       5726.70300
    793      -5730.37500
    794       2768.46900
    795      27969.95000
    796      45221.91000
    797      43231.09000
    798      36093.28000
    799      40041.12000
    800      54631.42000
    801      66118.98000
    802      60017.69000
    803      35445.34000
    804      10749.84000
    805       5192.90600
    806      13984.16000
    807      15032.62000
    808        222.78120
    809     -16842.70000
    810     -23950.36000
    811     -21331.77000
    812      -8215.92200
    813      18797.02000
    814      49459.06000
    815      63543.00000
    816      55134.84000
    817      34818.27000
    818      10818.78000
    819     -11886.78000
    820     -21536.22000
    821      -8951.98400
    822      20035.36000
    823      51173.34000
    824      68769.89000
    825      59794.39000
    826      31387.20000
    827      13000.98000
    828      19484.52000
    829      30755.81000
    830      27169.56000
    831      19038.80000
    832      24615.19000
    833      43696.11000
    834      62350.16000
    835      64757.16000
    836      41741.61000
    837       2684.17200
    838     -27947.69000
    839     -32965.69000
    840     -12403.16000
    841      25677.19000
    842      70152.64000
    843     107412.90000
    844     129129.10000
    845     137175.50000
    846     138128.50000
    847     136691.20000
    848     132585.50000
    849     120162.60000
    850      95654.73000
    851      67246.17000
    852      51911.28000
    853      57991.56000
    854      73241.53000
    855      75966.84000
    856      60355.03000
    857      44647.86000
    858      48358.48000
    859      67898.06000
    860      82847.97000
    861      80661.25000
    862      67271.39000
    863      56427.42000
    864      56007.94000
    865      66408.72000
    866      85141.64000
    867     102999.10000
    868     100358.70000
    869      65788.30000
    870      17178.52000
    871     -16542.80000
    872     -31472.39000
    873     -42541.95000
    874     -49877.22000
    875     -41062.77000
    876     -19989.59000
    877      -5706.34400
    878      -7578.09400
    879     -19410.72000
    880     -27924.95000
    881     -18377.44000
    882      10477.42000
    883      33880.34000
    884      26945.75000
    885       2201.00000
    886      -5621.59400
    887      12265.12000
    888      33150.62000
    889      38446.91000
    890      30135.69000
    891      19352.72000
    892      15164.89000
    893      16445.09000
    894      12829.08000
    895       4427.10900
    896       6881.40600
    897      21737.59000
    898      27749.39000
    899      17401.77000
    900       9317.35900
    901      13530.12000
    902      19860.45000
    903      22012.64000
    904      18988.41000
    905       3974.65600
    906     -18689.73000
    907     -28368.50000
    908     -22299.53000
    909     -23916.17000
    910     -42648.66000
    911     -58933.95000
    912     -55612.06000
    913     -35394.64000
    914      -9378.71900
    915       9590.17200
    916      10483.36000
    917      -2969.31200
    918     -11926.81000
    919      -4092.96900
    920       9997.23400
    921       7872.96900
    922     -16626.48000
    923     -41100.22000
    924     -40995.50000
    925     -22609.91000
    926     -10567.08000
    927      -9883.87500
    928      -5276.68800
    929       9155.01600
    930      23813.52000
    931      29074.95000
    932      19442.34000
    933      -6716.89100
    934     -39700.33000
    935     -61414.61000
    936     -62584.33000
    937     -50003.66000
    938     -36426.88000
    939     -28087.42000
    940     -21685.31000
    941     -12587.72000
    942      -2830.57800
    943       4006.51600
    944      10558.00000
    945      19315.56000
    946      24584.81000
    947      17559.59000
    948      -6644.75000
    949     -44255.38000
    950     -75377.42000
    951     -73790.50000
    952     -40205.20000
    953      -8733.78100
    954      -4257.17200
    955     -15187.45000
    956     -21958.34000
    957     -24801.95000
    958     -28119.19000
    959     -25561.48000
    960     -16560.39000
    961     -13758.14000
    962     -20108.22000
    963     -20071.48000
    964      -6053.76600
    965       6297.23400
    966       2487.64100
    967      -8956.14100
    968     -13989.67000
    969     -15955.66000
    970     -23734.28000
    971     -30390.98000
    972     -22619.17000
    973      -2909.12500
    974      14394.92000
    975      22389.00000
    976      23672.77000
    977      20220.97000
    978      13656.56000
    979       9067.84400
    980       7702.53100
    981       2828.87500
    982      -7565.09400
    983     -11908.95000
    984       -783.87500
    985      13992.02000
    986       8870.62500
    987     -22579.47000
    988     -60817.89000
    989     -83510.38000
    990     -87955.94000
    991     -83203.81000
    992     -70101.69000
    993     -45237.78000
    994     -19296.78000
    995     -10384.48000
    996     -16601.61000
    997     -14756.66000
    998       7452.17200
    999      33954.80000
   1000      40542.50000
   1001      19886.11000
   1002     -16647.27000
   1003     -49865.86000
   1004     -63443.36000
   1005     -53347.72000
   1006     -28108.97000
   1007        102.35940
   1008      17693.05000
   1009      10795.72000
   1010     -15281.02000
   1011     -27558.48000
   1012      -5538.51600
   1013      23164.36000
   1014      21653.88000
   1015       -527.95310
   1016     -10712.70000
   1017      -8518.15600
   1018     -12866.25000
   1019     -17371.69000
   1020      -6375.20300
   1021       4334.65600
   1022     -11481.73000
   1023     -43158.89000
   1024     -57284.39000
   1025     -48373.66000
   1026     -37727.72000
   1027     -31775.66000
   1028     -22149.50000
   1029     -20587.03000
   1030     -47400.05000
   1031     -84273.41000
   1032     -86032.06000
   1033     -44767.05000
   1034        952.32810
   1035      21932.36000
   1036      20480.61000
   1037       2475.92200
   1038     -24865.42000
   1039     -34396.72000
   1040      -6388.10900
   1041      32321.17000
   1042      39693.77000
   1043      16105.41000
   1044      -9311.79700
   1045     -28128.08000
   1046     -44772.11000
   1047     -44508.19000
   1048     -16206.95000
   1049      15408.95000
   1050      22333.62000
   1051      15280.55000
   1052      16447.44000
   1053      16343.12000
   1054      -5650.96900
   1055     -39805.91000
   1056     -59268.16000
   1057     -59728.81000
   1058     -57624.88000
   1059     -60521.81000
   1060     -63359.64000
   1061     -63857.92000
   1062     -60026.88000
   1063     -44588.94000
   1064     -23795.61000
   1065     -23464.72000
   1066     -49630.95000
   1067     -65812.00000
   1068     -42496.89000
   1069      -5661.62500
   1070       1273.12500
   1071     -18748.61000
   1072     -30069.75000
   1073     -24177.45000
   1074     -25118.91000
   1075     -41969.38000
   1076     -51833.30000
   1077     -35845.62000
   1078      -6858.57800
   1079       9226.28100
   1080       2042.32800
   1081     -23608.95000
   1082     -58947.34000
   1083     -88355.23000
   1084     -93194.42000
   1085     -73279.70000
   1086     -47989.59000
   1087     -27707.36000
   1088      -6722.48400
   1089      12150.69000
   1090      16297.55000
   1091       6615.57800
   1092      -9416.06200
   1093     -37690.59000
   1094     -75849.91000
   1095     -93066.78000
   1096     -70220.69000
   1097     -34221.59000
   1098     -20384.94000
   1099     -32265.39000
   1100     -57828.48000
   1101     -85529.77000
   1102     -96532.56000
   1103     -80223.53000
   1104     -51738.05000
   1105     -24666.05000
   1106       7023.48400
   1107      36521.84000
   1108      35561.67000
   1109      -2700.85900
   1110     -52193.11000
   1111     -89155.55000
   1112    -103628.10000
   1113     -90784.09000
   1114     -64110.83000
   1115     -51477.73000
   1116     -53487.22000
   1117     -40231.66000
   1118      -5107.45300
   1119      21033.66000
   1120      22361.53000
   1121      19347.59000
   1122      25173.86000
   1123      24061.64000
   1124       7203.62500
   1125      -8193.62500
   1126     -11520.00000
   1127     -18234.19000
   1128     -40318.78000
   1129     -60750.58000
   1130     -53351.52000
   1131     -16202.72000
   1132      23212.33000
   1133      33138.08000
   1134       8544.04700
   1135     -23283.94000
   1136     -34876.88000
   1137     -31605.47000
   1138     -36607.31000
   1139     -46779.28000
   1140     -31640.22000
   1141      13916.28000
   1142      46979.69000
   1143      33136.30000
   1144      -1279.54700
   1145     -10251.11000
   1146       2176.06200
   1147      -1586.48400
   1148     -25551.92000
   1149     -36904.19000
   1150     -18359.28000
   1151      13527.59000
   1152      33063.64000
   1153      25488.61000
   1154      -5042.76600
   1155     -35604.39000
   1156     -44839.55000
   1157     -35938.73000
   1158     -28760.77000
   1159     -33670.33000
   1160     -43485.31000
   1161     -46529.94000
   1162     -38273.75000
   1163     -20721.31000
   1164        654.45310
   1165      14826.30000
   1166      10305.73000
   1167      -7723.90600
   1168     -18301.06000
   1169     -14068.56000
   1170     -10224.72000
   1171     -12691.38000
   1172      -4859.48400
   1173      18166.17000
   1174      30008.19000
   1175       5857.06200
   1176     -43757.66000
   1177     -84820.53000
   1178     -96901.45000
   1179     -91971.66000
   1180     -95825.09000
   1181    -112737.90000
   1182    -119118.30000
   1183     -95871.61000
   1184     -52101.06000
   1185     -11390.62000
   1186      10818.53000
   1187      12648.47000
   1188       2437.18800
   1189      -6784.87500
   1190      -6032.59400
   1191       4702.00000
   1192      17604.52000
   1193      20574.50000
   1194       7714.59400
   1195     -10226.56000
   1196     -17140.39000
   1197     -11929.11000
   1198      -2956.76600
   1199       9658.96900
   1200      25456.88000
   1201      28760.66000
   1202       7890.51600
   1203     -20022.25000
   1204     -27016.22000
   1205     -11709.62000
   1206       -676.73440
   1207     -14512.38000
   1208     -44118.67000
   1209     -61999.22000
   1210     -51748.33000
   1211     -22061.12000
   1212       6380.87500
   1213      19705.23000
   1214      14197.70000
   1215      -8228.98400
   1216     -39199.05000
   1217     -63533.23000
   1218     -68877.73000
   1219     -57033.02000
   1220     -41243.02000
   1221     -31840.95000
   1222     -29574.41000
   1223     -32914.97000
   1224     -41547.03000
   1225     -48834.19000
   1226     -42672.72000
   1227     -21447.59000
   1228      -1011.64100
   1229       2405.31200
   1230      -7748.75000
   1231     -12734.09000
   1232      -3884.17200
   1233       3766.35900
   1234      -9410.04700
   1235     -39669.23000
