      1      -9114.30700
      2      16313.41000
      3      27890.29000
      4      10814.79000
      5     -22273.74000
      6     -38397.98000
      7     -15376.04000
      8      30120.93000
      9      56751.27000
     10      43689.19000
     11       7805.90800
     12     -24605.40000
     13     -45378.00000
     14     -61185.30000
     15     -75709.27000
     16     -79879.27000
     17     -62496.77000
     18     -32664.55000
     19     -18047.17000
     20     -30074.92000
     21     -47432.13000
     22     -46039.72000
     23     -27563.12000
     24      -8266.74800
     25       4221.25400
     26      13976.69000
     27      25593.20000
     28      34976.79000
     29      31042.58000
     30       8148.01800
     31     -25603.32000
     32     -54445.73000
     33     -67324.38000
     34     -66653.84000
     35     -67079.88000
     36     -77635.84000
     37     -85848.94000
     38     -75447.24000
     39     -57298.18000
     40     -57116.61000
     41     -71960.64000
     42     -70947.73000
     43     -43925.86000
     44     -15865.70000
     45      -5263.69300
     46      -2254.94100
     47       2971.18800
     48       3526.62500
     49      -3281.12100
     50      -7653.24200
     51      -7270.52300
     52     -12614.21000
     53     -28783.14000
     54     -46844.92000
     55     -53561.01000
     56     -45646.13000
     57     -36686.98000
     58     -43693.44000
     59     -62346.09000
     60     -69922.50000
     61     -56449.31000
     62     -33668.43000
     63     -11347.34000
     64      11534.98000
     65      28491.67000
     66      23460.73000
     67      -2503.82800
     68     -21338.64000
     69     -12408.45000
     70       4544.74600
     71      -6142.06200
     72     -44162.88000
     73     -72628.25000
     74     -68934.59000
     75     -49218.21000
     76     -38950.21000
     77     -40210.52000
     78     -34648.95000
     79     -11522.52000
     80      13247.27000
     81      14162.65000
     82      -9462.87900
     83     -35274.47000
     84     -51677.16000
     85     -62540.37000
     86     -63917.71000
     87     -49439.68000
     88     -31326.21000
     89     -24177.08000
     90     -22153.86000
     91     -19417.51000
     92     -29128.36000
     93     -54759.51000
     94     -70779.72000
     95     -57781.29000
     96     -31236.12000
     97     -16626.53000
     98     -19069.43000
     99     -28775.27000
    100     -35913.62000
    101     -34705.36000
    102     -27764.36000
    103     -27107.01000
    104     -42164.48000
    105     -67424.57000
    106     -83913.72000
    107     -73766.09000
    108     -39356.94000
    109      -5664.28100
    110       4990.78900
    111      -4880.52300
    112     -17168.37000
    113     -20311.86000
    114     -18191.51000
    115     -22865.95000
    116     -35202.20000
    117     -38092.79000
    118     -25811.70000
    119     -22742.76000
    120     -43329.97000
    121     -59882.28000
    122     -46307.38000
    123     -21526.81000
    124     -16494.11000
    125     -30989.18000
    126     -45803.96000
    127     -48800.39000
    128     -38961.45000
    129     -22741.91000
    130      -5727.03900
    131      11080.00000
    132      16868.03000
    133      -6660.40600
    134     -51091.18000
    135     -79490.50000
    136     -72755.88000
    137     -45157.58000
    138     -14202.95000
    139       8961.48400
    140       9060.74200
    141     -18223.88000
    142     -50619.60000
    143     -61402.85000
    144     -48572.44000
    145     -33739.90000
    146     -36789.78000
    147     -51416.87000
    148     -51309.43000
    149     -28932.80000
    150     -10050.14000
    151     -13237.55000
    152     -20542.04000
    153     -12308.48000
    154      -4436.35500
    155     -19645.91000
    156     -41581.13000
    157     -34098.44000
    158      -1177.37500
    159       8970.50800
    160     -30620.55000
    161     -87245.70000
    162    -113013.30000
    163    -100508.30000
    164     -72317.42000
    165     -41159.23000
    166      -7485.47300
    167      20590.81000
    168      29548.09000
    169      16628.41000
    170      -7895.36700
    171     -30118.46000
    172     -41545.43000
    173     -41860.02000
    174     -32898.30000
    175     -16239.99000
    176      -3062.54300
    177     -10781.23000
    178     -35085.36000
    179     -47000.20000
    180     -35908.66000
    181     -27977.03000
    182     -42273.12000
    183     -61407.28000
    184     -64470.93000
    185     -54561.68000
    186     -38047.93000
    187     -10643.42000
    188      21116.73000
    189      32121.64000
    190       6567.61700
    191     -38697.63000
    192     -67801.47000
    193     -63498.06000
    194     -44499.46000
    195     -34959.06000
    196     -28981.75000
    197     -10615.27000
    198       8079.91800
    199       7152.35500
    200      -1281.07800
    201       4220.33600
    202      12486.55000
    203       4096.55500
    204      -6290.34800
    205       5299.66000
    206      27473.79000
    207      32297.85000
    208      18892.16000
    209       5395.22700
    210      -5464.58600
    211     -22180.70000
    212     -35947.39000
    213     -25608.82000
    214       7654.17600
    215      32468.03000
    216      22870.96000
    217     -11895.91000
    218     -42961.69000
    219     -56191.46000
    220     -58845.68000
    221     -58979.93000
    222     -54373.58000
    223     -43325.14000
    224     -32013.27000
    225     -23783.41000
    226     -13347.29000
    227      -2188.69500
    228      -4968.53900
    229     -25850.41000
    230     -45689.62000
    231     -50750.75000
    232     -52611.18000
    233     -58941.27000
    234     -52613.55000
    235     -25547.36000
    236      -4197.60900
    237     -12321.11000
    238     -34944.83000
    239     -45705.29000
    240     -44381.69000
    241     -42354.57000
    242     -35602.69000
    243     -18192.75000
    244      -3378.77300
    245      -7667.71100
    246     -25575.68000
    247     -37150.83000
    248     -32522.11000
    249     -19317.36000
    250     -11076.29000
    251     -11821.73000
    252     -13250.50000
    253     -12125.00000
    254     -21819.72000
    255     -49318.41000
    256     -73747.65000
    257     -73619.37000
    258     -58684.21000
    259     -46919.24000
    260     -32936.80000
    261      -8410.64100
    262      13090.09000
    263      17726.99000
    264      12702.37000
    265       9684.25000
    266       9594.43800
    267       7379.34400
    268      -5481.56200
    269     -31826.84000
    270     -51981.46000
    271     -43480.87000
    272     -23523.48000
    273     -29959.55000
    274     -55170.57000
    275     -51333.66000
    276     -10596.26000
    277      15605.21000
    278      -5199.66400
    279     -39566.62000
    280     -43635.68000
    281     -24882.49000
    282     -19666.86000
    283     -38053.95000
    284     -61053.30000
    285     -74342.80000
    286     -78344.29000
    287     -74807.10000
    288     -61761.91000
    289     -37562.09000
    290      -6539.43800
    291      13349.59000
    292       1827.25800
    293     -32485.80000
    294     -55617.08000
    295     -56484.39000
    296     -57680.42000
    297     -68638.80000
    298     -71856.64000
    299     -61249.51000
    300     -47971.73000
    301     -32265.10000
    302     -14700.25000
    303     -17420.09000
    304     -49829.55000
    305     -77816.09000
    306     -66175.90000
    307     -26419.46000
    308       5922.94500
    309      16950.30000
    310      17548.45000
    311      18446.95000
    312      17927.93000
    313      11784.15000
    314       5727.50000
    315       6175.53100
    316       2700.91400
    317     -18034.34000
    318     -42807.46000
    319     -45150.99000
    320     -27796.18000
    321     -19883.01000
    322     -31432.63000
    323     -41879.13000
    324     -35645.22000
    325     -20327.81000
    326      -6403.25000
    327       4871.12500
    328       9509.62500
    329       -183.86720
    330     -19862.99000
    331     -34699.45000
    332     -37929.61000
    333     -32142.86000
    334     -17644.60000
    335       2706.24200
    336      14427.09000
    337       6519.33600
    338     -10688.88000
    339     -19081.09000
    340     -16116.91000
    341     -11532.18000
    342     -11607.62000
    343     -19158.80000
    344     -34396.30000
    345     -44000.42000
    346     -29179.27000
    347       3784.68000
    348      25036.96000
    349      23275.74000
    350      17911.18000
    351      23341.75000
    352      32461.23000
    353      38020.16000
    354      39794.91000
    355      32010.56000
    356       7202.57000
    357     -30423.55000
    358     -63197.64000
    359     -66587.54000
    360     -30526.23000
    361      14760.74000
    362      22943.80000
    363      -5721.97700
    364     -24497.88000
    365      -9819.46100
    366      15773.79000
    367      31177.48000
    368      35626.65000
    369      23639.98000
    370      -8866.04700
    371     -39013.64000
    372     -40122.26000
    373     -22952.56000
    374     -19220.00000
    375     -33481.47000
    376     -40332.00000
    377     -22920.75000
    378       8274.25800
    379      33167.45000
    380      43500.52000
    381      45898.87000
    382      49600.86000
    383      51786.18000
    384      37452.52000
    385        534.39840
    386     -39873.53000
    387     -57656.75000
    388     -51006.62000
    389     -38903.06000
    390     -28523.88000
    391      -8302.65600
    392      24769.20000
    393      53266.33000
    394      60107.87000
    395      43904.02000
    396      12866.40000
    397     -19572.64000
    398     -36719.82000
    399     -32798.82000
    400     -20243.00000
    401     -10373.65000
    402       2392.75000
    403      24105.16000
    404      41775.31000
    405      35726.29000
    406       6594.57800
    407     -21662.14000
    408     -26443.29000
    409      -7935.37500
    410      16809.32000
    411      32743.41000
    412      33297.30000
    413      21009.62000
    414      14318.41000
    415      37542.73000
    416      85961.05000
    417     118291.10000
    418     102564.50000
    419      53050.27000
    420       7283.01600
    421     -15387.26000
    422     -20448.62000
    423     -20450.30000
    424     -20108.06000
    425     -12341.96000
    426       9484.50000
    427      33781.16000
    428      39520.91000
    429      27086.14000
    430      20419.74000
    431      33352.64000
    432      54004.33000
    433      65782.17000
    434      62477.74000
    435      41651.03000
    436       7070.62500
    437     -19953.34000
    438     -14002.24000
    439      23008.91000
    440      59344.82000
    441      68428.54000
    442      56946.77000
    443      52047.05000
    444      67136.39000
    445      89590.80000
    446     101108.90000
    447      98939.18000
    448      92020.97000
    449      87785.94000
    450      90701.23000
    451     104595.30000
    452     128892.80000
    453     159995.40000
    454     199569.80000
    455     249401.10000
    456     296664.20000
    457     322643.50000
    458     334087.80000
    459     365771.60000
    460     436171.80000
    461     518391.20000
    462     575347.90000
    463     610668.20000
    464     661396.90000
    465     749467.00000
    466     861821.80000
    467     972777.50000
    468    1065480.00000
    469    1132170.00000
    470    1168562.00000
    471    1174088.00000
    472    1155425.00000
    473    1124736.00000
    474    1090414.00000
    475    1050990.00000
    476    1001052.00000
    477     938107.80000
    478     861161.20000
    479     771845.80000
    480     680927.30000
    481     606437.20000
    482     562259.80000
    483     548823.80000
    484     549186.00000
    485     535518.30000
    486     491710.60000
    487     431111.70000
    488     384898.60000
    489     374674.10000
    490     396479.80000
    491     422571.40000
    492     421643.10000
    493     387708.20000
    494     342693.80000
    495     307806.90000
    496     289811.10000
    497     294293.30000
    498     322702.80000
    499     354418.30000
    500     361394.40000
    501     343083.80000
    502     323720.20000
    503     317956.60000
    504     320342.80000
    505     325247.70000
    506     338423.80000
    507     365147.30000
    508     397955.10000
    509     423960.60000
    510     439786.70000
    511     450784.30000
    512     459269.20000
    513     465108.30000
    514     473154.80000
    515     488510.00000
    516     510765.70000
    517     540369.30000
    518     579419.40000
    519     622404.00000
    520     662091.40000
    521     702086.20000
    522     745805.00000
    523     784565.40000
    524     819006.90000
    525     870955.40000
    526     945818.50000
    527    1009492.00000
    528    1034875.00000
    529    1042967.00000
    530    1062982.00000
    531    1083119.00000
    532    1081388.00000
    533    1079918.00000
    534    1125657.00000
    535    1231729.00000
    536    1377313.00000
    537    1559454.00000
    538    1811489.00000
    539    2165224.00000
    540    2611285.00000
    541    3088160.00000
    542    3487030.00000
    543    3680978.00000
    544    3590974.00000
    545    3239167.00000
    546    2728792.00000
    547    2180524.00000
    548    1692909.00000
    549    1324274.00000
    550    1071857.00000
    551     886354.80000
    552     734359.60000
    553     626598.20000
    554     569788.20000
    555     530196.00000
    556     472500.60000
    557     403126.30000
    558     348529.20000
    559     314107.50000
    560     283677.60000
    561     241232.00000
    562     182862.10000
    563     121429.70000
    564      81464.73000
    565      77092.65000
    566      98482.70000
    567     126727.90000
    568     149658.50000
    569     158599.10000
    570     148077.60000
    571     123667.90000
    572      95050.30000
    573      65940.25000
    574      45437.75000
    575      51174.72000
    576      79104.08000
    577      93059.12000
    578      71607.73000
    579      43625.91000
    580      49640.69000
    581      85455.77000
    582     108990.70000
    583      91911.14000
    584      45751.78000
    585       1798.43800
    586     -21267.61000
    587     -25170.19000
    588     -14447.59000
    589      11902.98000
    590      44164.17000
    591      58018.77000
    592      44051.97000
    593      23507.53000
    594      18497.36000
    595      25829.47000
    596      33641.95000
    597      41130.83000
    598      47392.88000
    599      40175.83000
    600      10795.83000
    601     -26968.61000
    602     -41285.88000
    603     -11891.35000
    604      41127.22000
    605      70221.12000
    606      51672.08000
    607       9917.56200
    608     -16223.86000
    609     -11739.20000
    610      14539.56000
    611      44576.59000
    612      59906.28000
    613      53032.39000
    614      33238.81000
    615      14932.19000
    616       5910.39100
    617       8664.45300
    618      22271.05000
    619      40308.48000
    620      54191.86000
    621      59888.75000
    622      60088.36000
    623      60737.55000
    624      63619.05000
    625      62560.39000
    626      50352.64000
    627      25887.27000
    628      -8288.62500
    629     -44018.73000
    630     -59341.58000
    631     -32671.23000
    632      24809.88000
    633      72253.16000
    634      86489.42000
    635      84267.23000
    636      86306.19000
    637      85206.02000
    638      66213.72000
    639      36982.98000
    640      16880.36000
    641      12889.17000
    642      22400.34000
    643      45695.55000
    644      79704.48000
    645     109493.50000
    646     120489.50000
    647     115364.00000
    648     109331.30000
    649     111040.40000
    650     116006.60000
    651     117660.20000
    652     116805.80000
    653     118479.70000
    654     125278.80000
    655     134003.60000
    656     133672.30000
    657     110659.40000
    658      64855.62000
    659      18017.64000
    660      -4220.34400
    661       2393.93800
    662      21417.28000
    663      37650.91000
    664      46834.12000
    665      46735.02000
    666      36650.92000
    667      28642.00000
    668      39659.20000
    669      65575.89000
    670      82814.17000
    671      81001.83000
    672      71412.48000
    673      60966.44000
    674      45443.53000
    675      28623.83000
    676      17946.02000
    677       4971.03100
    678     -17913.42000
    679     -29608.41000
    680      -4727.96900
    681      41801.28000
    682      69518.77000
    683      64839.72000
    684      47642.78000
    685      34664.30000
    686      28083.66000
    687      32999.70000
    688      54630.06000
    689      80430.02000
    690      89443.70000
    691      77340.70000
    692      55310.50000
    693      32283.30000
    694      13986.58000
    695       9537.48400
    696      23514.55000
    697      47540.77000
    698      69309.39000
    699      84975.41000
    700      98220.27000
    701     110367.50000
    702     113802.10000
    703      97834.72000
    704      65515.66000
    705      40002.16000
    706      44486.47000
    707      76797.94000
    708     110491.60000
    709     121186.00000
    710     109211.30000
    711      95444.84000
    712      94146.12000
    713      96253.03000
    714      87864.77000
    715      73752.34000
    716      65295.75000
    717      58687.84000
    718      48568.17000
    719      47630.06000
    720      65685.50000
    721      86116.31000
    722      89947.30000
    723      86249.61000
    724      94153.62000
    725     110230.80000
    726     113362.10000
    727      92951.86000
    728      62568.00000
    729      48012.80000
    730      59892.45000
    731      82102.38000
    732      97969.55000
    733     112423.60000
    734     128129.00000
    735     124252.00000
    736      88403.64000
    737      44909.20000
    738      25412.23000
    739      35684.88000
    740      63193.34000
    741      88132.72000
    742      86900.31000
    743      56530.28000
    744      27389.05000
    745      25065.61000
    746      37806.11000
    747      42020.67000
    748      35298.56000
    749      26956.53000
    750      18534.05000
    751       6707.43800
    752      -8386.56200
    753     -23502.61000
    754     -32791.39000
    755     -25027.41000
    756      10300.16000
    757      61247.28000
    758      85820.05000
    759      55371.89000
    760       2165.37500
    761     -16767.56000
    762       1221.73400
    763      11529.06000
    764       -848.01560
    765     -11407.08000
    766     -12291.03000
    767     -17134.44000
    768     -20559.48000
    769      -7683.65600
    770       8713.46900
    771       6823.89100
    772      -3898.78100
    773        220.18750
    774      15574.48000
    775      19577.94000
    776       6611.73400
    777      -9518.26600
    778     -15830.48000
    779      -6892.51600
    780      12867.20000
    781      25655.52000
    782      18672.56000
    783       4514.62500
    784       1084.46900
    785       4141.48400
    786       5432.15600
    787      13623.09000
    788      28265.80000
    789      24243.77000
    790      -8659.50000
    791     -40998.81000
    792     -41767.72000
    793     -15736.22000
    794      10947.70000
    795      23289.80000
    796      28259.20000
    797      39580.55000
    798      53627.06000
    799      50256.27000
    800      26331.80000
    801       9694.15600
    802      22141.88000
    803      46535.41000
    804      51001.95000
    805      33539.05000
    806      21643.48000
    807      31150.05000
    808      46578.67000
    809      50207.41000
    810      49170.67000
    811      53311.59000
    812      47390.55000
    813      17115.53000
    814     -13334.67000
    815      -6696.39100
    816      34227.28000
    817      71901.00000
    818      84325.70000
    819      79601.09000
    820      68136.42000
    821      51979.44000
    822      39180.55000
    823      40250.31000
    824      49325.38000
    825      51276.33000
    826      44613.25000
    827      38551.25000
    828      37663.14000
    829      46328.45000
    830      71305.19000
    831     104650.40000
    832     124683.30000
    833     123343.50000
    834     111991.90000
    835     101570.10000
    836      97475.84000
    837     103335.40000
    838     111510.00000
    839     106445.40000
    840      88894.72000
    841      77831.12000
    842      85355.11000
    843     107861.00000
    844     135392.70000
    845     153384.40000
    846     148544.70000
    847     126777.20000
    848     110513.90000
    849     108742.50000
    850     105073.40000
    851      83490.56000
    852      52617.58000
    853      35145.14000
    854      40116.69000
    855      53983.89000
    856      56289.80000
    857      39101.12000
    858      14054.11000
    859       2921.81200
    860      15880.36000
    861      38458.02000
    862      48104.27000
    863      40856.86000
    864      29905.28000
    865      22058.86000
    866      11411.77000
    867      -3208.28100
    868      -9339.03100
    869       2213.90600
    870      18716.62000
    871      18498.81000
    872       3198.84400
    873      -3426.75000
    874       3293.84400
    875      -3895.09400
    876     -38568.11000
    877     -70788.38000
    878     -68746.88000
    879     -46517.36000
    880     -38952.89000
    881     -45119.06000
    882     -32235.88000
    883       7166.00000
    884      36417.72000
    885      24252.95000
    886     -11757.09000
    887     -29019.70000
    888     -13816.97000
    889       6410.28100
    890       2024.78100
    891     -21057.67000
    892     -30647.75000
    893     -12016.42000
    894      12553.36000
    895      16526.14000
    896       6137.23400
    897       5623.89100
    898      15814.16000
    899      12796.42000
    900     -11391.12000
    901     -30584.78000
    902     -18654.55000
    903      13243.17000
    904      29485.69000
    905      14504.80000
    906     -10488.59000
    907     -16154.28000
    908       1042.92200
    909      20049.11000
    910      24846.52000
    911      20268.08000
    912      14630.69000
    913       2951.35900
    914     -17683.27000
    915     -31418.41000
    916     -23927.09000
    917      -7492.12500
    918      -4837.14100
    919     -18237.77000
    920     -32709.23000
    921     -40038.09000
    922     -44593.09000
    923     -51322.81000
    924     -57691.66000
    925     -56525.61000
    926     -44139.84000
    927     -25821.28000
    928     -13257.72000
    929     -16222.70000
    930     -32321.02000
    931     -42616.00000
    932     -28024.19000
    933       2683.70300
    934      16536.55000
    935      -1335.23400
    936     -28630.81000
    937     -41491.19000
    938     -45987.38000
    939     -57787.41000
    940     -72148.80000
    941     -72514.73000
    942     -54262.83000
    943     -27079.02000
    944      -4296.54700
    945       3751.79700
    946      -3384.31200
    947     -12454.84000
    948      -8792.48400
    949       7437.79700
    950      24620.70000
    951      34060.48000
    952      30485.53000
    953       6946.54700
    954     -33859.58000
    955     -67959.53000
    956     -68227.28000
    957     -36174.92000
    958      -3209.04700
    959       2508.10900
    960     -16138.09000
    961     -32004.78000
    962     -24429.30000
    963       -454.51560
    964      15516.00000
    965       9110.23400
    966     -13142.39000
    967     -36154.98000
    968     -49175.41000
    969     -47595.94000
    970     -32887.17000
    971     -12659.81000
    972       5122.23400
    973      17025.75000
    974      19278.45000
    975       3981.82800
    976     -29198.86000
    977     -60592.67000
    978     -64313.11000
    979     -38677.73000
    980     -11696.73000
    981     -10935.06000
    982     -36201.28000
    983     -64305.88000
    984     -73610.08000
    985     -63726.92000
    986     -54632.06000
    987     -61075.77000
    988     -69154.44000
    989     -52537.47000
    990     -11325.17000
    991      24464.00000
    992      31404.45000
    993      13606.34000
    994     -12156.67000
    995     -32767.09000
    996     -40316.08000
    997     -35655.31000
    998     -31656.11000
    999     -38964.20000
   1000     -50832.58000
   1001     -55077.59000
   1002     -53884.39000
   1003     -53840.55000
   1004     -45877.91000
   1005     -19946.50000
   1006       8187.64100
   1007      13077.98000
   1008      -2343.21900
   1009     -13133.02000
   1010     -12919.59000
   1011     -19880.78000
   1012     -41000.83000
   1013     -55007.47000
   1014     -41687.02000
   1015     -14562.78000
   1016      -7492.67200
   1017     -29007.77000
   1018     -49426.95000
   1019     -42077.00000
   1020     -15723.89000
   1021       8435.96900
   1022      26575.17000
   1023      38783.58000
   1024      32155.97000
   1025       2284.64100
   1026     -28209.08000
   1027     -35431.42000
   1028     -23968.31000
   1029     -13166.73000
   1030      -6663.68800
   1031       5730.62500
   1032      22299.00000
   1033      25510.84000
   1034       5615.32800
   1035     -27823.48000
   1036     -60699.31000
   1037     -84325.39000
   1038     -89112.39000
   1039     -68564.22000
   1040     -33078.08000
   1041      -2845.85900
   1042      13372.06000
   1043      19351.36000
   1044      18072.91000
   1045      10161.16000
   1046      -1054.95300
   1047     -11470.80000
   1048     -19327.05000
   1049     -26831.91000
   1050     -41385.62000
   1051     -65616.56000
   1052     -84301.64000
   1053     -78262.75000
   1054     -54150.12000
   1055     -38354.05000
   1056     -36403.88000
   1057     -25843.45000
   1058      -1543.90600
   1059       1423.79700
   1060     -42982.27000
   1061     -99346.53000
   1062    -103207.80000
   1063     -42536.50000
   1064      23566.09000
   1065      33290.22000
   1066     -13270.77000
   1067     -66984.00000
   1068     -89807.61000
   1069     -84698.16000
   1070     -72337.75000
   1071     -63174.89000
   1072     -60560.88000
   1073     -67849.25000
   1074     -76481.20000
   1075     -67613.73000
   1076     -40392.58000
   1077     -18367.44000
   1078     -15787.47000
   1079     -18997.38000
   1080     -12630.27000
   1081      -4350.95300
   1082     -11087.73000
   1083     -33112.75000
   1084     -53002.27000
   1085     -55262.50000
   1086     -40356.16000
   1087     -21848.20000
   1088     -13089.53000
   1089     -15192.23000
   1090     -18913.31000
   1091     -21099.69000
   1092     -30683.28000
   1093     -50481.84000
   1094     -67123.58000
   1095     -70614.91000
   1096     -66800.08000
   1097     -59804.75000
   1098     -43615.83000
   1099     -20211.03000
   1100      -5524.28100
   1101     -11310.78000
   1102     -35103.53000
   1103     -65861.27000
   1104     -89835.55000
   1105     -96648.88000
   1106     -84861.17000
   1107     -61022.31000
   1108     -39260.92000
   1109     -39425.73000
   1110     -67975.69000
   1111    -101066.20000
   1112    -106855.50000
   1113     -84344.31000
   1114     -61676.94000
   1115     -57293.14000
   1116     -61340.94000
   1117     -57004.80000
   1118     -43164.17000
   1119     -29543.64000
   1120     -23100.14000
   1121     -27956.86000
   1122     -45430.41000
   1123     -64599.84000
   1124     -66719.02000
   1125     -48405.70000
   1126     -27008.36000
   1127     -16000.00000
   1128      -8398.59400
   1129       9263.67200
   1130      34074.30000
   1131      43324.77000
   1132      18622.45000
   1133     -23992.70000
   1134     -42753.88000
   1135     -21494.69000
   1136       6320.48400
   1137       3861.12500
   1138     -19655.36000
   1139     -30137.08000
   1140     -17892.67000
   1141        939.87500
   1142      11403.95000
   1143       2890.65600
   1144     -30141.42000
   1145     -66325.89000
   1146     -66753.42000
   1147     -29778.02000
   1148      -1850.37500
   1149     -12819.20000
   1150     -39376.09000
   1151     -50441.94000
   1152     -47468.89000
   1153     -43780.05000
   1154     -39812.81000
   1155     -31445.84000
   1156     -19270.98000
   1157      -7099.21900
   1158      -2956.37500
   1159     -12633.45000
   1160     -27541.88000
   1161     -34674.09000
   1162     -36869.34000
   1163     -43626.44000
   1164     -49364.53000
   1165     -43940.83000
   1166     -37027.47000
   1167     -46907.58000
   1168     -67672.05000
   1169     -70888.31000
   1170     -45269.77000
   1171     -16963.86000
   1172     -17331.66000
   1173     -42317.86000
   1174     -60812.22000
   1175     -54276.27000
   1176     -29333.53000
   1177      -2212.15600
   1178       8970.42200
   1179      -7935.90600
   1180     -39542.62000
   1181     -54738.17000
   1182     -45741.08000
   1183     -35734.38000
   1184     -38830.30000
   1185     -44015.08000
   1186     -41054.33000
   1187     -32655.23000
   1188     -24186.92000
   1189     -23370.41000
   1190     -37915.95000
   1191     -59046.38000
   1192     -65138.75000
   1193     -49137.70000
   1194     -24269.97000
   1195      -3876.40600
   1196       6085.00000
   1197       1412.54700
   1198     -16668.70000
   1199     -38897.73000
   1200     -58701.17000
   1201     -75927.81000
   1202     -85734.30000
   1203     -79865.98000
   1204     -64210.80000
   1205     -56015.16000
   1206     -55991.67000
   1207     -44190.47000
   1208     -12521.02000
   1209      20648.52000
   1210      35183.95000
   1211      26990.38000
   1212        692.35940
   1213     -32366.52000
   1214     -53923.27000
   1215     -56381.72000
   1216     -49495.14000
   1217     -37809.59000
   1218     -14106.55000
   1219      14860.30000
   1220      23723.64000
   1221        646.60940
   1222     -35253.84000
   1223     -54681.67000
   1224     -46956.41000
   1225     -29146.78000
   1226     -27481.08000
   1227     -44850.53000
   1228     -56195.39000
   1229     -46015.22000
   1230     -33971.53000
   1231     -44510.56000
   1232     -65909.52000
   1233     -66055.45000
   1234     -43733.03000
   1235     -34411.66000
