      1     -33874.09000
      2     -30090.70000
      3     -28992.12000
      4     -34250.08000
      5     -41237.16000
      6     -52131.99000
      7     -62741.23000
      8     -57932.03000
      9     -35658.76000
     10     -14787.06000
     11     -10330.67000
     12     -19471.72000
     13     -32991.96000
     14     -43881.13000
     15     -47431.43000
     16     -44717.58000
     17     -42356.69000
     18     -42804.86000
     19     -39070.35000
     20     -22218.62000
     21       5430.33300
     22      25883.41000
     23      21909.67000
     24      -1170.72200
     25     -21141.46000
     26     -26741.38000
     27     -26804.31000
     28     -32766.89000
     29     -44262.47000
     30     -51083.33000
     31     -43974.63000
     32     -25476.65000
     33      -9359.41600
     34      -6887.18500
     35     -18583.73000
     36     -38776.56000
     37     -60699.64000
     38     -79018.76000
     39     -91227.12000
     40     -92324.92000
     41     -73841.19000
     42     -40159.30000
     43     -13760.16000
     44      -7542.86600
     45      -7246.66500
     46        456.16060
     47       1514.01700
     48     -20609.09000
     49     -50120.49000
     50     -56317.85000
     51     -37124.93000
     52     -16956.07000
     53      -6565.68500
     54       2433.39000
     55       7163.65300
     56      -3895.39600
     57     -19925.88000
     58     -19565.71000
     59      -8961.91900
     60     -10629.06000
     61     -23858.36000
     62     -28381.26000
     63     -14683.02000
     64       9729.77100
     65      29485.35000
     66      31710.73000
     67      21844.31000
     68      18981.98000
     69      22822.65000
     70       9716.75600
     71     -26488.42000
     72     -60567.41000
     73     -72127.73000
     74     -65761.00000
     75     -51148.68000
     76     -32027.29000
     77     -16574.56000
     78     -14798.39000
     79     -24154.22000
     80     -31793.55000
     81     -28361.22000
     82     -12503.93000
     83       9016.20800
     84      21701.00000
     85      16680.39000
     86       4041.31000
     87      -2843.64600
     88     -11019.51000
     89     -33949.96000
     90     -62401.82000
     91     -75906.25000
     92     -74750.27000
     93     -72813.66000
     94     -67208.15000
     95     -42245.79000
     96        607.69240
     97      38077.89000
     98      50387.31000
     99      38602.45000
    100      17135.62000
    101      -2818.77500
    102     -20201.39000
    103     -38589.68000
    104     -57367.83000
    105     -68500.03000
    106     -62008.02000
    107     -35532.82000
    108        -41.49316
    109      23238.86000
    110      16281.78000
    111     -15898.52000
    112     -41503.50000
    113     -34565.18000
    114      -8112.07200
    115       6638.72300
    116       4449.85900
    117          5.50000
    118      -4398.20700
    119      -8649.75600
    120       1242.53700
    121      21203.02000
    122      16495.53000
    123     -24018.02000
    124     -64181.75000
    125     -75148.80000
    126     -63052.91000
    127     -33210.46000
    128      11871.11000
    129      38712.03000
    130      13084.32000
    131     -39443.07000
    132     -62348.55000
    133     -49782.07000
    134     -46236.62000
    135     -69563.67000
    136     -81479.56000
    137     -45986.84000
    138      13815.55000
    139      44426.98000
    140      34186.80000
    141      20453.81000
    142      26867.30000
    143      36827.81000
    144      33866.35000
    145      24581.12000
    146      16858.63000
    147      10140.46000
    148       3719.15600
    149      -7917.08000
    150     -29884.29000
    151     -46381.24000
    152     -37132.26000
    153     -15605.03000
    154     -10293.23000
    155     -15252.03000
    156      -5793.17800
    157       9207.93000
    158       -521.27730
    159     -32487.95000
    160     -53759.78000
    161     -52369.95000
    162     -49606.38000
    163     -58687.30000
    164     -60528.26000
    165     -36514.53000
    166      -6620.23200
    167      -6783.59600
    168     -35771.52000
    169     -58080.13000
    170     -55387.99000
    171     -36874.67000
    172      -8137.52900
    173      24567.92000
    174      33326.90000
    175       1460.72900
    176     -38514.04000
    177     -45066.37000
    178     -25942.04000
    179     -19235.19000
    180     -36399.05000
    181     -52628.41000
    182     -42871.46000
    183     -14889.54000
    184      -4064.90200
    185     -27574.95000
    186     -56779.66000
    187     -58576.02000
    188     -42269.23000
    189     -32290.12000
    190     -25311.29000
    191     -14397.06000
    192     -22082.71000
    193     -64297.57000
    194    -106864.80000
    195    -101551.90000
    196     -52185.16000
    197      -8562.10900
    198        842.96680
    199      -4969.70700
    200      -4981.38300
    201      -7847.15200
    202     -20242.36000
    203     -23696.47000
    204     -11348.86000
    205     -10096.47000
    206     -35361.05000
    207     -59428.17000
    208     -55655.84000
    209     -40934.52000
    210     -43913.28000
    211     -58293.67000
    212     -56588.82000
    213     -33928.52000
    214     -14300.64000
    215     -19154.34000
    216     -43866.74000
    217     -64600.50000
    218     -62699.30000
    219     -42701.82000
    220     -28773.03000
    221     -41655.98000
    222     -76914.72000
    223    -107118.90000
    224    -107336.20000
    225     -75936.88000
    226     -29259.29000
    227      14922.29000
    228      42966.48000
    229      46585.81000
    230      29591.64000
    231       4741.93000
    232     -20750.09000
    233     -43605.51000
    234     -52663.25000
    235     -42202.52000
    236     -31397.29000
    237     -40906.55000
    238     -57544.95000
    239     -53157.53000
    240     -29159.55000
    241     -11859.12000
    242     -13690.71000
    243     -25121.57000
    244     -34474.93000
    245     -36898.32000
    246     -33355.38000
    247     -31283.73000
    248     -36386.82000
    249     -41692.36000
    250     -36322.29000
    251     -22834.90000
    252     -14373.95000
    253     -16348.00000
    254     -19865.39000
    255     -14540.01000
    256      -4375.49200
    257      -4455.60200
    258     -18248.96000
    259     -31759.27000
    260     -39446.19000
    261     -53380.64000
    262     -71154.07000
    263     -66761.78000
    264     -34774.01000
    265      -8682.53100
    266     -13425.52000
    267     -33495.35000
    268     -44126.74000
    269     -42362.61000
    270     -38339.18000
    271     -40256.36000
    272     -48778.75000
    273     -51841.02000
    274     -35753.73000
    275     -10211.80000
    276      -2764.79700
    277     -20305.19000
    278     -36791.46000
    279     -28861.22000
    280      -5211.54700
    281       9602.36700
    282       4116.53900
    283     -17308.67000
    284     -43278.84000
    285     -55838.55000
    286     -42678.54000
    287     -19117.11000
    288     -14499.51000
    289     -31125.68000
    290     -44282.27000
    291     -43091.53000
    292     -39555.55000
    293     -41089.57000
    294     -43508.55000
    295     -43685.54000
    296     -37220.31000
    297     -18023.39000
    298       4754.24600
    299       7994.16400
    300     -16828.32000
    301     -51999.59000
    302     -73112.64000
    303     -67501.31000
    304     -39410.39000
    305      -8478.87900
    306       6314.25400
    307       7382.86300
    308       9859.65600
    309      13143.05000
    310       3500.37500
    311     -17388.99000
    312     -32230.54000
    313     -33558.03000
    314     -26614.45000
    315     -15063.75000
    316      -5134.67600
    317     -10893.10000
    318     -35547.37000
    319     -59940.32000
    320     -65679.34000
    321     -58516.04000
    322     -55670.31000
    323     -58292.61000
    324     -53791.16000
    325     -45765.12000
    326     -56323.16000
    327     -84758.66000
    328     -94322.98000
    329     -65896.34000
    330     -31370.08000
    331     -23882.85000
    332     -31740.55000
    333     -30817.04000
    334     -25084.28000
    335     -27725.98000
    336     -33481.57000
    337     -30254.02000
    338     -18148.79000
    339      -5830.05900
    340       3004.92600
    341      12758.87000
    342      23529.17000
    343      22390.99000
    344       1079.97700
    345     -26051.30000
    346     -40557.75000
    347     -41784.27000
    348     -33918.54000
    349     -17117.83000
    350      -5101.82400
    351     -14877.46000
    352     -30286.64000
    353     -18512.66000
    354      13788.54000
    355      25177.21000
    356       -807.42970
    357     -38583.32000
    358     -57632.94000
    359     -50355.77000
    360     -30882.10000
    361     -18637.62000
    362     -15758.89000
    363      -6550.05900
    364      12094.77000
    365      20097.29000
    366       4762.92200
    367     -20950.56000
    368     -38451.18000
    369     -42767.07000
    370     -42027.34000
    371     -48652.39000
    372     -62249.66000
    373     -62603.14000
    374     -36961.85000
    375      -3160.43400
    376      15891.27000
    377      20790.35000
    378      18313.36000
    379       2825.43800
    380     -26645.62000
    381     -55056.16000
    382     -66427.31000
    383     -52598.30000
    384     -15104.94000
    385      24927.11000
    386      36578.19000
    387      13656.51000
    388     -20215.48000
    389     -45346.78000
    390     -60134.39000
    391     -64711.35000
    392     -57437.55000
    393     -44541.35000
    394     -34175.12000
    395     -28449.20000
    396     -30498.72000
    397     -43664.70000
    398     -58222.70000
    399     -55836.49000
    400     -32317.88000
    401      -5740.00000
    402          5.42188
    403     -20603.53000
    404     -44720.21000
    405     -44946.79000
    406     -25410.38000
    407     -13779.01000
    408     -15964.65000
    409     -11848.61000
    410         52.65625
    411      -7299.29700
    412     -43826.10000
    413     -78808.91000
    414     -75992.66000
    415     -35414.03000
    416       6052.48400
    417      12257.19000
    418     -13399.30000
    419     -30132.16000
    420      -3982.90600
    421      58659.30000
    422     122854.70000
    423     155212.40000
    424     143457.20000
    425     107230.00000
    426      91658.05000
    427     126682.40000
    428     185164.50000
    429     203817.10000
    430     156853.60000
    431      86219.40000
    432      43516.32000
    433      30780.36000
    434      23024.40000
    435      17061.67000
    436      23670.90000
    437      37266.70000
    438      45269.99000
    439      46601.06000
    440      44233.95000
    441      43225.74000
    442      58513.45000
    443      94922.77000
    444     127684.00000
    445     133532.70000
    446     124607.80000
    447     124209.50000
    448     131388.80000
    449     132271.80000
    450     120526.60000
    451      90885.60000
    452      40190.70000
    453     -12684.53000
    454     -32971.89000
    455      -8844.88300
    456      32079.63000
    457      54117.77000
    458      52565.47000
    459      53140.55000
    460      74337.25000
    461     100570.50000
    462     100904.50000
    463      69582.60000
    464      34567.24000
    465      25054.88000
    466      42503.63000
    467      68515.41000
    468      89520.23000
    469     103229.00000
    470     107835.40000
    471     101015.50000
    472      92206.72000
    473      99036.73000
    474     123141.70000
    475     144516.40000
    476     151222.60000
    477     159985.50000
    478     198525.00000
    479     288313.50000
    480     448969.70000
    481     684087.60000
    482     946899.80000
    483    1154851.00000
    484    1254978.00000
    485    1247033.00000
    486    1144798.00000
    487     962318.00000
    488     747546.60000
    489     580936.40000
    490     513519.20000
    491     524073.90000
    492     548929.00000
    493     544619.40000
    494     516893.10000
    495     497201.20000
    496     503840.10000
    497     532643.60000
    498     570394.70000
    499     598032.30000
    500     593029.10000
    501     554706.60000
    502     516306.10000
    503     505268.00000
    504     506385.60000
    505     492204.60000
    506     469998.90000
    507     464003.80000
    508     472466.40000
    509     483566.80000
    510     515812.10000
    511     595606.60000
    512     700994.80000
    513     770984.10000
    514     771914.60000
    515     723143.20000
    516     660517.70000
    517     606903.50000
    518     578356.90000
    519     585124.20000
    520     616953.20000
    521     651356.90000
    522     691743.10000
    523     783369.30000
    524     968219.40000
    525    1214519.00000
    526    1412285.00000
    527    1470693.00000
    528    1413351.00000
    529    1347369.00000
    530    1349494.00000
    531    1413115.00000
    532    1482415.00000
    533    1508283.00000
    534    1497146.00000
    535    1517589.00000
    536    1667218.00000
    537    2134114.00000
    538    3294816.00000
    539    5418628.00000
    540    8007528.00000
    541    9745686.00000
    542    9572943.00000
    543    7723190.00000
    544    5395544.00000
    545    3567388.00000
    546    2430617.00000
    547    1753466.00000
    548    1329958.00000
    549    1054368.00000
    550     854871.80000
    551     694343.10000
    552     580008.10000
    553     524942.40000
    554     503923.00000
    555     466870.70000
    556     398736.90000
    557     334673.00000
    558     301729.30000
    559     283809.90000
    560     259148.10000
    561     231452.90000
    562     211449.50000
    563     201723.20000
    564     206507.40000
    565     228299.10000
    566     250165.80000
    567     244573.20000
    568     209152.30000
    569     176977.20000
    570     176968.20000
    571     198990.50000
    572     215839.50000
    573     220546.70000
    574     218458.80000
    575     204583.70000
    576     176478.90000
    577     149958.40000
    578     138336.70000
    579     131920.70000
    580     113252.60000
    581      79518.30000
    582      43271.47000
    583      21329.70000
    584      22965.02000
    585      41114.33000
    586      58484.20000
    587      66005.98000
    588      67145.27000
    589      63126.02000
    590      49403.86000
    591      30498.28000
    592      18343.55000
    593       9478.17200
    594     -11778.28000
    595     -38397.41000
    596     -37400.52000
    597       4211.75800
    598      55015.33000
    599      74012.02000
    600      52528.14000
    601      16263.34000
    602       -626.53120
    603      14918.46000
    604      41905.02000
    605      48001.82000
    606      26721.98000
    607       -212.94530
    608     -13141.87000
    609     -10131.00000
    610        185.50000
    611       4884.65600
    612      -3409.27300
    613     -11361.83000
    614       2024.46900
    615      29283.61000
    616      38020.04000
    617      17479.16000
    618      -8262.78100
    619     -16457.37000
    620      -4181.31200
    621      23800.38000
    622      52644.55000
    623      54611.82000
    624      20484.06000
    625     -20980.09000
    626     -37158.13000
    627     -23251.63000
    628      10359.45000
    629      50044.15000
    630      71991.02000
    631      57083.88000
    632      17295.34000
    633     -15541.16000
    634     -21824.23000
    635      -2007.14800
    636      30324.74000
    637      50766.52000
    638      37477.45000
    639      -6021.82000
    640     -49830.12000
    641     -63493.92000
    642     -41784.08000
    643      -8595.40600
    644       5902.06200
    645      -2991.33600
    646     -11733.00000
    647      -2815.80500
    648      12276.70000
    649      16471.57000
    650      15646.45000
    651      21973.37000
    652      25423.67000
    653      10573.34000
    654     -12663.87000
    655     -25374.78000
    656     -29128.90000
    657     -29365.35000
    658     -15262.18000
    659      12106.75000
    660      22199.05000
    661      -1819.78900
    662     -30468.07000
    663     -25545.20000
    664      10627.66000
    665      39641.28000
    666      29563.02000
    667     -10481.19000
    668     -37794.02000
    669     -26689.40000
    670      -1569.15600
    671       -461.21880
    672     -21955.52000
    673     -35199.73000
    674     -26077.27000
    675      -5237.82000
    676      15014.79000
    677      26833.41000
    678      23292.96000
    679       9520.98400
    680       3225.91400
    681       7510.29700
    682       1556.85200
    683     -26060.66000
    684     -56580.48000
    685     -68524.16000
    686     -63194.84000
    687     -51712.68000
    688     -38956.09000
    689     -26493.16000
    690     -14941.45000
    691      -4999.16400
    692      -3046.97700
    693     -12462.18000
    694     -19444.17000
    695      -7804.17200
    696      16526.95000
    697      33514.58000
    698      32251.30000
    699      16219.03000
    700      -1151.49200
    701      -5642.35900
    702       1226.25800
    703       5706.29700
    704       8855.66400
    705      26095.24000
    706      53771.97000
    707      65925.03000
    708      50930.75000
    709      25973.40000
    710      10983.15000
    711       7669.11700
    712       6543.50000
    713        443.62500
    714     -12302.52000
    715     -28894.23000
    716     -40613.12000
    717     -37161.32000
    718     -19540.70000
    719      -1801.12500
    720       6601.28900
    721       9902.89100
    722      12175.02000
    723      11014.16000
    724      10929.35000
    725      22243.45000
    726      38656.12000
    727      37589.62000
    728      12125.62000
    729     -17674.95000
    730     -34890.76000
    731     -46864.80000
    732     -63921.27000
    733     -76044.43000
    734     -66497.89000
    735     -36012.14000
    736      -1182.92200
    737      22404.07000
    738      30074.34000
    739      28647.55000
    740      27657.02000
    741      29419.05000
    742      33840.50000
    743      43174.10000
    744      46710.59000
    745      21029.93000
    746     -30509.53000
    747     -65667.12000
    748     -57164.80000
    749     -27884.91000
    750     -10100.34000
    751      -4749.66400
    752       -391.10160
    753        901.28120
    754      -6310.82800
    755     -16635.80000
    756     -21775.29000
    757     -24760.07000
    758     -39030.33000
    759     -66493.19000
    760     -81737.88000
    761     -59096.26000
    762     -13769.07000
    763      12669.84000
    764       8143.03100
    765        137.42190
    766       8521.07800
    767      19485.43000
    768      13116.96000
    769      -9860.19500
    770     -40583.63000
    771     -77522.27000
    772    -110093.40000
    773    -108640.50000
    774     -61846.23000
    775      -8502.32000
    776       3194.80500
    777     -24865.55000
    778     -54178.69000
    779     -64355.00000
    780     -61133.84000
    781     -50350.62000
    782     -36252.73000
    783     -28672.27000
    784     -27604.98000
    785     -17912.97000
    786       4359.78100
    787      20015.97000
    788      14866.75000
    789        616.56250
    790      -7123.06200
    791     -14922.84000
    792     -38057.22000
    793     -69824.22000
    794     -81557.97000
    795     -54976.02000
    796      -6206.20300
    797      27483.81000
    798      25245.91000
    799       1533.70300
    800     -16652.19000
    801     -21721.28000
    802     -23434.42000
    803     -25656.33000
    804     -22913.98000
    805     -13906.28000
    806      -3604.15600
    807       3466.56200
    808       2811.25000
    809      -9449.17200
    810     -26714.66000
    811     -29947.64000
    812      -5082.87500
    813      39367.20000
    814      77360.92000
    815      86285.22000
    816      61880.89000
    817      20457.84000
    818      -9006.03100
    819      -7676.87500
    820       9001.98400
    821       4862.18800
    822     -29967.72000
    823     -65122.77000
    824     -73244.86000
    825     -62251.94000
    826     -50881.59000
    827     -37896.38000
    828     -14008.14000
    829      13862.41000
    830      28274.05000
    831      22346.98000
    832       4248.81200
    833     -14190.44000
    834     -25621.77000
    835     -25466.31000
    836     -10199.17000
    837      16156.42000
    838      37193.58000
    839      38180.70000
    840      27173.39000
    841      28530.27000
    842      51348.48000
    843      80366.23000
    844     101590.40000
    845     116874.80000
    846     129209.50000
    847     133819.40000
    848     127061.30000
    849     109019.40000
    850      81990.91000
    851      56510.08000
    852      44221.97000
    853      39057.55000
    854      28012.45000
    855      19621.47000
    856      29838.88000
    857      45096.81000
    858      37554.50000
    859      10460.00000
    860      -9879.48400
    861     -19105.78000
    862     -34222.83000
    863     -54551.66000
    864     -57478.02000
    865     -33205.88000
    866       1053.96900
    867      24510.95000
    868      32686.00000
    869      30711.56000
    870      24038.23000
    871      24043.72000
    872      43814.19000
    873      72809.27000
    874      74635.33000
    875      31434.86000
    876     -26957.17000
    877     -59446.23000
    878     -60060.33000
    879     -48476.45000
    880     -36445.50000
    881     -25144.09000
    882     -17362.66000
    883     -12472.03000
    884      -1156.04700
    885      19909.45000
    886      35120.50000
    887      25173.61000
    888      -7192.92200
    889     -40806.62000
    890     -64482.83000
    891     -80716.67000
    892     -81274.45000
    893     -53401.16000
    894     -15514.38000
    895      -4821.51600
    896     -20214.17000
    897     -22181.17000
    898       1709.03100
    899      18056.03000
    900       6872.53100
    901      -4264.50000
    902      13091.84000
    903      39236.33000
    904      34158.44000
    905        718.60940
    906     -15083.41000
    907       9427.42200
    908      41228.23000
    909      40424.53000
    910      10590.16000
    911     -19042.80000
    912     -33799.64000
    913     -33984.95000
    914     -17145.97000
    915      14880.55000
    916      41480.41000
    917      39568.22000
    918      14405.95000
    919      -5004.85900
    920      -4526.67200
    921       1561.28100
    922         68.50000
    923      -3028.75000
    924      -2489.90600
    925      -7735.03100
    926     -25978.59000
    927     -49253.48000
    928     -66410.06000
    929     -77452.03000
    930     -89887.34000
    931    -103126.40000
    932    -101622.60000
    933     -72453.69000
    934     -28580.94000
    935        850.93750
    936       4255.89100
    937      -5084.06200
    938     -13249.50000
    939     -16170.50000
    940      -9497.76600
    941       6434.35900
    942      12868.22000
    943      -8286.17200
    944     -38540.23000
    945     -35648.56000
    946       8329.37500
    947      49913.28000
    948      49158.06000
    949      15950.64000
    950     -15211.88000
    951     -30408.33000
    952     -34503.94000
    953     -27564.64000
    954     -10707.66000
    955       -567.87500
    956     -10874.25000
    957     -28872.50000
    958     -32726.03000
    959     -22821.81000
    960     -14300.30000
    961     -11139.23000
    962     -10721.31000
    963     -20287.67000
    964     -44264.67000
    965     -68246.98000
    966     -77166.64000
    967     -75883.27000
    968     -75514.12000
    969     -74208.88000
    970     -64720.67000
    971     -48977.00000
    972     -36516.59000
    973     -33314.16000
    974     -32680.17000
    975     -20146.33000
    976       4931.65600
    977      21234.81000
    978      12882.62000
    979      -6854.09400
    980     -14365.73000
    981      -5165.43800
    982       6182.54700
    983       3180.06200
    984     -18681.83000
    985     -44211.12000
    986     -50469.94000
    987     -34042.39000
    988     -15082.19000
    989     -12055.83000
    990     -24613.16000
    991     -35330.34000
    992     -21836.67000
    993      13178.31000
    994      26427.88000
    995     -15271.91000
    996     -75874.53000
    997     -89963.61000
    998     -52413.83000
    999     -15897.00000
   1000     -10994.97000
   1001     -21742.98000
   1002     -31432.77000
   1003     -43920.80000
   1004     -60433.70000
   1005     -70646.05000
   1006     -70133.75000
   1007     -66146.94000
   1008     -64104.80000
   1009     -60819.88000
   1010     -50361.31000
   1011     -28972.58000
   1012        541.29690
   1013      24086.55000
   1014      26691.36000
   1015      11571.73000
   1016      -6477.21900
   1017     -24042.17000
   1018     -43287.67000
   1019     -52469.55000
   1020     -41662.16000
   1021     -25490.00000
   1022     -22343.72000
   1023     -29097.28000
   1024     -37836.27000
   1025     -51114.28000
   1026     -62921.39000
   1027     -55098.94000
   1028     -26594.03000
   1029       1737.95300
   1030      18541.02000
   1031      31843.08000
   1032      44017.39000
   1033      42558.45000
   1034      21271.27000
   1035      -9594.46900
   1036     -38246.27000
   1037     -57751.33000
   1038     -58302.03000
   1039     -38446.33000
   1040     -22278.36000
   1041     -34285.59000
   1042     -59513.62000
   1043     -63090.05000
   1044     -42724.89000
   1045     -25924.59000
   1046     -24753.41000
   1047     -27402.27000
   1048     -24862.08000
   1049     -20295.58000
   1050     -20542.67000
   1051     -28784.81000
   1052     -36687.77000
   1053     -29235.92000
   1054     -10097.36000
   1055      -6392.21900
   1056     -31628.38000
   1057     -62795.59000
   1058     -71004.72000
   1059     -56402.30000
   1060     -35908.05000
   1061     -14246.61000
   1062      10560.83000
   1063      24752.28000
   1064      10084.41000
   1065     -23351.66000
   1066     -44261.06000
   1067     -43783.20000
   1068     -42084.94000
   1069     -47004.56000
   1070     -41164.33000
   1071     -20028.42000
   1072      -7681.62500
   1073     -19667.48000
   1074     -36768.08000
   1075     -30249.88000
   1076       4161.15600
   1077      45010.98000
   1078      64426.94000
   1079      46991.28000
   1080       4023.40600
   1081     -29177.14000
   1082     -25406.58000
   1083       2971.46900
   1084      18998.20000
   1085       7828.04700
   1086      -9855.71900
   1087     -12911.34000
   1088      -6583.79700
   1089      -7588.95300
   1090     -20265.73000
   1091     -36429.16000
   1092     -46265.64000
   1093     -41060.70000
   1094     -14434.08000
   1095      28190.36000
   1096      64098.23000
   1097      69462.38000
   1098      43308.09000
   1099       6484.76600
   1100     -20691.36000
   1101     -26711.03000
   1102      -5204.73400
   1103      33291.81000
   1104      56084.42000
   1105      41569.70000
   1106       7185.84400
   1107     -17736.02000
   1108     -27774.78000
   1109     -30620.72000
   1110     -27503.83000
   1111     -25373.55000
   1112     -41638.53000
   1113     -76225.19000
   1114     -99852.80000
   1115     -86125.14000
   1116     -43355.64000
   1117      -5257.46900
   1118       4713.40600
   1119      -6590.20300
   1120     -19413.95000
   1121     -29919.02000
   1122     -44846.78000
   1123     -53339.17000
   1124     -34139.12000
   1125       4789.01600
   1126      25923.00000
   1127      13007.97000
   1128      -6071.65600
   1129      -1878.09400
   1130      14127.91000
   1131       9861.65600
   1132     -17385.05000
   1133     -34333.88000
   1134     -16757.42000
   1135      18766.97000
   1136      38481.02000
   1137      30870.94000
   1138       8841.28100
   1139     -13688.83000
   1140     -31345.31000
   1141     -42476.75000
   1142     -46780.27000
   1143     -44235.19000
   1144     -34822.66000
   1145     -23201.33000
   1146     -19276.11000
   1147     -29739.28000
   1148     -52829.86000
   1149     -77866.88000
   1150     -86000.44000
   1151     -65535.89000
   1152     -32427.02000
   1153     -15027.70000
   1154     -14496.80000
   1155      -8049.26600
   1156       7229.89100
   1157       7863.32800
   1158     -14687.52000
   1159     -38485.81000
   1160     -42598.02000
   1161     -29593.56000
   1162     -12827.78000
   1163        604.79690
   1164       9627.06200
   1165      12532.25000
   1166       6211.89100
   1167      -8176.06200
   1168     -20907.42000
   1169     -21151.19000
   1170     -11350.56000
   1171      -6148.73400
   1172     -11055.58000
   1173     -13046.45000
   1174      -2530.98400
   1175       7477.64100
   1176       -903.09380
   1177     -23573.09000
   1178     -41636.28000
   1179     -47273.06000
   1180     -47693.69000
   1181     -48741.31000
   1182     -47107.25000
   1183     -39254.19000
   1184     -30461.56000
   1185     -27371.33000
   1186     -22376.25000
   1187      -2035.82800
   1188      23596.31000
   1189      26561.77000
   1190       8064.46900
   1191       3676.89100
   1192      23582.22000
   1193      31305.42000
   1194       5754.37500
   1195     -20798.70000
   1196     -13315.45000
   1197      17658.19000
   1198      39346.05000
   1199      34636.86000
   1200       5368.82800
   1201     -32925.47000
   1202     -56238.38000
   1203     -54239.27000
   1204     -41794.58000
   1205     -35512.00000
   1206     -34317.58000
   1207     -31374.36000
   1208     -24559.77000
   1209     -10794.95000
   1210       8691.12500
   1211      18258.52000
   1212       3713.46900
   1213     -24292.33000
   1214     -40994.84000
   1215     -38349.14000
   1216     -29648.59000
   1217     -25174.84000
   1218     -18020.56000
   1219       1933.53100
   1220      30661.86000
   1221      53378.92000
   1222      59931.95000
   1223      51534.66000
   1224      34828.61000
   1225      11790.30000
   1226     -21697.50000
   1227     -61633.41000
   1228     -87142.61000
   1229     -81489.00000
   1230     -56049.64000
   1231     -34786.08000
   1232     -23777.06000
   1233     -15926.48000
   1234     -12866.11000
   1235     -21465.28000
