      1     -33050.55000
      2     -17243.35000
      3       7392.10500
      4      18700.18000
      5       7611.80100
      6      -9426.37100
      7     -11297.22000
      8        305.04690
      9       5163.96900
     10      -6905.02000
     11     -23147.84000
     12     -25121.13000
     13     -11662.88000
     14         -8.71094
     15      -4407.96100
     16     -19103.04000
     17     -28397.36000
     18     -26762.94000
     19     -18383.97000
     20      -5362.31200
     21       9077.51200
     22      14862.40000
     23       7517.46500
     24      -2876.02300
     25      -5109.38700
     26        908.69140
     27       8216.59400
     28       7051.73400
     29     -10363.25000
     30     -35264.43000
     31     -43758.26000
     32     -28514.60000
     33     -14580.99000
     34     -26339.57000
     35     -53641.24000
     36     -67928.16000
     37     -58344.66000
     38     -34875.28000
     39      -8869.11300
     40      10161.55000
     41       9266.23000
     42     -14015.04000
     43     -37233.57000
     44     -33957.93000
     45      -8073.60500
     46      11518.79000
     47      10452.47000
     48       4205.57800
     49       9412.84000
     50      18431.71000
     51      13726.60000
     52      -5409.96100
     53     -23921.98000
     54     -31224.05000
     55     -31245.65000
     56     -38608.12000
     57     -64566.34000
     58     -96585.83000
     59    -101731.80000
     60     -67895.06000
     61     -25509.46000
     62      -7350.77300
     63      -7655.52300
     64      -3206.93000
     65       7779.97300
     66      10229.96000
     67      -1265.25000
     68     -17367.89000
     69     -28718.22000
     70     -36723.85000
     71     -45494.01000
     72     -45281.79000
     73     -20676.74000
     74      17823.02000
     75      34454.22000
     76      15133.29000
     77      -8756.68800
     78      -2376.83200
     79      23020.67000
     80      25076.12000
     81     -10040.50000
     82     -47751.46000
     83     -53661.41000
     84     -35574.73000
     85     -16923.93000
     86       2557.30100
     87      29544.66000
     88      47845.21000
     89      39799.96000
     90      14668.73000
     91      -9742.44500
     92     -31370.55000
     93     -50812.01000
     94     -56803.79000
     95     -42347.84000
     96     -20110.62000
     97      -7810.98400
     98      -5275.52000
     99       2163.41800
    100      17114.62000
    101      19751.15000
    102      -4611.75800
    103     -38246.25000
    104     -51574.34000
    105     -44218.61000
    106     -39759.59000
    107     -41942.56000
    108     -28000.29000
    109       7572.88700
    110      33451.15000
    111      20733.60000
    112     -20221.50000
    113     -55884.20000
    114     -65554.38000
    115     -52653.73000
    116     -35008.88000
    117     -29313.83000
    118     -34373.77000
    119     -30700.18000
    120      -7532.72700
    121      15862.80000
    122      10568.04000
    123     -23363.32000
    124     -54510.25000
    125     -57982.68000
    126     -40621.38000
    127     -22342.08000
    128      -9453.05100
    129       -540.55270
    130      -3469.45900
    131     -25668.87000
    132     -53989.64000
    133     -62646.56000
    134     -42409.28000
    135     -13280.91000
    136      -4203.50000
    137     -19886.08000
    138     -34754.04000
    139     -27501.85000
    140     -11152.41000
    141     -13191.79000
    142     -36243.55000
    143     -56551.73000
    144     -53139.59000
    145     -25249.00000
    146      10476.53000
    147      31626.53000
    148      26882.01000
    149       4656.05700
    150     -18867.02000
    151     -34956.48000
    152     -40239.00000
    153     -30294.34000
    154      -8009.26200
    155       7956.53100
    156       -751.00200
    157     -26173.28000
    158     -40250.74000
    159     -30678.65000
    160     -11915.43000
    161       2196.61700
    162      11909.49000
    163      15114.27000
    164       6679.77000
    165      -4733.70100
    166      -6829.51800
    167      -4511.04900
    168      -4812.11100
    169       3275.90000
    170      26150.24000
    171      41898.02000
    172      26547.69000
    173     -10796.92000
    174     -38612.77000
    175     -37282.22000
    176     -13411.86000
    177       8594.23000
    178       7246.88500
    179     -13674.21000
    180     -28560.24000
    181     -25284.04000
    182     -21899.93000
    183     -33623.20000
    184     -44525.56000
    185     -33938.03000
    186     -10051.60000
    187       5248.63900
    188       4102.19700
    189     -11402.72000
    190     -37238.24000
    191     -60292.24000
    192     -67130.03000
    193     -61822.25000
    194     -52386.53000
    195     -30781.50000
    196       7426.07600
    197      40701.95000
    198      47578.73000
    199      38732.63000
    200      36547.04000
    201      36957.65000
    202      17741.16000
    203     -21558.91000
    204     -52527.08000
    205     -53742.56000
    206     -34920.22000
    207     -18370.75000
    208     -13480.99000
    209     -17368.05000
    210     -23455.84000
    211     -21550.10000
    212      -6032.09000
    213      10008.16000
    214       4379.64100
    215     -26994.52000
    216     -63990.55000
    217     -82977.27000
    218     -75732.79000
    219     -51653.96000
    220     -28477.67000
    221     -19517.18000
    222     -27109.06000
    223     -44323.50000
    224     -57522.14000
    225     -53407.77000
    226     -35010.09000
    227     -23312.94000
    228     -29514.52000
    229     -38280.07000
    230     -33823.65000
    231     -24473.84000
    232     -24004.98000
    233     -28908.47000
    234     -29531.09000
    235     -22915.22000
    236      -8296.12900
    237       7163.40000
    238       3039.04100
    239     -26551.95000
    240     -53858.10000
    241     -54837.34000
    242     -44565.61000
    243     -47691.62000
    244     -58584.59000
    245     -57675.35000
    246     -45394.18000
    247     -37429.59000
    248     -39064.21000
    249     -38942.95000
    250     -27060.63000
    251     -13500.75000
    252     -20039.31000
    253     -48785.00000
    254     -74082.41000
    255     -73871.09000
    256     -52394.79000
    257     -26058.96000
    258      -5922.89600
    259       2108.25600
    260      -2303.55800
    261     -12652.70000
    262     -24752.39000
    263     -38352.36000
    264     -43390.67000
    265     -24732.04000
    266       8752.43300
    267      21116.74000
    268      -9877.99300
    269     -62396.26000
    270     -92700.02000
    271     -80059.67000
    272     -42662.55000
    273     -13127.74000
    274      -5573.08100
    275     -10825.71000
    276     -17654.65000
    277     -24296.62000
    278     -28624.68000
    279     -25890.95000
    280     -20600.23000
    281     -22057.17000
    282     -26493.73000
    283     -23693.58000
    284     -18826.70000
    285     -24768.56000
    286     -38801.69000
    287     -49644.37000
    288     -57075.02000
    289     -62527.04000
    290     -54533.26000
    291     -26109.48000
    292       6476.98500
    293      20685.61000
    294      13746.55000
    295       -419.11330
    296     -12671.41000
    297     -27326.91000
    298     -48332.26000
    299     -63159.10000
    300     -53692.71000
    301     -24914.56000
    302      -3972.78000
    303      -4385.53100
    304     -12498.85000
    305     -14832.63000
    306     -14660.94000
    307     -15402.04000
    308      -9975.22800
    309       4639.80300
    310      15423.46000
    311       3807.67400
    312     -31724.60000
    313     -67013.66000
    314     -75528.91000
    315     -59190.05000
    316     -42587.93000
    317     -40703.01000
    318     -49254.25000
    319     -57501.20000
    320     -53171.53000
    321     -29101.56000
    322        488.28470
    323      10028.25000
    324      -2259.50100
    325     -12914.63000
    326      -8762.38000
    327       2158.86900
    328      11559.21000
    329      15783.87000
    330       6656.36400
    331     -17486.33000
    332     -38822.11000
    333     -37680.11000
    334     -16412.83000
    335       6613.23200
    336      17244.67000
    337      12260.23000
    338      -2006.21000
    339     -12378.28000
    340     -12458.56000
    341     -14563.53000
    342     -31739.22000
    343     -50564.46000
    344     -44614.01000
    345     -14085.75000
    346      11787.65000
    347      11490.49000
    348      -9783.44700
    349     -32585.04000
    350     -38014.20000
    351     -19374.58000
    352       8380.01400
    353      21831.29000
    354      15587.29000
    355       3041.60200
    356      -4049.49500
    357      -1861.64900
    358       9449.31600
    359      21331.03000
    360      19159.81000
    361      -1502.47000
    362     -28259.66000
    363     -42533.72000
    364     -34160.28000
    365     -13050.38000
    366      -4032.07100
    367     -15741.54000
    368     -24548.73000
    369      -9925.23100
    370       9507.86400
    371       1951.20400
    372     -29147.42000
    373     -51191.86000
    374     -50024.52000
    375     -46053.93000
    376     -59085.39000
    377     -75677.41000
    378     -67713.47000
    379     -36201.68000
    380     -13584.50000
    381     -19180.16000
    382     -36076.84000
    383     -38923.25000
    384     -22537.91000
    385       3153.90100
    386      25477.02000
    387      31186.18000
    388      13766.46000
    389     -16520.08000
    390     -39809.95000
    391     -45933.67000
    392     -40907.14000
    393     -34451.30000
    394     -26922.68000
    395     -13632.77000
    396       1209.03600
    397       6323.25700
    398        933.87820
    399      -1205.00000
    400      10803.75000
    401      32480.47000
    402      49091.84000
    403      47651.43000
    404      29440.65000
    405      11703.40000
    406       5255.02300
    407      -3864.16300
    408     -28805.48000
    409     -49933.70000
    410     -41680.73000
    411     -18951.20000
    412     -14689.33000
    413     -21731.30000
    414      -4809.80100
    415      34787.38000
    416      54386.48000
    417      32400.54000
    418      -4683.74700
    419     -23493.71000
    420     -20829.00000
    421     -12943.81000
    422     -10388.28000
    423     -12405.54000
    424     -14976.26000
    425     -17720.91000
    426     -23458.95000
    427     -30657.26000
    428     -29308.10000
    429     -11131.23000
    430      15096.70000
    431      26664.70000
    432      11721.48000
    433     -13606.49000
    434     -22659.43000
    435     -11242.40000
    436        -45.80811
    437      -4026.37400
    438     -16047.78000
    439     -23911.84000
    440     -25295.13000
    441     -22059.75000
    442     -16100.26000
    443     -12266.35000
    444     -11604.13000
    445      -5899.85400
    446       8548.89300
    447      20618.68000
    448      18440.33000
    449       3728.35600
    450     -14613.49000
    451     -29363.02000
    452     -33729.93000
    453     -22605.90000
    454        613.66700
    455      22206.29000
    456      27210.41000
    457      16238.16000
    458      10531.78000
    459      25292.12000
    460      43068.62000
    461      39886.16000
    462      29209.78000
    463      41801.06000
    464      69340.24000
    465      72979.59000
    466      42575.30000
    467       5301.23700
    468     -17659.61000
    469     -26075.17000
    470     -22728.02000
    471     -10424.90000
    472       4699.35600
    473      23411.54000
    474      49094.88000
    475      66822.32000
    476      54012.60000
    477      16756.34000
    478     -12848.43000
    479     -17370.34000
    480      -6798.16000
    481       5220.65300
    482      13172.28000
    483      16070.05000
    484      22794.99000
    485      46369.39000
    486      76919.58000
    487      83962.17000
    488      61278.67000
    489      39282.26000
    490      38256.05000
    491      43467.95000
    492      40227.42000
    493      38389.54000
    494      47714.36000
    495      59073.70000
    496      61229.38000
    497      55052.79000
    498      46412.03000
    499      40184.16000
    500      40938.03000
    501      50524.28000
    502      66293.96000
    503      81335.62000
    504      83130.62000
    505      62030.46000
    506      31630.43000
    507      26167.11000
    508      60388.27000
    509     104144.20000
    510     116418.90000
    511      95958.88000
    512      77493.11000
    513      82997.13000
    514      98012.98000
    515      98948.32000
    516      86176.22000
    517      80236.75000
    518      94671.72000
    519     122372.70000
    520     145121.90000
    521     149498.20000
    522     137998.40000
    523     129871.70000
    524     144319.90000
    525     177852.60000
    526     207710.50000
    527     219501.80000
    528     217168.90000
    529     207483.10000
    530     195095.40000
    531     192796.00000
    532     214006.20000
    533     251156.90000
    534     276495.10000
    535     268931.90000
    536     237868.10000
    537     220826.10000
    538     252247.00000
    539     328302.30000
    540     409459.40000
    541     463143.30000
    542     495595.30000
    543     539325.80000
    544     619621.50000
    545     740396.70000
    546     895289.50000
    547    1077796.00000
    548    1273876.00000
    549    1456801.00000
    550    1602543.00000
    551    1701468.00000
    552    1748743.00000
    553    1737718.00000
    554    1666684.00000
    555    1537498.00000
    556    1356122.00000
    557    1152755.00000
    558     981947.90000
    559     876184.50000
    560     814164.00000
    561     752463.10000
    562     672899.60000
    563     591017.40000
    564     534499.40000
    565     516812.20000
    566     521937.40000
    567     517144.60000
    568     484885.80000
    569     436012.30000
    570     392385.80000
    571     367339.10000
    572     366820.80000
    573     396659.80000
    574     449385.90000
    575     488007.60000
    576     475104.10000
    577     426324.20000
    578     397586.60000
    579     408491.00000
    580     422119.70000
    581     412907.30000
    582     405455.70000
    583     427871.40000
    584     466977.90000
    585     489745.70000
    586     486923.80000
    587     480917.50000
    588     495822.10000
    589     526873.80000
    590     549987.50000
    591     561829.00000
    592     588409.50000
    593     644955.70000
    594     711911.60000
    595     767597.60000
    596     823784.20000
    597     908710.60000
    598    1029055.00000
    599    1172194.00000
    600    1341276.00000
    601    1562298.00000
    602    1854323.00000
    603    2217228.00000
    604    2649148.00000
    605    3135393.00000
    606    3602374.00000
    607    3924066.00000
    608    4010630.00000
    609    3877316.00000
    610    3609510.00000
    611    3280980.00000
    612    2923468.00000
    613    2553641.00000
    614    2196412.00000
    615    1874675.00000
    616    1593091.00000
    617    1348225.00000
    618    1147011.00000
    619     995620.10000
    620     876195.60000
    621     763746.20000
    622     662608.80000
    623     592906.90000
    624     546671.90000
    625     496546.60000
    626     442200.60000
    627     405351.70000
    628     383433.90000
    629     349490.90000
    630     297427.10000
    631     253139.90000
    632     236917.10000
    633     239240.10000
    634     240953.40000
    635     240331.80000
    636     244216.80000
    637     241320.50000
    638     211145.60000
    639     163447.40000
    640     138490.20000
    641     154654.70000
    642     182090.10000
    643     182865.80000
    644     155216.80000
    645     123868.50000
    646     104263.70000
    647      93340.73000
    648      87684.72000
    649      91215.61000
    650      99784.39000
    651      96237.13000
    652      74891.84000
    653      55586.66000
    654      56164.69000
    655      66464.91000
    656      68078.42000
    657      63715.23000
    658      67456.36000
    659      79966.45000
    660      91073.02000
    661      94639.26000
    662      87074.93000
    663      65162.63000
    664      38211.03000
    665      26857.87000
    666      37633.08000
    667      55298.61000
    668      68161.95000
    669      77761.15000
    670      77200.35000
    671      50769.79000
    672       5506.45700
    673     -26003.71000
    674     -23900.80000
    675        924.08200
    676      29467.86000
    677      54256.84000
    678      75796.07000
    679      93721.71000
    680     102204.40000
    681      93204.61000
    682      69408.91000
    683      46065.64000
    684      31202.25000
    685      17891.83000
    686       3968.11300
    687      -2372.54700
    688      -3820.60200
    689     -12642.68000
    690     -22185.34000
    691     -12447.34000
    692      11135.98000
    693      19328.47000
    694       3805.70700
    695     -11589.71000
    696      -6819.55500
    697      12068.12000
    698      26715.17000
    699      26748.74000
    700      17458.94000
    701      10973.46000
    702       8804.08200
    703       3877.12900
    704       2457.93000
    705      20058.00000
    706      47544.61000
    707      50442.96000
    708      14840.45000
    709     -31252.49000
    710     -54034.66000
    711     -49800.66000
    712     -35010.63000
    713     -21252.34000
    714     -13527.13000
    715     -17381.86000
    716     -31920.83000
    717     -46171.11000
    718     -53370.77000
    719     -56560.32000
    720     -54550.76000
    721     -41406.45000
    722     -23030.28000
    723     -11791.38000
    724      -5384.36300
    725       6980.02000
    726      23360.68000
    727      33774.41000
    728      37305.09000
    729      40662.25000
    730      46417.75000
    731      47050.89000
    732      30110.46000
    733      -3033.65600
    734     -29642.43000
    735     -33969.71000
    736     -29865.93000
    737     -33673.50000
    738     -35977.27000
    739     -23736.04000
    740      -6696.16000
    741      -1614.14500
    742     -10212.48000
    743     -22031.23000
    744     -24764.55000
    745     -16003.78000
    746     -12139.42000
    747     -27353.54000
    748     -42558.71000
    749     -27232.70000
    750       8054.54700
    751      21161.59000
    752       2326.72700
    753     -13748.37000
    754      -6214.98000
    755       2061.35500
    756     -12758.59000
    757     -34653.77000
    758     -31236.95000
    759       -990.99220
    760      24547.97000
    761      21883.56000
    762       1886.16800
    763      -8786.37900
    764        443.49610
    765      19655.84000
    766      35600.82000
    767      39826.48000
    768      27440.07000
    769       3410.95300
    770     -16339.76000
    771     -24195.75000
    772     -30597.46000
    773     -40705.54000
    774     -39179.30000
    775     -15863.67000
    776      12289.80000
    777      20986.55000
    778       2682.58200
    779     -34559.16000
    780     -69340.59000
    781     -71966.41000
    782     -36319.04000
    783       2418.21900
    784      11506.64000
    785       4931.88300
    786      13745.10000
    787      35125.53000
    788      42858.61000
    789      28039.93000
    790       2833.71900
    791     -18701.95000
    792     -25951.67000
    793     -13897.39000
    794       8726.35200
    795      23979.97000
    796      20731.32000
    797        515.00390
    798     -26659.88000
    799     -46801.13000
    800     -50514.28000
    801     -41133.50000
    802     -27972.56000
    803     -14475.45000
    804      -1888.77000
    805       2847.38700
    806      -5284.71500
    807     -20869.48000
    808     -36411.79000
    809     -49949.78000
    810     -57888.48000
    811     -53494.04000
    812     -38945.32000
    813     -26213.54000
    814     -22133.80000
    815     -24126.30000
    816     -29293.78000
    817     -35533.57000
    818     -37405.75000
    819     -31399.19000
    820     -19903.96000
    821      -5270.88700
    822       9185.16400
    823      12583.77000
    824      -1534.57800
    825     -17972.90000
    826     -15752.34000
    827        927.41800
    828       9967.23000
    829       5992.23800
    830       4265.47300
    831      12131.88000
    832      18715.55000
    833      13852.78000
    834        322.25390
    835     -14114.76000
    836     -25648.10000
    837     -35403.97000
    838     -48381.96000
    839     -67109.43000
    840     -80137.46000
    841     -66056.66000
    842     -20558.80000
    843      29267.00000
    844      51710.31000
    845      43683.32000
    846      24333.67000
    847       6560.50400
    848      -8731.28900
    849     -19525.20000
    850     -21105.59000
    851     -14234.32000
    852      -3907.52700
    853       8768.19900
    854      25399.82000
    855      38480.06000
    856      29246.58000
    857      -8760.58600
    858     -48841.58000
    859     -57438.55000
    860     -39753.54000
    861     -28616.06000
    862     -29782.22000
    863     -18388.39000
    864       9015.17200
    865      24085.99000
    866      14998.88000
    867       3762.55900
    868       7104.60900
    869      15186.38000
    870      15520.14000
    871       8994.94900
    872      -1693.10900
    873     -14784.85000
    874     -18472.60000
    875       1590.60200
    876      39633.34000
    877      68473.62000
    878      65141.87000
    879      32454.57000
    880      -4899.89100
    881     -24201.77000
    882     -25975.02000
    883     -30117.09000
    884     -49986.40000
    885     -75707.03000
    886     -85845.89000
    887     -69731.59000
    888     -35918.33000
    889      -4074.17200
    890      10121.83000
    891       7607.39800
    892       4785.58600
    893      14092.20000
    894      27127.89000
    895      28248.57000
    896      23442.20000
    897      33114.95000
    898      50466.55000
    899      38617.07000
    900     -13270.81000
    901     -63125.45000
    902     -68698.15000
    903     -37905.22000
    904      -4183.64100
    905      19052.55000
    906      34498.12000
    907      35742.95000
    908      14001.03000
    909     -19074.45000
    910     -36568.09000
    911     -26416.92000
    912      -4610.76600
    913       5652.25000
    914      -1084.11700
    915     -12882.01000
    916     -15617.40000
    917      -2596.87500
    918      21292.63000
    919      42338.87000
    920      51679.03000
    921      51136.80000
    922      39963.02000
    923      11820.54000
    924     -25547.18000
    925     -49054.98000
    926     -50415.69000
    927     -45459.59000
    928     -43355.62000
    929     -31944.05000
    930      -6160.53100
    931      13369.16000
    932       7152.86700
    933     -15158.99000
    934     -30096.58000
    935     -30827.42000
    936     -26392.98000
    937     -20627.90000
    938     -10112.55000
    939       2080.93800
    940       8489.85900
    941      11295.02000
    942      18300.52000
    943      26218.19000
    944      24579.01000
    945      15727.96000
    946      13090.23000
    947      17802.20000
    948      15952.77000
    949       4812.40600
    950       2691.97700
    951      20368.42000
    952      36806.61000
    953      21866.55000
    954     -20261.96000
    955     -48337.93000
    956     -31079.39000
    957      15411.91000
    958      47919.12000
    959      44596.74000
    960      19211.27000
    961      -5902.89100
    962     -21367.21000
    963     -25769.27000
    964     -19363.01000
    965     -10011.30000
    966     -11772.45000
    967     -28239.54000
    968     -44657.65000
    969     -44760.84000
    970     -31853.09000
    971     -24169.79000
    972     -29300.01000
    973     -34626.27000
    974     -28007.80000
    975     -14924.41000
    976      -5685.25800
    977        226.23440
    978       5300.07800
    979       4143.70300
    980      -5160.69500
    981     -12875.49000
    982     -10418.32000
    983       -711.93750
    984       7194.78100
    985       4902.27300
    986      -9838.00800
    987     -25694.59000
    988     -24578.89000
    989      -3381.32800
    990      20670.84000
    991      29887.48000
    992      20549.77000
    993      -3835.23400
    994     -39834.20000
    995     -76637.43000
    996     -90503.58000
    997     -64367.17000
    998     -16728.96000
    999       8779.18000
   1000      -5477.32800
   1001     -29358.55000
   1002     -27543.34000
   1003      -3291.25800
   1004      14381.44000
   1005       8589.58600
   1006     -13605.02000
   1007     -35985.84000
   1008     -49822.09000
   1009     -56058.03000
   1010     -54265.91000
   1011     -40313.08000
   1012     -20214.65000
   1013      -9990.14800
   1014     -13125.66000
   1015     -15926.25000
   1016     -10982.71000
   1017      -4348.58600
   1018       2714.59400
   1019      15897.78000
   1020      29986.29000
   1021      30238.24000
   1022      13005.06000
   1023     -11376.12000
   1024     -33623.52000
   1025     -47754.90000
   1026     -43204.52000
   1027     -15438.12000
   1028      15289.09000
   1029      17635.94000
   1030     -12004.37000
   1031     -42864.05000
   1032     -49331.91000
   1033     -38805.13000
   1034     -31310.33000
   1035     -29276.91000
   1036     -20982.77000
   1037      -3113.95300
   1038      13042.94000
   1039      14944.12000
   1040       2890.10200
   1041      -8585.42200
   1042      -5155.15600
   1043       9094.60200
   1044      15753.76000
   1045       9300.00000
   1046       5927.79700
   1047      15135.03000
   1048      21793.02000
   1049      12583.11000
   1050       -765.92190
   1051      -2889.71100
   1052       1954.92200
   1053       4866.46100
   1054       7204.52300
   1055       4884.18800
   1056     -17531.18000
   1057     -59367.40000
   1058     -89752.77000
   1059     -79546.45000
   1060     -38046.08000
   1061      -3492.43000
   1062        750.05470
   1063     -10835.28000
   1064     -10201.81000
   1065       8217.16400
   1066      26304.98000
   1067      28813.12000
   1068      16034.88000
   1069      -5340.53900
   1070     -27225.56000
   1071     -37900.12000
   1072     -31496.05000
   1073     -20343.73000
   1074     -22575.04000
   1075     -37745.61000
   1076     -49745.40000
   1077     -49859.18000
   1078     -38163.33000
   1079     -10774.21000
   1080      27507.79000
   1081      47604.80000
   1082      26572.11000
   1083     -13693.93000
   1084     -32469.30000
   1085     -26018.45000
   1086     -21729.09000
   1087     -26792.13000
   1088     -22134.88000
   1089      -3271.53100
   1090       9272.43800
   1091       1496.49200
   1092     -19116.60000
   1093     -38781.70000
   1094     -45071.31000
   1095     -25703.01000
   1096      14509.18000
   1097      41318.34000
   1098      24612.53000
   1099     -16768.87000
   1100     -32708.77000
   1101      -7121.17200
   1102      22140.62000
   1103      16947.64000
   1104     -12782.89000
   1105     -30569.62000
   1106     -24306.08000
   1107     -12237.56000
   1108      -7655.43800
   1109      -7093.30500
   1110     -13175.85000
   1111     -35710.90000
   1112     -62943.64000
   1113     -66976.03000
   1114     -48648.66000
   1115     -39684.23000
   1116     -49100.72000
   1117     -48701.27000
   1118     -25099.85000
   1119      -3116.11700
   1120       -288.17970
   1121        931.23440
   1122      14411.88000
   1123      18297.62000
   1124     -11648.33000
   1125     -57651.18000
   1126     -75448.70000
   1127     -48085.84000
   1128      -4904.00800
   1129      15376.47000
   1130       6376.32800
   1131      -8975.17200
   1132     -12823.85000
   1133      -8222.27300
   1134      -3219.45300
   1135       1902.28100
   1136       4793.02300
   1137      -4594.97700
   1138     -27496.58000
   1139     -47220.00000
   1140     -48531.48000
   1141     -35359.29000
   1142     -20867.61000
   1143     -11935.95000
   1144      -8306.59400
   1145      -5001.53900
   1146       3088.71100
   1147       8128.17200
   1148      -7955.75800
   1149     -43402.62000
   1150     -66310.82000
   1151     -51626.13000
   1152     -12281.98000
   1153      19472.47000
   1154      25527.70000
   1155       7834.19500
   1156     -22378.06000
   1157     -50934.11000
   1158     -64397.96000
   1159     -57572.66000
   1160     -40874.50000
   1161     -33964.50000
   1162     -41726.05000
   1163     -43296.59000
   1164     -20836.25000
   1165      11443.48000
   1166      27360.68000
   1167      23897.33000
   1168      13865.96000
   1169        138.14840
   1170     -19094.91000
   1171     -33268.65000
   1172     -27583.22000
   1173      -2279.18000
   1174      24202.34000
   1175      29311.78000
   1176       7858.50800
   1177     -18144.13000
   1178     -21147.52000
   1179       -488.62500
   1180      18756.24000
   1181      17708.70000
   1182       1214.15600
   1183     -14737.66000
   1184     -19641.77000
   1185     -11225.77000
   1186       6939.89800
   1187      23017.31000
   1188      19674.45000
   1189      -7934.75800
   1190     -40574.22000
   1191     -55960.79000
   1192     -55280.27000
   1193     -51308.92000
   1194     -42844.91000
   1195     -25331.62000
   1196     -11993.54000
   1197     -15585.05000
   1198     -22781.55000
   1199     -13538.43000
   1200       5944.86700
   1201      11613.28000
   1202      -5101.39100
   1203     -26888.87000
   1204     -30071.01000
   1205      -9119.60900
   1206      17866.42000
   1207      27752.77000
   1208      13191.01000
   1209     -15383.45000
   1210     -40132.97000
   1211     -47563.52000
   1212     -39882.52000
   1213     -31049.94000
   1214     -24024.32000
   1215      -6879.23400
   1216      18500.67000
   1217      28446.43000
   1218      13146.31000
   1219      -5030.31200
   1220      -4218.67200
   1221       6795.99200
   1222       4288.21100
   1223     -17129.42000
   1224     -36005.39000
   1225     -29085.77000
   1226      -3509.38300
   1227       7526.78100
   1228     -12295.69000
   1229     -41256.74000
   1230     -51318.96000
   1231     -40243.16000
   1232     -22208.88000
   1233      -7467.78100
   1234       -117.33590
   1235       -666.52340
