      1     -13310.09000
      2     -54420.12000
      3     -76333.59000
      4     -58669.42000
      5     -20463.16000
      6      -3796.22700
      7     -24693.41000
      8     -54733.93000
      9     -59990.16000
     10     -39641.87000
     11     -12785.83000
     12      11106.92000
     13      29716.99000
     14      34555.03000
     15      19119.50000
     16     -10449.37000
     17     -40668.67000
     18     -55828.11000
     19     -43308.54000
     20     -10440.47000
     21      14627.95000
     22      15664.32000
     23       6341.85900
     24       1825.39800
     25      -3436.38300
     26     -14813.10000
     27     -21574.88000
     28     -19027.47000
     29     -22348.71000
     30     -41053.61000
     31     -58928.89000
     32     -54257.10000
     33     -26156.16000
     34       9764.97700
     35      37704.76000
     36      44137.73000
     37      19845.55000
     38     -25980.88000
     39     -64340.91000
     40     -71449.59000
     41     -47663.44000
     42      -9237.64800
     43      22588.48000
     44      24067.55000
     45     -12432.85000
     46     -55925.00000
     47     -61037.12000
     48     -22675.24000
     49      19129.17000
     50      32055.24000
     51      20858.37000
     52       4660.37500
     53      -5186.83600
     54      -6606.02300
     55     -10899.98000
     56     -36788.66000
     57     -79650.45000
     58    -102992.70000
     59     -79381.31000
     60     -24261.81000
     61      22339.73000
     62      34218.23000
     63      18200.59000
     64       4638.18000
     65      11604.75000
     66      19584.32000
     67       -333.49220
     68     -42374.30000
     69     -76220.45000
     70     -86828.85000
     71     -79348.34000
     72     -64549.97000
     73     -57273.90000
     74     -63479.27000
     75     -60721.02000
     76     -24583.38000
     77      25065.87000
     78      41032.44000
     79       9746.00800
     80     -36480.24000
     81     -62550.83000
     82     -61564.66000
     83     -51120.26000
     84     -54076.19000
     85     -74865.68000
     86     -91317.90000
     87     -79992.70000
     88     -45688.23000
     89     -14305.38000
     90      -4039.72700
     91     -13476.41000
     92     -29804.40000
     93     -39823.18000
     94     -38749.52000
     95     -34398.51000
     96     -39525.76000
     97     -54286.19000
     98     -58007.93000
     99     -31233.80000
    100      10388.58000
    101      24459.33000
    102      -4886.03900
    103     -46965.06000
    104     -70817.94000
    105     -79364.93000
    106     -82267.84000
    107     -71266.92000
    108     -43707.51000
    109     -20971.01000
    110     -23282.28000
    111     -43093.65000
    112     -53987.14000
    113     -37693.33000
    114       -960.35160
    115      28531.50000
    116      26391.63000
    117      -2287.18000
    118     -24407.74000
    119     -14211.02000
    120      14817.24000
    121      26124.96000
    122       7868.15200
    123     -14450.88000
    124     -16123.02000
    125       -343.92580
    126      17344.36000
    127      27488.12000
    128      25190.28000
    129      11101.72000
    130      -3626.83600
    131      -8723.14500
    132      -9613.44900
    133     -20414.17000
    134     -42870.10000
    135     -57421.78000
    136     -40232.41000
    137       5965.97700
    138      44921.36000
    139      43999.45000
    140      12390.30000
    141     -11394.16000
    142      -3384.02700
    143      26396.10000
    144      50506.70000
    145      49622.21000
    146      27326.30000
    147       4585.75000
    148      -3220.96500
    149       -529.17970
    150       2072.54300
    151       5392.17200
    152      13914.80000
    153      19854.87000
    154      11126.09000
    155      -8172.90600
    156     -20669.77000
    157     -19488.64000
    158     -16975.98000
    159     -26108.26000
    160     -41288.79000
    161     -44487.25000
    162     -28858.99000
    163      -8505.10900
    164        420.61330
    165       -739.97270
    166      -2923.18800
    167      -7425.46900
    168     -17943.30000
    169     -26216.55000
    170     -25042.30000
    171     -23331.32000
    172     -29955.13000
    173     -36137.07000
    174     -30294.37000
    175     -16589.59000
    176      -4967.29700
    177       4003.64500
    178      12569.11000
    179      13198.78000
    180      -5894.84400
    181     -43491.53000
    182     -79974.86000
    183     -93736.73000
    184     -81923.41000
    185     -61872.29000
    186     -52882.46000
    187     -57610.77000
    188     -60700.71000
    189     -46631.30000
    190     -17615.98000
    191      11214.71000
    192      27921.81000
    193      23887.44000
    194      -8447.86300
    195     -56717.55000
    196     -81547.89000
    197     -57711.79000
    198     -14628.16000
    199      -6873.81200
    200     -44696.49000
    201     -79051.09000
    202     -65485.61000
    203     -22408.79000
    204      -2763.62900
    205     -18620.50000
    206     -30150.50000
    207     -12503.61000
    208       7562.98400
    209       -715.63670
    210     -23630.75000
    211     -27903.69000
    212     -10808.84000
    213       -746.14840
    214     -18136.39000
    215     -53269.07000
    216     -79301.73000
    217     -78037.62000
    218     -55550.09000
    219     -36178.25000
    220     -38041.99000
    221     -54666.58000
    222     -66904.55000
    223     -69310.56000
    224     -72536.97000
    225     -79964.50000
    226     -76403.73000
    227     -47764.98000
    228      -2991.23000
    229      32911.40000
    230      41914.31000
    231      19963.50000
    232     -27622.12000
    233     -79872.02000
    234    -102084.50000
    235     -78380.17000
    236     -33769.63000
    237      -4818.46900
    238      -1328.52700
    239      -9485.48800
    240     -15200.89000
    241     -14810.58000
    242     -16060.63000
    243     -29444.66000
    244     -52110.25000
    245     -69574.93000
    246     -73671.23000
    247     -65713.64000
    248     -47678.07000
    249     -24006.16000
    250      -6069.34000
    251      -6507.92600
    252     -28693.14000
    253     -56491.61000
    254     -63470.51000
    255     -49124.63000
    256     -44795.62000
    257     -58667.21000
    258     -53195.90000
    259     -13553.61000
    260      11343.89000
    261     -16858.35000
    262     -59089.72000
    263     -59454.21000
    264     -33011.24000
    265     -35279.74000
    266     -67141.42000
    267     -73644.01000
    268     -38137.07000
    269     -12431.69000
    270     -31042.47000
    271     -57813.55000
    272     -54426.64000
    273     -42021.92000
    274     -50432.16000
    275     -61580.72000
    276     -50439.93000
    277     -36318.43000
    278     -47797.68000
    279     -69746.95000
    280     -64455.32000
    281     -27586.09000
    282       5445.28700
    283       2584.57400
    284     -33154.33000
    285     -73998.48000
    286     -97849.95000
    287    -101886.70000
    288     -89425.56000
    289     -57592.15000
    290     -11143.77000
    291      21165.52000
    292      10192.71000
    293     -32006.79000
    294     -58968.66000
    295     -43206.80000
    296      -1852.42800
    297      31100.73000
    298      37531.27000
    299      20598.96000
    300      -6509.94100
    301     -33749.25000
    302     -56510.59000
    303     -64671.95000
    304     -46866.86000
    305     -15758.57000
    306      -4545.60000
    307     -24233.44000
    308     -49511.40000
    309     -55735.74000
    310     -42263.39000
    311     -19417.29000
    312      -2152.63500
    313      -9557.50400
    314     -41867.66000
    315     -68942.68000
    316     -64254.61000
    317     -35428.33000
    318      -8093.57400
    319       1984.15000
    320      -5818.90600
    321     -20876.46000
    322     -29339.95000
    323     -30350.01000
    324     -37379.29000
    325     -55974.50000
    326     -73452.28000
    327     -77130.27000
    328     -67642.30000
    329     -50882.05000
    330     -33556.45000
    331     -28735.19000
    332     -45662.31000
    333     -69272.91000
    334     -72049.68000
    335     -52581.58000
    336     -38056.70000
    337     -41442.16000
    338     -45945.16000
    339     -41594.22000
    340     -42678.43000
    341     -54900.96000
    342     -59147.48000
    343     -46112.10000
    344     -37113.98000
    345     -49900.38000
    346     -67812.53000
    347     -65629.34000
    348     -48511.11000
    349     -38789.48000
    350     -36311.41000
    351     -22766.50000
    352        260.00490
    353      11374.70000
    354       5819.06900
    355       -609.83110
    356      -2680.95100
    357     -10574.79000
    358     -26799.16000
    359     -45657.00000
    360     -68805.68000
    361     -96457.86000
    362    -111548.80000
    363     -96621.16000
    364     -62349.56000
    365     -42060.93000
    366     -58246.93000
    367     -98852.58000
    368    -125077.30000
    369    -108907.90000
    370     -67850.53000
    371     -46831.40000
    372     -58729.83000
    373     -70379.11000
    374     -58092.76000
    375     -40306.86000
    376     -38022.04000
    377     -40972.28000
    378     -31742.09000
    379     -10750.24000
    380      13431.61000
    381      31647.43000
    382      32146.65000
    383      15346.47000
    384       2076.69300
    385       7428.35500
    386      19083.67000
    387      16304.71000
    388      -3565.60600
    389     -26899.04000
    390     -39848.84000
    391     -39028.18000
    392     -33230.65000
    393     -32835.98000
    394     -35879.45000
    395     -33776.60000
    396     -29774.38000
    397     -35203.02000
    398     -47001.24000
    399     -47834.02000
    400     -32917.36000
    401     -19201.14000
    402     -20104.60000
    403     -23227.38000
    404      -3714.71500
    405      41158.01000
    406      80710.67000
    407      84790.66000
    408      65076.19000
    409      64189.03000
    410     103743.90000
    411     163574.90000
    412     211362.20000
    413     229357.30000
    414     214412.90000
    415     176487.50000
    416     135501.30000
    417     103598.50000
    418      76963.55000
    419      53460.52000
    420      43048.34000
    421      51438.65000
    422      66574.47000
    423      68639.79000
    424      50376.95000
    425      27605.61000
    426      25166.77000
    427      45354.50000
    428      62216.44000
    429      59046.38000
    430      50786.48000
    431      53656.96000
    432      58985.68000
    433      55076.03000
    434      46426.18000
    435      37526.34000
    436      29327.75000
    437      36875.48000
    438      72339.77000
    439     108595.00000
    440     101411.30000
    441      49865.44000
    442       -257.83690
    443     -11424.43000
    444      14467.99000
    445      51147.21000
    446      71082.55000
    447      62579.21000
    448      39081.88000
    449      25826.97000
    450      33601.89000
    451      53711.80000
    452      75019.22000
    453      94706.57000
    454     116227.80000
    455     143946.80000
    456     174852.50000
    457     192413.70000
    458     179106.90000
    459     139698.90000
    460     101123.30000
    461      84058.66000
    462      84061.83000
    463      85177.86000
    464      80396.15000
    465      73040.19000
    466      68082.53000
    467      68026.45000
    468      70344.10000
    469      69992.70000
    470      72729.36000
    471      98079.34000
    472     155904.00000
    473     227558.00000
    474     282054.60000
    475     300190.10000
    476     278937.30000
    477     234382.90000
    478     204312.20000
    479     219707.90000
    480     268269.50000
    481     311736.20000
    482     334521.00000
    483     348458.50000
    484     362705.10000
    485     380463.80000
    486     415248.50000
    487     482026.30000
    488     575108.10000
    489     666726.20000
    490     723799.70000
    491     723239.70000
    492     658443.60000
    493     544075.90000
    494     422378.50000
    495     347631.40000
    496     335384.20000
    497     337823.90000
    498     300674.80000
    499     230967.50000
    500     179230.50000
    501     175612.80000
    502     208152.80000
    503     240998.90000
    504     241432.60000
    505     208975.50000
    506     173350.70000
    507     149663.30000
    508     124938.40000
    509     102818.00000
    510     113152.00000
    511     157030.20000
    512     191539.70000
    513     190413.90000
    514     176976.60000
    515     182173.40000
    516     207320.50000
    517     239139.20000
    518     269344.00000
    519     287666.00000
    520     282530.90000
    521     260903.00000
    522     248206.60000
    523     257909.30000
    524     278575.60000
    525     297613.50000
    526     318057.50000
    527     344640.10000
    528     375394.70000
    529     415262.70000
    530     472219.30000
    531     535645.20000
    532     589266.00000
    533     645963.90000
    534     735331.80000
    535     871536.50000
    536    1076101.00000
    537    1405299.00000
    538    1958315.00000
    539    2980995.00000
    540    4917880.00000
    541    7965074.00000
    542    11346420.00000
    543    13440160.00000
    544    13093890.00000
    545    10696760.00000
    546    7691670.00000
    547    5248454.00000
    548    3656533.00000
    549    2687084.00000
    550    2072381.00000
    551    1649771.00000
    552    1342719.00000
    553    1126896.00000
    554     981631.60000
    555     871344.10000
    556     771991.60000
    557     682411.30000
    558     603510.80000
    559     528839.40000
    560     457994.90000
    561     400990.20000
    562     362993.70000
    563     337133.20000
    564     320573.80000
    565     321664.20000
    566     337981.40000
    567     343788.80000
    568     315169.50000
    569     258929.10000
    570     208863.00000
    571     197583.90000
    572     228585.60000
    573     272626.20000
    574     297643.80000
    575     298634.60000
    576     289215.90000
    577     274860.90000
    578     252341.30000
    579     228784.30000
    580     218625.70000
    581     215606.80000
    582     190097.00000
    583     134848.40000
    584      93290.75000
    585     107254.20000
    586     151951.30000
    587     166161.80000
    588     134913.20000
    589      97766.02000
    590      86195.48000
    591      94963.01000
    592     107128.20000
    593     113129.60000
    594     110510.80000
    595     105047.00000
    596     104482.10000
    597     104438.70000
    598      96610.66000
    599      89754.11000
    600      95632.88000
    601      97597.76000
    602      70701.20000
    603      31061.79000
    604      20078.54000
    605      39841.79000
    606      53094.08000
    607      46709.16000
    608      45333.27000
    609      62481.71000
    610      82824.48000
    611      92086.14000
    612      91320.72000
    613      85842.94000
    614      80130.20000
    615      76184.81000
    616      70069.06000
    617      60659.52000
    618      57396.11000
    619      64762.49000
    620      69506.28000
    621      60454.03000
    622      49532.89000
    623      54983.22000
    624      73778.20000
    625      89205.58000
    626      97313.69000
    627     105235.70000
    628     108518.00000
    629      93802.17000
    630      64486.73000
    631      40768.15000
    632      30902.43000
    633      24577.95000
    634      19714.04000
    635      31410.75000
    636      61684.38000
    637      80871.09000
    638      60540.75000
    639      15322.59000
    640     -10753.80000
    641       1761.01200
    642      28970.34000
    643      40388.35000
    644      30712.66000
    645      10316.50000
    646     -10193.51000
    647     -17573.74000
    648      -2384.39500
    649      23730.11000
    650      37633.86000
    651      33361.98000
    652      21043.11000
    653       3817.42200
    654     -18376.57000
    655     -31188.18000
    656     -21242.98000
    657       -861.19920
    658       9278.74600
    659      11439.48000
    660      18997.84000
    661      26856.04000
    662      20951.43000
    663       5616.59400
    664      -3585.04300
    665      -4129.85200
    666      -3175.29700
    667      -1674.77700
    668       1705.18400
    669       2829.81200
    670       -867.96480
    671      -7486.20700
    672     -16184.56000
    673     -21991.07000
    674     -13370.33000
    675       8893.94500
    676      25632.51000
    677      28007.74000
    678      30282.48000
    679      40102.62000
    680      43646.74000
    681      32951.92000
    682      19576.56000
    683      12251.33000
    684       9146.63700
    685      15126.19000
    686      36238.45000
    687      56199.74000
    688      50127.30000
    689      23688.65000
    690       8600.31600
    691      18289.40000
    692      36623.42000
    693      49492.88000
    694      57367.32000
    695      55988.70000
    696      33841.69000
    697      -5668.16000
    698     -38548.23000
    699     -42508.54000
    700     -18864.16000
    701       7289.54700
    702      10127.88000
    703      -9865.61300
    704     -27622.12000
    705     -25175.45000
    706      -9355.70700
    707       6464.71900
    708      20599.69000
    709      33505.13000
    710      37375.31000
    711      30269.35000
    712      25304.92000
    713      26686.62000
    714      13871.26000
    715     -23198.25000
    716     -52166.48000
    717     -39272.60000
    718      -3707.35900
    719      13088.84000
    720      12543.38000
    721      23421.20000
    722      39503.21000
    723      27199.30000
    724     -13642.41000
    725     -43561.01000
    726     -36419.76000
    727      -5327.90600
    728      21871.09000
    729      28983.45000
    730      15183.12000
    731     -10949.59000
    732     -38270.66000
    733     -56797.16000
    734     -55027.93000
    735     -25320.97000
    736      17937.48000
    737      42110.01000
    738      34947.23000
    739      21926.52000
    740      28257.95000
    741      45284.52000
    742      51001.93000
    743      40397.68000
    744      20297.58000
    745      -3225.60200
    746     -19284.80000
    747     -14193.56000
    748       8498.82000
    749      23019.70000
    750       8823.67200
    751     -21293.46000
    752     -32887.71000
    753     -13207.23000
    754      10598.99000
    755       8469.55500
    756     -11803.05000
    757     -21136.16000
    758     -15728.70000
    759     -19123.28000
    760     -38025.82000
    761     -44204.98000
    762     -13801.92000
    763      34185.16000
    764      59476.61000
    765      52482.73000
    766      41831.91000
    767      47179.36000
    768      47651.98000
    769      14797.52000
    770     -36806.09000
    771     -59287.40000
    772     -32763.80000
    773      10257.39000
    774      29264.50000
    775      18892.12000
    776       -412.96880
    777      -7775.97700
    778      11038.02000
    779      55249.39000
    780      98041.32000
    781     103724.10000
    782      63421.97000
    783       5056.77300
    784     -29868.71000
    785     -18025.53000
    786      25315.74000
    787      57041.94000
    788      50304.36000
    789      24680.63000
    790      19498.19000
    791      44409.45000
    792      69913.18000
    793      62131.81000
    794      18398.19000
    795     -29919.43000
    796     -48967.36000
    797     -36460.15000
    798     -18023.96000
    799     -13658.27000
    800     -20989.59000
    801     -26178.91000
    802     -16714.38000
    803       8398.53100
    804      31227.98000
    805      33418.27000
    806      24102.95000
    807      23333.05000
    808      22530.09000
    809      -1657.43000
    810     -40025.30000
    811     -57011.41000
    812     -38327.23000
    813      -1094.84400
    814      32442.68000
    815      48553.21000
    816      45669.97000
    817      38474.73000
    818      40811.74000
    819      41427.59000
    820      18853.88000
    821     -20256.32000
    822     -42169.14000
    823     -28114.05000
    824       3294.47700
    825      21228.95000
    826      18451.07000
    827      13012.59000
    828      18640.39000
    829      25531.27000
    830      16597.26000
    831      -6546.01600
    832     -25025.30000
    833     -26047.50000
    834     -14056.70000
    835        -68.30469
    836      10194.17000
    837      16914.47000
    838      21943.54000
    839      25763.52000
    840      25778.09000
    841      18858.15000
    842       7169.42200
    843      -2127.45300
    844      -5617.50800
    845      -7473.04700
    846     -10490.78000
    847      -9803.82000
    848      -2930.35900
    849       1280.53100
    850      -4311.27300
    851     -11813.14000
    852     -13601.20000
    853     -17565.09000
    854     -26465.92000
    855     -21365.52000
    856       6722.86700
    857      32160.48000
    858      32225.73000
    859      21109.13000
    860      17016.75000
    861      10795.49000
    862      -2577.85900
    863      -1152.23400
    864      25501.76000
    865      52190.53000
    866      55530.80000
    867      41453.29000
    868      22242.40000
    869        334.31250
    870     -17569.85000
    871     -19708.45000
    872      -5571.90600
    873      16840.45000
    874      42390.81000
    875      62104.22000
    876      60987.12000
    877      38960.81000
    878      18659.70000
    879      17141.98000
    880      23090.72000
    881      15994.87000
    882      -2823.38300
    883     -15171.19000
    884     -17285.34000
    885     -26177.12000
    886     -50856.20000
    887     -74981.93000
    888     -76762.61000
    889     -54351.23000
    890     -26783.38000
    891     -16099.85000
    892     -24513.42000
    893     -28228.57000
    894      -7866.57000
    895      19925.48000
    896      26525.07000
    897      16769.27000
    898      16224.45000
    899      24802.54000
    900      21516.50000
    901       6129.69500
    902        312.94530
    903      11096.41000
    904      19424.55000
    905       7479.02300
    906     -18140.88000
    907     -37532.43000
    908     -43200.48000
    909     -41982.00000
    910     -37414.52000
    911     -29556.59000
    912     -26290.39000
    913     -32347.20000
    914     -34334.93000
    915     -17584.94000
    916      10853.21000
    917      30121.05000
    918      26859.50000
    919       5462.05500
    920     -15292.69000
    921     -23627.42000
    922     -33586.66000
    923     -61452.42000
    924     -89290.66000
    925     -84106.43000
    926     -44617.48000
    927       1474.08600
    928      31175.84000
    929      33566.89000
    930       9499.94500
    931     -18624.74000
    932     -25983.31000
    933     -19943.54000
    934     -23402.34000
    935     -31580.28000
    936     -25358.20000
    937     -14352.43000
    938     -22562.86000
    939     -42090.82000
    940     -43958.90000
    941     -28484.86000
    942     -24972.05000
    943     -40890.49000
    944     -46780.12000
    945     -21866.68000
    946      13011.08000
    947      24088.25000
    948       6504.43000
    949     -19023.52000
    950     -35790.72000
    951     -42043.73000
    952     -46065.31000
    953     -61372.87000
    954     -92675.20000
    955    -120501.10000
    956    -116194.70000
    957     -76818.65000
    958     -30189.11000
    959      -3920.65600
    960      -1678.38300
    961      -9373.71900
    962     -14678.23000
    963     -18505.34000
    964     -28181.12000
    965     -40242.59000
    966     -38568.02000
    967     -16348.77000
    968       7344.36700
    969       3998.86700
    970     -31368.73000
    971     -70421.18000
    972     -78705.98000
    973     -51126.55000
    974     -15879.23000
    975      -2464.37500
    976     -10160.19000
    977     -13093.07000
    978       4232.17200
    979      25463.00000
    980      24285.21000
    981      -1299.03100
    982     -31691.88000
    983     -53021.74000
    984     -63032.42000
    985     -61428.63000
    986     -54490.26000
    987     -55132.78000
    988     -62463.99000
    989     -59099.87000
    990     -38802.50000
    991     -16144.54000
    992      -4020.08600
    993       -805.17190
    994        788.94530
    995       5166.00000
    996      10656.61000
    997      11692.95000
    998       8375.36700
    999       5728.84400
   1000        185.99220
   1001     -15430.14000
   1002     -33789.09000
   1003     -41005.21000
   1004     -35163.83000
   1005     -18125.36000
   1006      11396.00000
   1007      39743.39000
   1008      44255.75000
   1009      31442.33000
   1010      32823.98000
   1011      53124.55000
   1012      61849.64000
   1013      44021.97000
   1014      23055.80000
   1015      26035.55000
   1016      51210.72000
   1017      74371.05000
   1018      74373.31000
   1019      50959.70000
   1020      19371.58000
   1021      -9792.26600
   1022     -34115.36000
   1023     -45957.88000
   1024     -38606.44000
   1025     -25151.61000
   1026     -23385.70000
   1027     -25686.58000
   1028     -15977.09000
   1029      -8906.12500
   1030     -32972.06000
   1031     -77841.08000
   1032     -97730.17000
   1033     -70909.34000
   1034     -25485.80000
   1035       -343.90620
   1036      -3073.89100
   1037     -13332.59000
   1038     -11371.23000
   1039       4312.15600
   1040      18239.64000
   1041      12524.48000
   1042     -12320.33000
   1043     -32818.34000
   1044     -30120.98000
   1045     -17852.00000
   1046     -24729.97000
   1047     -52519.94000
   1048     -72485.70000
   1049     -63579.77000
   1050     -34367.06000
   1051      -5495.31200
   1052      11671.69000
   1053      16435.80000
   1054      13980.00000
   1055      12672.05000
   1056      14253.27000
   1057       5024.76600
   1058     -27764.16000
   1059     -67438.81000
   1060     -76656.89000
   1061     -45308.20000
   1062      -7743.25000
   1063       3743.65600
   1064       -806.67190
   1065       3999.25000
   1066      15622.98000
   1067      15670.31000
   1068       6399.40600
   1069       3338.78100
   1070       3998.37500
   1071      -4446.34400
   1072     -14062.22000
   1073      -5651.07800
   1074      12753.81000
   1075       9116.43800
   1076     -25676.67000
   1077     -61872.17000
   1078     -69857.12000
   1079     -52630.56000
   1080     -31951.80000
   1081     -21289.55000
   1082     -19751.77000
   1083     -18880.61000
   1084     -12905.36000
   1085     -10221.61000
   1086     -25852.56000
   1087     -52861.06000
   1088     -59487.28000
   1089     -31094.20000
   1090       5123.03100
   1091      15306.41000
   1092        150.87500
   1093     -14668.28000
   1094     -12207.44000
   1095       4236.48400
   1096      19833.88000
   1097      19892.62000
   1098         40.29688
   1099     -30594.33000
   1100     -56927.98000
   1101     -68513.14000
   1102     -65846.39000
   1103     -56903.53000
   1104     -44238.72000
   1105     -22295.53000
   1106       4780.54700
   1107      16062.47000
   1108        233.84380
   1109     -23591.53000
   1110     -28121.45000
   1111     -10546.08000
   1112      10462.86000
   1113      19439.64000
   1114      12940.97000
   1115      -5312.71900
   1116     -23912.00000
   1117     -26293.80000
   1118      -8479.78100
   1119      10422.03000
   1120       7662.35900
   1121     -17974.23000
   1122     -47531.44000
   1123     -59920.89000
   1124     -45776.02000
   1125     -16641.22000
   1126        777.89060
   1127      -5362.73400
   1128     -16882.34000
   1129     -16746.75000
   1130     -16574.91000
   1131     -31443.23000
   1132     -50093.08000
   1133     -53868.38000
   1134     -44625.06000
   1135     -34326.64000
   1136     -26192.94000
   1137     -19992.66000
   1138     -18910.25000
   1139     -23525.91000
   1140     -30910.98000
   1141     -37985.58000
   1142     -36374.98000
   1143     -16724.94000
   1144      10241.75000
   1145      17371.02000
   1146        561.51560
   1147     -10652.16000
   1148      -2177.18800
   1149      -6111.98400
   1150     -51283.83000
   1151    -106016.50000
   1152    -111344.30000
   1153     -63711.70000
   1154     -21900.83000
   1155     -25707.45000
   1156     -47706.59000
   1157     -43308.28000
   1158     -13887.61000
   1159       5298.28100
   1160      -4096.42200
   1161     -29774.34000
   1162     -51701.41000
   1163     -59348.12000
   1164     -52471.55000
   1165     -37452.77000
   1166     -24271.14000
   1167     -20077.42000
   1168     -19530.11000
   1169      -8203.26600
   1170      13331.97000
   1171      19600.83000
   1172      -6874.21900
   1173     -45477.73000
   1174     -61545.88000
   1175     -47755.22000
   1176     -23897.45000
   1177      -8747.85900
   1178      -5842.40600
   1179      -8180.45300
   1180     -10625.05000
   1181     -17181.61000
   1182     -30447.19000
   1183     -39675.47000
   1184     -33301.41000
   1185     -16660.88000
   1186      -3369.87500
   1187       1193.82800
   1188      -2627.10900
   1189     -15892.03000
   1190     -36236.11000
   1191     -54049.69000
   1192     -59418.27000
   1193     -51978.53000
   1194     -44007.31000
   1195     -49847.02000
   1196     -67721.56000
   1197     -78460.16000
   1198     -71210.08000
   1199     -62142.02000
   1200     -71543.67000
   1201     -89157.50000
   1202     -87862.06000
   1203     -68833.16000
   1204     -56795.23000
   1205     -52456.83000
   1206     -38482.17000
   1207     -29170.31000
   1208     -51777.72000
   1209     -83354.16000
   1210     -76122.14000
   1211     -36359.11000
   1212     -10623.20000
   1213     -12079.22000
   1214     -20077.05000
   1215     -24569.67000
   1216     -25416.17000
   1217     -20727.31000
   1218     -19620.31000
   1219     -29787.03000
   1220     -32529.06000
   1221     -10206.06000
   1222      19563.02000
   1223      33647.47000
   1224      37215.72000
   1225      38474.75000
   1226      26463.44000
   1227      -1811.32800
   1228     -24668.66000
   1229     -21954.66000
   1230       3115.04700
   1231      31700.81000
   1232      45075.23000
   1233      36764.98000
   1234      17969.97000
   1235       5110.79700
