      1     -47501.56000
      2     -41450.62000
      3     -39019.15000
      4     -30171.33000
      5     -10614.91000
      6       6351.30500
      7       1320.87500
      8     -23449.30000
      9     -36713.74000
     10     -14414.02000
     11      24182.59000
     12      39063.25000
     13      23462.70000
     14       5412.73400
     15      -2315.42200
     16     -14191.63000
     17     -30450.04000
     18     -28522.59000
     19      -6535.14800
     20       7330.45300
     21        866.74220
     22      -4064.25000
     23      10919.09000
     24      35152.56000
     25      48397.79000
     26      44023.67000
     27      27480.30000
     28       5344.25000
     29     -17771.18000
     30     -35653.15000
     31     -41881.23000
     32     -38631.07000
     33     -37412.82000
     34     -44598.78000
     35     -52741.99000
     36     -50243.17000
     37     -33034.67000
     38      -7085.69500
     39      14304.06000
     40      21390.47000
     41      20261.20000
     42      22111.77000
     43      21805.65000
     44       8490.59400
     45      -6777.43800
     46      -4636.93000
     47       6010.23400
     48       2188.49200
     49      -7594.43800
     50       4956.65600
     51      33666.63000
     52      42705.48000
     53      25417.67000
     54       9876.08600
     55       5496.40600
     56      -6778.43000
     57     -28988.49000
     58     -37382.80000
     59     -21629.85000
     60       3897.83600
     61      24439.16000
     62      31547.10000
     63      18155.80000
     64      -7326.69500
     65     -17496.60000
     66       1542.59400
     67      26822.10000
     68      24849.79000
     69      -5785.45300
     70     -30745.38000
     71     -21317.91000
     72       8568.69500
     73      19840.54000
     74      -1061.67200
     75     -30491.20000
     76     -46422.35000
     77     -51934.78000
     78     -56242.46000
     79     -57140.61000
     80     -47508.23000
     81     -26419.35000
     82      -6297.96900
     83     -10536.68000
     84     -46844.08000
     85     -85002.20000
     86     -86763.82000
     87     -53020.72000
     88     -13811.22000
     89      16969.98000
     90      44941.08000
     91      67499.67000
     92      74379.47000
     93      65419.34000
     94      47450.91000
     95      26918.73000
     96      12607.05000
     97       6156.55500
     98      -6900.34400
     99     -33587.15000
    100     -52626.70000
    101     -42926.17000
    102     -17291.79000
    103      -3838.90600
    104      -9522.49200
    105     -19907.48000
    106     -22237.55000
    107     -18246.79000
    108     -20382.95000
    109     -33817.50000
    110     -41784.72000
    111     -23837.27000
    112      10309.42000
    113      26001.59000
    114       6194.15600
    115     -30863.12000
    116     -57989.68000
    117     -63950.55000
    118     -50991.73000
    119     -28289.25000
    120     -13873.84000
    121     -22851.81000
    122     -43540.70000
    123     -44578.95000
    124     -18041.81000
    125       7396.43000
    126      10162.30000
    127       4041.41400
    128       5126.79700
    129       3166.80500
    130     -12638.84000
    131     -31597.72000
    132     -44580.68000
    133     -57276.45000
    134     -65830.26000
    135     -53789.28000
    136     -26060.03000
    137     -10258.46000
    138     -13004.59000
    139     -10717.98000
    140       4355.50000
    141       5815.22700
    142     -22508.69000
    143     -54100.83000
    144     -50180.92000
    145      -5613.72700
    146      45827.55000
    147      64106.19000
    148      42867.23000
    149      17202.30000
    150      17667.05000
    151      25715.65000
    152       5532.78100
    153     -34559.40000
    154     -56151.95000
    155     -49128.24000
    156     -30558.91000
    157      -8429.60200
    158      11102.79000
    159      11299.91000
    160      -5584.70300
    161     -13182.83000
    162      -6557.84400
    163      -9633.09400
    164     -27383.21000
    165     -37416.64000
    166     -32458.27000
    167     -29469.29000
    168     -36779.62000
    169     -42295.84000
    170     -33736.95000
    171     -16525.45000
    172     -12216.20000
    173     -34551.59000
    174     -64618.94000
    175     -69729.08000
    176     -52718.09000
    177     -52004.11000
    178     -80156.29000
    179     -98095.22000
    180     -72616.77000
    181     -28010.21000
    182      -9613.85900
    183     -19316.54000
    184     -23100.09000
    185      -9760.05500
    186      -4904.60900
    187     -27738.45000
    188     -64140.73000
    189     -85613.16000
    190     -75922.68000
    191     -40951.61000
    192      -5717.10900
    193       5691.60900
    194      -3378.21900
    195      -8232.18800
    196       1414.21900
    197      12041.29000
    198      13010.64000
    199       5475.99200
    200     -14126.44000
    201     -47854.46000
    202     -75651.24000
    203     -71295.23000
    204     -35666.38000
    205       7830.21900
    206      37706.13000
    207      38581.20000
    208       5542.44500
    209     -38126.04000
    210     -52629.98000
    211     -26739.65000
    212       8588.34400
    213      20060.20000
    214       8020.01600
    215      -5440.28900
    216      -9840.68800
    217     -12535.56000
    218     -16149.09000
    219     -11089.92000
    220       2404.36700
    221       6951.90600
    222      -6070.00000
    223     -23277.09000
    224     -30514.36000
    225     -29268.20000
    226     -27234.31000
    227     -26955.45000
    228     -26391.34000
    229     -25823.99000
    230     -32191.45000
    231     -49059.88000
    232     -62868.46000
    233     -56028.28000
    234     -33915.43000
    235     -19499.77000
    236     -25441.07000
    237     -47836.26000
    238     -76318.22000
    239     -96750.96000
    240     -97620.77000
    241     -79968.10000
    242     -51002.42000
    243     -16272.47000
    244      11768.97000
    245      15540.20000
    246      -5260.54700
    247     -29525.25000
    248     -38042.51000
    249     -28457.96000
    250     -11453.52000
    251      -1727.32000
    252      -4677.20300
    253      -9144.07000
    254      -5167.15600
    255      -4010.30500
    256     -23276.67000
    257     -56398.29000
    258     -73992.95000
    259     -57468.16000
    260     -21617.12000
    261        862.75000
    262      -4669.22700
    263     -20635.02000
    264     -21105.09000
    265      -2817.31200
    266      13230.32000
    267       7619.22700
    268     -14538.55000
    269     -29086.23000
    270     -22600.81000
    271      -7854.05500
    272      -3077.29700
    273     -10001.08000
    274     -22458.55000
    275     -38349.28000
    276     -52075.57000
    277     -54158.30000
    278     -45109.52000
    279     -34636.38000
    280     -28937.31000
    281     -28678.02000
    282     -29282.41000
    283     -21676.04000
    284      -9603.14100
    285     -14017.50000
    286     -36846.72000
    287     -45269.95000
    288     -22011.93000
    289       1518.14100
    290      -4383.53900
    291     -20766.31000
    292     -17873.62000
    293      -5227.24200
    294      -7995.23400
    295     -21181.95000
    296     -22539.62000
    297     -13150.73000
    298     -12089.58000
    299     -20727.05000
    300     -22529.73000
    301     -13255.29000
    302      -5301.32000
    303      -5613.71900
    304     -11320.33000
    305     -20756.77000
    306     -29346.92000
    307     -24219.59000
    308      -1493.87500
    309      20518.98000
    310      22714.97000
    311      10973.77000
    312       3972.01600
    313       2979.78100
    314      -6053.18800
    315     -23672.92000
    316     -34772.23000
    317     -36486.64000
    318     -41639.06000
    319     -51120.91000
    320     -52201.72000
    321     -46681.50000
    322     -49717.48000
    323     -59904.66000
    324     -61351.12000
    325     -52008.89000
    326     -39389.77000
    327     -18392.67000
    328      13418.53000
    329      32538.38000
    330      19804.42000
    331       -801.92190
    332       4345.01600
    333      22294.61000
    334      17660.78000
    335      -3102.06200
    336      -5292.10900
    337       9039.10900
    338       6152.68800
    339     -16954.16000
    340     -28690.16000
    341     -19059.22000
    342     -13301.45000
    343     -28172.27000
    344     -50207.03000
    345     -60143.88000
    346     -53184.97000
    347     -32957.55000
    348      -6709.54700
    349      10378.28000
    350       4382.64100
    351     -18166.20000
    352     -35400.75000
    353     -37358.20000
    354     -32627.73000
    355     -28554.41000
    356     -24613.09000
    357     -23738.72000
    358     -28622.86000
    359     -30147.73000
    360     -20089.94000
    361      -9890.57800
    362     -16308.75000
    363     -33745.44000
    364     -39830.55000
    365     -25380.22000
    366      -3883.71900
    367       7691.06200
    368       5770.79700
    369      -1556.39100
    370      -4410.18800
    371       -580.95310
    372       -141.00000
    373     -14556.38000
    374     -36960.83000
    375     -46618.89000
    376     -38700.55000
    377     -31768.00000
    378     -38750.91000
    379     -48806.17000
    380     -44486.11000
    381     -22741.59000
    382       2530.98400
    383      12492.53000
    384       3230.15600
    385      -8032.79700
    386      -6798.10900
    387       1036.93800
    388       6476.56200
    389       7978.03100
    390      -3880.79700
    391     -36706.89000
    392     -66423.73000
    393     -60414.38000
    394     -29674.72000
    395     -13498.36000
    396     -20922.95000
    397     -29702.73000
    398     -29467.34000
    399     -27715.16000
    400     -26832.98000
    401     -23092.81000
    402     -17215.98000
    403     -10439.17000
    404       -170.71880
    405      11967.34000
    406      16055.08000
    407       4000.92200
    408     -19416.69000
    409     -40540.56000
    410     -49955.70000
    411     -46791.67000
    412     -33859.16000
    413     -17120.08000
    414      -6671.09400
    415     -10231.75000
    416     -28242.50000
    417     -54454.61000
    418     -74373.45000
    419     -71064.47000
    420     -44593.97000
    421     -16116.77000
    422      -3835.37500
    423      -8058.39100
    424     -21252.80000
    425     -34334.59000
    426     -34738.06000
    427     -17478.20000
    428       4118.79700
    429      11040.23000
    430      -3867.62500
    431     -33837.58000
    432     -62319.88000
    433     -70291.72000
    434     -52992.77000
    435     -26817.42000
    436      -9336.12500
    437       -406.21880
    438       8512.92200
    439      17750.27000
    440      20705.72000
    441      10895.78000
    442     -13529.20000
    443     -39071.31000
    444     -39084.53000
    445      -8746.07800
    446      16150.64000
    447       4811.90600
    448     -21563.88000
    449     -20386.17000
    450      12521.09000
    451      42764.22000
    452      41051.70000
    453       8502.81200
    454     -27732.06000
    455     -40545.05000
    456     -34604.48000
    457     -38869.56000
    458     -58936.16000
    459     -65127.33000
    460     -40284.20000
    461      -7458.46900
    462       4294.10900
    463      -3564.45300
    464     -10079.69000
    465      -6034.82800
    466      -1922.01600
    467      -9093.51600
    468     -23869.59000
    469     -33890.31000
    470     -30542.64000
    471     -11039.38000
    472      17048.75000
    473      29630.20000
    474       8374.53100
    475     -25565.12000
    476     -29687.83000
    477        602.23440
    478      24715.94000
    479      19454.91000
    480       9858.75000
    481      19151.77000
    482      27848.22000
    483      12227.05000
    484     -11844.61000
    485     -17879.16000
    486      -9380.71900
    487       1210.48400
    488      20201.55000
    489      46874.72000
    490      56062.62000
    491      37641.02000
    492      20820.59000
    493      34823.12000
    494      71595.67000
    495     100788.60000
    496      99728.28000
    497      66188.86000
    498      18836.70000
    499     -16658.59000
    500     -29481.25000
    501     -25369.89000
    502     -11733.80000
    503       3960.68800
    504      10301.64000
    505       3946.10900
    506      -2366.40600
    507       2787.21900
    508      12904.36000
    509      14052.30000
    510       5337.71900
    511       2626.59400
    512      21327.33000
    513      54602.53000
    514      72641.61000
    515      52866.11000
    516       8857.92200
    517     -22505.56000
    518     -22014.56000
    519      -4051.76600
    520       8913.45300
    521      11639.47000
    522      10974.86000
    523      12079.89000
    524      19024.25000
    525      33231.77000
    526      44824.89000
    527      44008.72000
    528      41576.12000
    529      52292.20000
    530      61274.98000
    531      41412.72000
    532        -47.87500
    533     -28476.27000
    534     -29105.97000
    535     -13233.62000
    536      11326.20000
    537      39788.42000
    538      52291.09000
    539      32808.47000
    540        505.98440
    541      -9324.32800
    542       7528.71900
    543      24001.39000
    544      24014.73000
    545      15754.50000
    546       6141.37500
    547      -5997.54700
    548     -11445.55000
    549       5247.93800
    550      40925.22000
    551      71379.58000
    552      72909.22000
    553      41243.67000
    554       -281.89060
    555     -15311.91000
    556       6769.64100
    557      35653.55000
    558      39502.66000
    559      23630.25000
    560      13948.86000
    561      21039.89000
    562      37636.67000
    563      57594.34000
    564      78829.98000
    565      92153.34000
    566      84415.62000
    567      57977.23000
    568      34112.95000
    569      29314.38000
    570      42500.72000
    571      69351.83000
    572     107853.00000
    573     145797.30000
    574     166275.00000
    575     168111.40000
    576     161561.90000
    577     151112.40000
    578     140002.30000
    579     138562.50000
    580     150143.20000
    581     163051.10000
    582     169781.20000
    583     178957.30000
    584     196247.90000
    585     210374.60000
    586     213011.80000
    587     214929.20000
    588     226913.10000
    589     244191.80000
    590     264943.40000
    591     297151.00000
    592     332751.10000
    593     351619.10000
    594     362683.30000
    595     397956.10000
    596     456944.50000
    597     504552.50000
    598     529625.50000
    599     560551.40000
    600     622300.60000
    601     715706.70000
    602     838920.90000
    603     999762.60000
    604    1207516.00000
    605    1472932.00000
    606    1822585.00000
    607    2316496.00000
    608    3057606.00000
    609    4164095.00000
    610    5658329.00000
    611    7315704.00000
    612    8657653.00000
    613    9214345.00000
    614    8857539.00000
    615    7855899.00000
    616    6616691.00000
    617    5427267.00000
    618    4407778.00000
    619    3583348.00000
    620    2937345.00000
    621    2437522.00000
    622    2053246.00000
    623    1755021.00000
    624    1511621.00000
    625    1301547.00000
    626    1120966.00000
    627     972664.00000
    628     852644.90000
    629     749691.40000
    630     655379.20000
    631     572332.20000
    632     507833.60000
    633     460494.80000
    634     421170.60000
    635     384597.50000
    636     347960.10000
    637     302900.70000
    638     244396.40000
    639     185802.80000
    640     152396.60000
    641     158507.60000
    642     193360.50000
    643     227023.50000
    644     233267.80000
    645     210188.40000
    646     175620.50000
    647     146830.10000
    648     132995.30000
    649     135494.80000
    650     140576.30000
    651     126979.10000
    652      95389.86000
    653      70819.45000
    654      65023.41000
    655      63802.08000
    656      61884.06000
    657      77428.88000
    658     115383.60000
    659     144078.80000
    660     130020.10000
    661      82785.94000
    662      46497.22000
    663      48566.89000
    664      73121.56000
    665      91550.64000
    666     100496.60000
    667     110279.60000
    668     112977.40000
    669      93098.52000
    670      61193.08000
    671      45068.75000
    672      52044.56000
    673      66574.73000
    674      77268.52000
    675      81553.06000
    676      75269.80000
    677      60538.98000
    678      50316.00000
    679      49484.44000
    680      50585.92000
    681      55254.42000
    682      71792.47000
    683      90070.31000
    684      93476.27000
    685      92872.00000
    686     111382.50000
    687     141247.60000
    688     151998.30000
    689     135882.80000
    690     115096.90000
    691     107885.50000
    692     108211.00000
    693      98817.41000
    694      75119.80000
    695      52855.66000
    696      49772.44000
    697      62633.33000
    698      71054.45000
    699      63262.44000
    700      49216.06000
    701      46876.95000
    702      61067.05000
    703      79190.41000
    704      87434.06000
    705      86890.42000
    706      89494.22000
    707     101345.00000
    708     116235.30000
    709     126527.50000
    710     135728.60000
    711     153253.60000
    712     176027.90000
    713     188369.80000
    714     187201.90000
    715     190234.30000
    716     209054.90000
    717     232553.90000
    718     243824.10000
    719     233692.40000
    720     200260.90000
    721     159314.60000
    722     143054.50000
    723     160727.70000
    724     179161.40000
    725     168632.20000
    726     140965.40000
    727     118607.80000
    728     101930.50000
    729      90889.02000
    730      98049.06000
    731     116098.40000
    732     114080.10000
    733      86791.64000
    734      66171.19000
    735      68294.09000
    736      73992.23000
    737      72900.16000
    738      77614.12000
    739      84966.77000
    740      73438.86000
    741      47885.75000
    742      40416.72000
    743      60550.89000
    744      83715.64000
    745      90154.66000
    746      82771.67000
    747      70359.94000
    748      60650.34000
    749      64217.22000
    750      83480.67000
    751     103095.60000
    752     105778.10000
    753      90466.84000
    754      64721.23000
    755      31604.55000
    756      -2984.45300
    757     -22990.41000
    758     -18475.34000
    759        544.62500
    760      18386.20000
    761      29906.86000
    762      35321.78000
    763      35490.03000
    764      36814.70000
    765      42754.14000
    766      41678.34000
    767      22231.05000
    768      -4170.18800
    769     -13397.33000
    770       4814.32800
    771      39673.11000
    772      69181.92000
    773      74980.56000
    774      58283.66000
    775      38630.95000
    776      29702.19000
    777      27114.31000
    778      26145.23000
    779      33068.23000
    780      48226.44000
    781      55292.28000
    782      42205.86000
    783      21343.58000
    784      14198.12000
    785      23174.98000
    786      33990.30000
    787      41355.12000
    788      53611.98000
    789      70832.89000
    790      75852.53000
    791      54685.00000
    792      16780.06000
    793     -12460.94000
    794     -18968.78000
    795     -14295.14000
    796     -15461.39000
    797     -17198.28000
    798      -2539.25000
    799      23477.52000
    800      38210.08000
    801      38383.56000
    802      40994.62000
    803      46364.08000
    804      33516.42000
    805      -1679.89100
    806     -32260.39000
    807     -33738.77000
    808     -13518.09000
    809       3167.42200
    810       6185.70300
    811       5909.95300
    812       7064.40600
    813      -4125.43800
    814     -33733.02000
    815     -58680.80000
    816     -54700.67000
    817     -33962.72000
    818     -28004.22000
    819     -40384.19000
    820     -44754.69000
    821     -28829.55000
    822     -13156.69000
    823     -19418.61000
    824     -41148.64000
    825     -56208.27000
    826     -53599.62000
    827     -37938.44000
    828     -19367.44000
    829      -9580.84400
    830     -17999.97000
    831     -41082.91000
    832     -61170.94000
    833     -64280.44000
    834     -54811.28000
    835     -45431.44000
    836     -36738.03000
    837     -17844.30000
    838      11014.55000
    839      29123.53000
    840      19400.77000
    841      -5005.93800
    842     -13935.78000
    843       -285.10940
    844      10429.64000
    845      -1230.79700
    846     -18529.38000
    847     -15855.98000
    848        148.89060
    849       2818.68800
    850     -14922.53000
    851     -39243.23000
    852     -55515.25000
    853     -47343.78000
    854      -5417.46900
    855      43147.05000
    856      53969.73000
    857      27031.25000
    858       1544.17200
    859     -12444.66000
    860     -39238.95000
    861     -77388.38000
    862     -94670.75000
    863     -81771.16000
    864     -61637.64000
    865     -48495.27000
    866     -34507.20000
    867     -14396.12000
    868       2965.62500
    869      11194.30000
    870      18458.03000
    871      31982.81000
    872      39664.53000
    873      25559.14000
    874      -2508.60900
    875     -22933.31000
    876     -29914.62000
    877     -30457.62000
    878     -26072.11000
    879     -20521.33000
    880     -25488.92000
    881     -37071.88000
    882     -32206.28000
    883      -8956.93800
    884       -907.54690
    885     -28895.31000
    886     -66703.34000
    887     -78351.36000
    888     -65610.86000
    889     -55009.88000
    890     -57211.80000
    891     -62893.61000
    892     -64948.52000
    893     -62453.44000
    894     -50494.72000
    895     -26589.38000
    896      -4144.45300
    897      -1196.96900
    898     -15398.52000
    899     -28180.53000
    900     -34299.66000
    901     -44488.89000
    902     -54745.77000
    903     -40210.14000
    904       7952.98400
    905      61476.67000
    906      85108.75000
    907      75492.00000
    908      58006.81000
    909      48726.03000
    910      34272.22000
    911        947.03120
    912     -31879.27000
    913     -36704.92000
    914     -23217.81000
    915     -20092.05000
    916     -25004.41000
    917     -15443.34000
    918       4645.03100
    919      10053.66000
    920      -5118.46900
    921     -21490.84000
    922     -21298.78000
    923      -8407.64100
    924      -5127.07800
    925     -25339.77000
    926     -50856.05000
    927     -51776.98000
    928     -28130.09000
    929      -8853.65600
    930     -12632.55000
    931     -30031.45000
    932     -40550.67000
    933     -34346.94000
    934     -20111.81000
    935     -14258.05000
    936     -20256.31000
    937     -24891.42000
    938     -17423.88000
    939       -842.81250
    940      17998.84000
    941      34208.59000
    942      36931.69000
    943      12576.91000
    944     -33065.00000
    945     -68477.38000
    946     -66367.77000
    947     -32892.03000
    948       4083.65600
    949      26394.28000
    950      33899.59000
    951      33427.88000
    952      31230.09000
    953      27877.38000
    954      16566.94000
    955      -4243.37500
    956     -20863.42000
    957     -20478.14000
    958     -10572.22000
    959      -9400.06200
    960     -21897.55000
    961     -33363.42000
    962     -26365.55000
    963      -4077.03100
    964       8774.53100
    965       -891.78120
    966     -11963.03000
    967      -1988.31200
    968      12518.16000
    969       1073.59400
    970     -29828.31000
    971     -46908.06000
    972     -39801.84000
    973     -26876.92000
    974     -20863.59000
    975     -18304.70000
    976     -16876.62000
    977     -20071.70000
    978     -26675.16000
    979     -30517.33000
    980     -30548.94000
    981     -31704.02000
    982     -35097.36000
    983     -35752.62000
    984     -34810.61000
    985     -44645.53000
    986     -70316.81000
    987     -93247.59000
    988     -90882.16000
    989     -68225.03000
    990     -49090.00000
    991     -39391.34000
    992     -25290.52000
    993      -7727.18800
    994      -5817.75000
    995     -18696.75000
    996     -18760.50000
    997       2904.93800
    998      16981.00000
    999       -226.00000
   1000     -31656.25000
   1001     -46466.95000
   1002     -40202.67000
   1003     -31421.98000
   1004     -32739.19000
   1005     -39050.84000
   1006     -39648.23000
   1007     -34453.19000
   1008     -34388.06000
   1009     -43866.03000
   1010     -48525.02000
   1011     -30946.61000
   1012       1125.93800
   1013      16223.31000
   1014      -1843.53100
   1015     -27548.16000
   1016     -23348.16000
   1017      10844.53000
   1018      38605.69000
   1019      34827.97000
   1020      10651.59000
   1021     -10096.25000
   1022     -18971.84000
   1023     -21562.28000
   1024     -22138.00000
   1025     -20516.16000
   1026     -19154.66000
   1027     -21271.09000
   1028     -21170.22000
   1029      -9770.12500
   1030       8069.12500
   1031      16395.69000
   1032       8253.53100
   1033     -10543.38000
   1034     -31976.59000
   1035     -48779.06000
   1036     -58392.89000
   1037     -69160.00000
   1038     -85127.27000
   1039     -88778.83000
   1040     -62938.09000
   1041     -21646.50000
   1042       5258.71900
   1043       8142.68800
   1044        674.25000
   1045       -945.56250
   1046       8753.81200
   1047      21284.41000
   1048      19696.59000
   1049      -6176.71900
   1050     -47711.25000
   1051     -78970.20000
   1052     -74086.38000
   1053     -35083.52000
   1054       2583.31200
   1055       8963.43800
   1056      -4789.21900
   1057      -6592.18800
   1058      14959.75000
   1059      41481.84000
   1060      42026.62000
   1061       -462.37500
   1062     -62884.44000
   1063     -95754.80000
   1064     -80705.30000
   1065     -50488.34000
   1066     -38763.75000
   1067     -40312.91000
   1068     -31335.31000
   1069      -5465.21900
   1070      13828.81000
   1071      -7502.68800
   1072     -66581.23000
   1073    -107712.00000
   1074     -87846.53000
   1075     -36134.62000
   1076      -7797.65600
   1077     -11041.66000
   1078     -20169.50000
   1079     -22752.78000
   1080     -18283.81000
   1081      -5640.59400
   1082       6036.78100
   1083       3768.15600
   1084      -7975.28100
   1085     -16063.81000
   1086     -17663.59000
   1087     -12427.22000
   1088       2947.15600
   1089      16949.44000
   1090       4125.18800
   1091     -40740.39000
   1092     -85121.03000
   1093     -88363.33000
   1094     -45358.20000
   1095       4638.96900
   1096      16607.59000
   1097     -11920.25000
   1098     -40244.12000
   1099     -36931.94000
   1100     -17355.19000
   1101     -14397.03000
   1102     -29138.12000
   1103     -36595.22000
   1104     -28918.53000
   1105     -21519.75000
   1106     -21087.53000
   1107     -17944.56000
   1108      -8965.43800
   1109      -4547.12500
   1110     -14379.25000
   1111     -39924.47000
   1112     -73501.00000
   1113     -97379.19000
   1114     -95373.66000
   1115     -67977.67000
   1116     -27345.22000
   1117      13296.53000
   1118      33312.94000
   1119       9447.28100
   1120     -47448.53000
   1121     -81383.14000
   1122     -51884.86000
   1123       8653.59400
   1124      35468.12000
   1125      14606.69000
   1126     -17033.12000
   1127     -37899.50000
   1128     -55715.11000
   1129     -67413.19000
   1130     -60394.12000
   1131     -47483.03000
   1132     -54101.80000
   1133     -76679.44000
   1134     -87636.72000
   1135     -71883.77000
   1136     -38426.91000
   1137      -8877.68800
   1138       -855.34380
   1139     -10092.44000
   1140     -16302.94000
   1141     -16679.66000
   1142     -30333.38000
   1143     -58689.69000
   1144     -74594.12000
   1145     -64724.11000
   1146     -50090.09000
   1147     -50409.91000
   1148     -56128.09000
   1149     -47277.59000
   1150     -20460.84000
   1151       8570.81200
   1152      17288.12000
   1153      -5275.15600
   1154     -41309.16000
   1155     -55253.56000
   1156     -35503.53000
   1157     -11536.00000
   1158     -11364.78000
   1159     -20497.44000
   1160     -12097.50000
   1161       -216.21880
   1162     -21262.47000
   1163     -70067.81000
   1164     -99534.06000
   1165     -85726.08000
   1166     -54396.94000
   1167     -38137.03000
   1168     -39227.59000
   1169     -41946.06000
   1170     -39539.78000
   1171     -39812.84000
   1172     -49887.47000
   1173     -61566.34000
   1174     -59873.16000
   1175     -47015.91000
   1176     -43164.84000
   1177     -57430.47000
   1178     -73255.72000
   1179     -69502.09000
   1180     -44807.94000
   1181     -15779.88000
   1182       2397.34400
   1183       8635.18800
   1184       8924.90600
   1185       2314.62500
   1186     -14822.28000
   1187     -33474.56000
   1188     -38510.44000
   1189     -31180.56000
   1190     -27373.50000
   1191     -34810.38000
   1192     -49787.84000
   1193     -71262.23000
   1194     -95848.80000
   1195    -103049.20000
   1196     -72107.44000
   1197     -14957.91000
   1198      31083.22000
   1199      44495.66000
   1200      32234.94000
   1201       8038.90600
   1202     -15143.66000
   1203     -23138.53000
   1204     -20758.56000
   1205     -35233.69000
   1206     -69517.64000
   1207     -83656.55000
   1208     -56200.97000
   1209     -22673.91000
   1210     -16813.41000
   1211     -20315.31000
   1212      -7458.03100
   1213       8909.87500
   1214      10064.03000
   1215       5113.68800
   1216       3775.50000
   1217      -4626.56200
   1218     -24611.72000
   1219     -41127.72000
   1220     -44488.66000
   1221     -40800.81000
   1222     -34315.69000
   1223     -23891.38000
   1224     -14207.16000
   1225      -9997.50000
   1226      -6071.06200
   1227        969.56250
   1228       1564.87500
   1229     -11807.47000
   1230     -29614.88000
   1231     -38189.66000
   1232     -38077.50000
   1233     -37141.91000
   1234     -33364.41000
   1235     -19710.28000
