      1      22402.94000
      2      -1815.95600
      3      -5248.94900
      4      -1523.28500
      5     -13811.43000
      6     -37958.80000
      7     -42770.23000
      8     -18988.85000
      9       -542.96510
     10     -16234.36000
     11     -44889.17000
     12     -46706.00000
     13     -23457.87000
     14     -14596.77000
     15     -35680.92000
     16     -54831.38000
     17     -43583.93000
     18     -20203.62000
     19     -18182.42000
     20     -36050.07000
     21     -47902.00000
     22     -45433.84000
     23     -39080.77000
     24     -30700.91000
     25     -13981.62000
     26       4145.38400
     27       6347.42300
     28     -11053.88000
     29     -32462.31000
     30     -42790.12000
     31     -42712.05000
     32     -40908.82000
     33     -39482.19000
     34     -34869.65000
     35     -28757.58000
     36     -26105.29000
     37     -23670.41000
     38     -14623.96000
     39      -4985.67300
     40      -9046.94700
     41     -25594.53000
     42     -35244.74000
     43     -25515.64000
     44      -4974.29100
     45      11478.22000
     46      19764.82000
     47      23195.76000
     48      20165.93000
     49       5122.02800
     50     -18253.84000
     51     -34731.05000
     52     -33213.01000
     53     -18543.44000
     54      -5439.86900
     55      -5812.45500
     56     -19582.07000
     57     -32693.10000
     58     -32343.25000
     59     -27196.30000
     60     -37046.20000
     61     -59718.10000
     62     -70361.00000
     63     -58441.24000
     64     -42323.39000
     65     -39141.50000
     66     -38908.09000
     67     -21079.99000
     68      11046.27000
     69      25708.56000
     70       -243.34180
     71     -46192.21000
     72     -66597.67000
     73     -46427.16000
     74     -16595.25000
     75      -5865.89600
     76      -3765.13900
     77       9924.27500
     78      25266.56000
     79      21677.63000
     80       7227.04900
     81       3635.52500
     82       6504.28300
     83      -5137.89600
     84     -29168.54000
     85     -40626.76000
     86     -27190.94000
     87      -3974.27300
     88       3732.45300
     89     -17445.51000
     90     -60232.66000
     91    -104032.20000
     92    -128907.00000
     93    -122783.30000
     94     -86680.25000
     95     -41260.15000
     96     -14220.70000
     97     -11987.63000
     98     -18620.25000
     99     -23456.77000
    100     -25914.92000
    101     -17632.92000
    102       7848.06100
    103      30959.73000
    104      23391.73000
    105     -12000.88000
    106     -42093.50000
    107     -41086.24000
    108     -14907.05000
    109       6990.11300
    110       2797.71700
    111     -15599.56000
    112     -20358.68000
    113     -12563.45000
    114     -19897.79000
    115     -46225.25000
    116     -64017.84000
    117     -64667.01000
    118     -71801.88000
    119     -92360.47000
    120     -96530.84000
    121     -63451.52000
    122     -17080.44000
    123        647.47070
    124     -22486.52000
    125     -58662.70000
    126     -73084.88000
    127     -61846.28000
    128     -52365.02000
    129     -65457.05000
    130     -87387.91000
    131     -89380.09000
    132     -65694.84000
    133     -38541.98000
    134     -29866.76000
    135     -40010.75000
    136     -50877.30000
    137     -42959.45000
    138     -15017.63000
    139      11375.81000
    140      14716.38000
    141      -3916.38700
    142     -30437.04000
    143     -54181.69000
    144     -61354.74000
    145     -38005.95000
    146       1736.14800
    147      20196.59000
    148       8542.78900
    149        782.39060
    150      16555.59000
    151      28175.00000
    152       9363.82000
    153     -19259.74000
    154     -25052.79000
    155     -16046.60000
    156     -23092.15000
    157     -45772.86000
    158     -53712.64000
    159     -37024.88000
    160     -21681.34000
    161     -30149.48000
    162     -51077.57000
    163     -57122.72000
    164     -39955.25000
    165     -18798.14000
    166     -15515.29000
    167     -28304.07000
    168     -38578.56000
    169     -38190.55000
    170     -34157.70000
    171     -30403.19000
    172     -24998.75000
    173     -23161.27000
    174     -32760.57000
    175     -47363.29000
    176     -50803.25000
    177     -41077.83000
    178     -36325.73000
    179     -50101.97000
    180     -68788.47000
    181     -66843.15000
    182     -41862.14000
    183     -17060.91000
    184      -7305.15200
    185      -2922.23800
    186       7980.33200
    187      20303.49000
    188      20841.79000
    189       4870.57000
    190     -18043.55000
    191     -31641.66000
    192     -32608.25000
    193     -39448.27000
    194     -66578.05000
    195     -95839.98000
    196     -95830.44000
    197     -65232.52000
    198     -33395.67000
    199     -21385.13000
    200     -24613.44000
    201     -28669.27000
    202     -21142.39000
    203       3687.92600
    204      29319.66000
    205      21141.98000
    206     -26056.95000
    207     -64554.88000
    208     -53224.94000
    209     -16983.46000
    210      -5552.85900
    211     -20638.51000
    212     -30327.54000
    213     -27610.27000
    214     -27442.24000
    215     -31008.48000
    216     -30773.50000
    217     -27637.90000
    218     -21010.93000
    219      -7671.60500
    220        786.90230
    221     -12340.84000
    222     -41763.08000
    223     -66662.80000
    224     -76695.44000
    225     -72980.53000
    226     -55158.95000
    227     -24747.61000
    228       4143.96500
    229       8733.66000
    230     -20355.98000
    231     -60029.14000
    232     -71899.78000
    233     -46185.31000
    234     -11314.43000
    235       5586.26600
    236       3206.02300
    237      -9889.12100
    238     -24754.11000
    239     -27079.48000
    240     -14386.16000
    241      -9605.40600
    242     -27173.74000
    243     -44941.07000
    244     -42361.39000
    245     -39212.66000
    246     -58326.02000
    247     -79165.64000
    248     -68519.66000
    249     -31615.62000
    250       1833.60500
    251      17699.86000
    252      16435.84000
    253      -1210.28100
    254     -26330.93000
    255     -43544.77000
    256     -51393.41000
    257     -58423.06000
    258     -59875.68000
    259     -44995.64000
    260     -22308.20000
    261     -12575.19000
    262     -22152.80000
    263     -39980.67000
    264     -50391.45000
    265     -40416.41000
    266     -10649.40000
    267      16438.11000
    268      16711.52000
    269      -6383.69500
    270     -29611.71000
    271     -40687.14000
    272     -43123.64000
    273     -40152.26000
    274     -33875.47000
    275     -31624.96000
    276     -35090.89000
    277     -31929.10000
    278     -13241.28000
    279       7942.92200
    280       8879.52300
    281     -14911.94000
    282     -42415.81000
    283     -49579.52000
    284     -35460.48000
    285     -18909.97000
    286     -10287.49000
    287      -2199.39500
    288       6160.58200
    289      -1607.28100
    290     -29828.68000
    291     -53513.68000
    292     -50922.17000
    293     -34452.26000
    294     -27682.40000
    295     -29498.80000
    296     -23988.58000
    297     -11426.85000
    298      -4404.18800
    299      -3030.02300
    300       1646.29700
    301       6788.43000
    302       2907.34400
    303      -6726.89800
    304     -13494.48000
    305     -22346.57000
    306     -42310.88000
    307     -66090.15000
    308     -76448.70000
    309     -64980.39000
    310     -35367.94000
    311      -2408.30500
    312       9226.73400
    313     -12406.11000
    314     -42547.63000
    315     -43292.68000
    316     -14479.36000
    317       4539.49200
    318     -10478.73000
    319     -36334.00000
    320     -38945.18000
    321     -25372.20000
    322     -33796.91000
    323     -71663.96000
    324     -95491.39000
    325     -71459.41000
    326     -27638.25000
    327     -15703.90000
    328     -41458.33000
    329     -65438.29000
    330     -57979.50000
    331     -26754.24000
    332       1121.35900
    333       6395.83600
    334      -9726.06200
    335     -33238.18000
    336     -53921.15000
    337     -66472.92000
    338     -62505.06000
    339     -41584.49000
    340     -23179.74000
    341     -25203.64000
    342     -40371.91000
    343     -52867.41000
    344     -59009.11000
    345     -54571.08000
    346     -30720.85000
    347        902.84380
    348      11785.38000
    349      -2195.01600
    350     -17587.54000
    351     -24289.91000
    352     -31211.87000
    353     -35811.39000
    354     -29814.45000
    355     -24818.34000
    356     -33327.43000
    357     -42588.36000
    358     -39624.80000
    359     -34930.81000
    360     -36021.46000
    361     -32636.67000
    362     -24405.48000
    363     -25281.16000
    364     -35711.15000
    365     -45474.70000
    366     -54622.31000
    367     -61118.02000
    368     -51912.71000
    369     -31337.98000
    370     -24997.35000
    371     -36545.44000
    372     -37277.99000
    373     -13884.36000
    374       6838.21100
    375      -4152.21900
    376     -35710.55000
    377     -47927.52000
    378     -23514.01000
    379       9578.75000
    380      19835.32000
    381      15117.26000
    382      16599.80000
    383      16646.69000
    384       2139.35200
    385      -6285.14800
    386      16407.64000
    387      51381.62000
    388      57356.51000
    389      26073.77000
    390     -13189.11000
    391     -33635.26000
    392     -33496.72000
    393     -25833.36000
    394     -22624.42000
    395     -28377.13000
    396     -39633.69000
    397     -49113.02000
    398     -54701.80000
    399     -60948.10000
    400     -67925.28000
    401     -68000.71000
    402     -59937.55000
    403     -52057.07000
    404     -43902.12000
    405     -24911.30000
    406       -621.45310
    407       2734.68800
    408     -27041.88000
    409     -68102.37000
    410     -90720.85000
    411     -88705.38000
    412     -75531.16000
    413     -62547.55000
    414     -53300.58000
    415     -50900.04000
    416     -55913.87000
    417     -58980.77000
    418     -50341.02000
    419     -34678.13000
    420     -21899.56000
    421     -11251.43000
    422      -3256.35900
    423     -13140.20000
    424     -45725.12000
    425     -72394.80000
    426     -62706.42000
    427     -26564.88000
    428        701.18750
    429       4415.63300
    430        247.60160
    431       5296.52300
    432      16121.72000
    433      17649.45000
    434       5779.70300
    435      -8630.60900
    436     -17028.82000
    437     -20277.09000
    438     -18414.30000
    439     -12362.17000
    440     -11760.45000
    441     -18937.88000
    442     -17535.05000
    443      -3419.13300
    444      -3580.16400
    445     -32971.34000
    446     -62444.37000
    447     -62484.05000
    448     -47060.45000
    449     -43709.69000
    450     -52564.20000
    451     -60465.06000
    452     -65860.55000
    453     -69778.12000
    454     -65092.27000
    455     -46875.91000
    456     -17866.97000
    457      16117.01000
    458      43665.20000
    459      49887.84000
    460      34101.50000
    461      14633.94000
    462       6126.25800
    463       4015.45300
    464      -4650.47700
    465     -27065.21000
    466     -58581.55000
    467     -78923.41000
    468     -66887.17000
    469     -32305.06000
    470     -14370.59000
    471     -32731.61000
    472     -61335.85000
    473     -65994.50000
    474     -45498.09000
    475     -21291.64000
    476      -6257.65600
    477       2670.27300
    478      13727.84000
    479      30032.45000
    480      41255.43000
    481      27953.94000
    482     -12940.62000
    483     -53678.48000
    484     -66670.66000
    485     -62076.19000
    486     -67754.72000
    487     -81404.71000
    488     -76764.58000
    489     -50389.70000
    490     -26358.78000
    491     -19998.71000
    492     -26073.91000
    493     -33429.75000
    494     -32642.87000
    495     -23400.95000
    496     -19936.04000
    497     -28171.22000
    498     -27077.55000
    499      -1649.13300
    500      23899.17000
    501      19785.65000
    502      -3882.40600
    503     -17086.30000
    504     -12577.66000
    505      -2316.87500
    506       7536.63300
    507      15977.48000
    508      16881.18000
    509       4265.99200
    510     -18705.94000
    511     -37727.55000
    512     -31994.17000
    513       7281.02300
    514      55607.16000
    515      71741.80000
    516      47223.15000
    517      16663.03000
    518       7511.55500
    519       9516.44500
    520       8099.95300
    521      11099.27000
    522      24487.22000
    523      36757.79000
    524      42711.80000
    525      49935.55000
    526      55496.95000
    527      48133.12000
    528      33148.26000
    529      28842.89000
    530      44409.16000
    531      77655.73000
    532     117577.60000
    533     139434.80000
    534     120983.50000
    535      71655.76000
    536      26680.32000
    537      11651.52000
    538      28834.02000
    539      69083.97000
    540     116097.80000
    541     143501.70000
    542     129370.50000
    543      82178.51000
    544      41159.88000
    545      39357.27000
    546      70684.84000
    547     104534.40000
    548     124449.00000
    549     134652.80000
    550     137947.60000
    551     131259.20000
    552     120401.60000
    553     117612.30000
    554     124819.50000
    555     134296.00000
    556     143230.40000
    557     151890.10000
    558     151080.80000
    559     132530.60000
    560     112141.50000
    561     116388.20000
    562     139784.70000
    563     149628.60000
    564     141493.30000
    565     147892.40000
    566     179059.70000
    567     202420.70000
    568     196364.50000
    569     177177.20000
    570     161559.50000
    571     146625.90000
    572     132806.90000
    573     128126.60000
    574     130744.60000
    575     136263.50000
    576     150781.90000
    577     176385.20000
    578     201925.30000
    579     220884.90000
    580     234996.80000
    581     238424.90000
    582     228059.80000
    583     226254.00000
    584     258307.60000
    585     311372.80000
    586     350811.50000
    587     369295.30000
    588     384795.50000
    589     400098.10000
    590     403624.10000
    591     403466.90000
    592     421773.60000
    593     459020.10000
    594     497565.40000
    595     537727.60000
    596     596916.90000
    597     675941.30000
    598     759660.30000
    599     849619.80000
    600     963497.70000
    601    1102168.00000
    602    1254058.00000
    603    1434821.00000
    604    1686448.00000
    605    2031684.00000
    606    2467095.00000
    607    3015022.00000
    608    3744025.00000
    609    4703828.00000
    610    5835350.00000
    611    6948078.00000
    612    7787216.00000
    613    8148148.00000
    614    7970176.00000
    615    7357336.00000
    616    6512406.00000
    617    5622990.00000
    618    4781434.00000
    619    4003864.00000
    620    3310285.00000
    621    2749902.00000
    622    2339710.00000
    623    2028288.00000
    624    1757452.00000
    625    1524143.00000
    626    1346045.00000
    627    1202850.00000
    628    1059108.00000
    629     919819.60000
    630     816010.40000
    631     749229.10000
    632     690615.20000
    633     626825.40000
    634     570325.40000
    635     527409.90000
    636     486792.70000
    637     441507.00000
    638     398289.30000
    639     363309.10000
    640     334409.10000
    641     306733.40000
    642     277071.90000
    643     248702.30000
    644     236662.70000
    645     254957.30000
    646     292413.20000
    647     313809.90000
    648     292494.10000
    649     237612.90000
    650     186988.20000
    651     171364.40000
    652     183746.20000
    653     192712.50000
    654     187763.00000
    655     189362.40000
    656     205859.10000
    657     212082.80000
    658     190411.80000
    659     164401.50000
    660     166492.50000
    661     191497.40000
    662     205900.70000
    663     193806.70000
    664     173436.60000
    665     168315.20000
    666     178403.80000
    667     188359.70000
    668     193030.10000
    669     199624.30000
    670     209509.50000
    671     214430.00000
    672     211136.00000
    673     206094.40000
    674     203995.40000
    675     202827.10000
    676     201938.50000
    677     204726.70000
    678     211137.10000
    679     215774.10000
    680     214337.70000
    681     206510.70000
    682     197464.90000
    683     201256.60000
    684     228524.60000
    685     261581.30000
    686     262348.50000
    687     219986.00000
    688     169193.40000
    689     145806.20000
    690     147369.80000
    691     152969.70000
    692     156122.80000
    693     158356.50000
    694     152803.40000
    695     136121.80000
    696     120413.20000
    697     114813.10000
    698     110903.10000
    699     101244.10000
    700      91943.12000
    701      82884.14000
    702      62939.48000
    703      39252.14000
    704      37157.86000
    705      56008.59000
    706      63614.83000
    707      48794.75000
    708      39077.02000
    709      53001.62000
    710      72249.55000
    711      72987.02000
    712      55497.81000
    713      34584.33000
    714      21949.92000
    715      24024.11000
    716      43055.52000
    717      71331.27000
    718      87827.44000
    719      71468.59000
    720      25791.03000
    721     -15487.06000
    722     -18797.22000
    723      14259.75000
    724      49294.98000
    725      55752.59000
    726      35732.38000
    727      15223.61000
    728      12086.50000
    729      21622.06000
    730      32887.02000
    731      42816.64000
    732      46547.61000
    733      31839.88000
    734      -1163.50000
    735     -27711.58000
    736     -22496.08000
    737      11278.64000
    738      47413.61000
    739      64008.42000
    740      59371.88000
    741      50177.19000
    742      56407.84000
    743      78200.36000
    744      90277.45000
    745      72212.22000
    746      38483.62000
    747      23211.48000
    748      40567.44000
    749      72933.59000
    750      93693.30000
    751      94359.98000
    752      90473.62000
    753      98841.36000
    754     111493.00000
    755     106846.90000
    756      83554.94000
    757      60428.59000
    758      46530.03000
    759      37521.64000
    760      35485.58000
    761      45549.89000
    762      58274.02000
    763      56880.41000
    764      39171.66000
    765      21505.75000
    766      21752.38000
    767      35765.52000
    768      31854.12000
    769     -14409.50000
    770     -78285.81000
    771    -104727.40000
    772     -74971.11000
    773     -25583.20000
    774       5476.85900
    775      19657.92000
    776      34161.11000
    777      49530.16000
    778      56470.27000
    779      49582.75000
    780      24550.28000
    781     -13063.95000
    782     -34794.05000
    783     -17501.91000
    784      17858.00000
    785      31173.92000
    786      18686.19000
    787       6618.23400
    788       4132.32800
    789        462.95310
    790      -7874.31200
    791     -18315.95000
    792     -32224.84000
    793     -43119.72000
    794     -36826.81000
    795     -15547.88000
    796        416.37500
    797       1002.81200
    798      -2484.82800
    799       2079.21900
    800       9783.14100
    801       6624.92200
    802      -9461.46900
    803     -23315.08000
    804     -22913.50000
    805     -15318.27000
    806     -12416.02000
    807     -13696.11000
    808     -16493.92000
    809     -26340.55000
    810     -40155.48000
    811     -39023.78000
    812     -19404.20000
    813     -12633.19000
    814     -44250.67000
    815     -84954.28000
    816     -76871.12000
    817     -13384.84000
    818      40126.58000
    819      25425.25000
    820     -33241.22000
    821     -64202.67000
    822     -44905.33000
    823     -22042.86000
    824     -33040.03000
    825     -52365.31000
    826     -39061.14000
    827      -2548.10900
    828      14218.94000
    829      -3227.48400
    830     -30005.50000
    831     -41146.61000
    832     -32580.64000
    833     -12954.42000
    834       1893.78100
    835      -1811.42200
    836     -15322.11000
    837     -14853.47000
    838      -1843.95300
    839      -6014.26600
    840     -34179.39000
    841     -52020.17000
    842     -34378.39000
    843       1884.50000
    844      29438.47000
    845      39599.20000
    846      31811.56000
    847       8759.12500
    848     -14243.28000
    849     -22844.62000
    850     -20429.67000
    851     -12869.84000
    852       1132.79700
    853       9987.39100
    854      -5630.12500
    855     -34539.06000
    856     -42501.23000
    857     -25876.69000
    858     -14718.72000
    859     -20551.75000
    860     -26324.30000
    861     -28012.86000
    862     -41502.30000
    863     -65468.56000
    864     -74226.70000
    865     -54197.61000
    866     -23748.92000
    867      -9110.06200
    868     -13287.56000
    869     -18385.00000
    870     -16100.33000
    871     -21251.97000
    872     -44802.86000
    873     -68778.28000
    874     -68926.22000
    875     -49230.62000
    876     -29816.88000
    877     -15913.06000
    878      -5404.67200
    879      -8284.84400
    880     -28949.42000
    881     -49250.80000
    882     -54460.88000
    883     -50502.83000
    884     -37509.33000
    885      -4798.12500
    886      30162.75000
    887      25574.30000
    888     -21991.41000
    889     -65399.02000
    890     -72552.88000
    891     -58634.66000
    892     -44508.81000
    893     -29727.86000
    894     -14531.72000
    895      -8070.82800
    896      -8493.73400
    897      -6960.15600
    898     -12330.11000
    899     -41822.64000
    900     -83902.73000
    901     -99084.62000
    902     -71073.86000
    903     -36939.08000
    904     -43601.83000
    905     -81314.81000
    906     -90563.73000
    907     -45087.17000
    908       4044.73400
    909      -3721.42200
    910     -52543.80000
    911     -75930.41000
    912     -51560.28000
    913     -19893.38000
    914     -16207.03000
    915     -33168.95000
    916     -48797.41000
    917     -53521.77000
    918     -51415.45000
    919     -52561.17000
    920     -56630.44000
    921     -50114.92000
    922     -37065.19000
    923     -43078.27000
    924     -62954.42000
    925     -53793.97000
    926     -10385.70000
    927      13083.69000
    928     -15596.47000
    929     -65414.56000
    930     -97477.53000
    931    -104185.20000
    932     -92472.73000
    933     -74876.25000
    934     -65907.80000
    935     -60099.81000
    936     -39694.00000
    937     -12682.39000
    938      -5175.28100
    939     -16628.47000
    940     -21429.08000
    941      -9543.57800
    942       5356.60900
    943      10597.30000
    944       7594.93800
    945       5082.10900
    946       6551.01600
    947       3772.76600
    948     -13006.77000
    949     -38740.73000
    950     -56222.36000
    951     -54693.62000
    952     -40434.58000
    953     -30493.42000
    954     -35806.64000
    955     -47775.48000
    956     -47659.91000
    957     -33389.53000
    958     -24715.89000
    959     -33802.11000
    960     -44609.55000
    961     -35582.20000
    962     -12910.06000
    963      -3563.78100
    964     -18342.47000
    965     -40271.08000
    966     -51421.70000
    967     -52314.31000
    968     -49837.39000
    969     -44762.91000
    970     -39611.39000
    971     -41965.52000
    972     -50404.95000
    973     -52607.06000
    974     -47198.45000
    975     -49656.61000
    976     -61204.05000
    977     -53711.58000
    978     -12041.72000
    979      29880.38000
    980      31246.58000
    981       2570.43800
    982     -19689.50000
    983     -33604.41000
    984     -58676.45000
    985     -83129.48000
    986     -75829.75000
    987     -40307.50000
    988     -16087.59000
    989     -28752.19000
    990     -63029.77000
    991     -85949.19000
    992     -84035.64000
    993     -71086.80000
    994     -61634.25000
    995     -51985.19000
    996     -35886.09000
    997     -21803.45000
    998     -21052.80000
    999     -30715.42000
   1000     -37883.23000
   1001     -34434.19000
   1002     -25843.56000
   1003     -25704.88000
   1004     -37515.98000
   1005     -47752.25000
   1006     -42266.73000
   1007     -19428.19000
   1008      12423.45000
   1009      35019.61000
   1010      26977.42000
   1011     -10992.39000
   1012     -51807.97000
   1013     -73058.78000
   1014     -71893.34000
   1015     -52763.06000
   1016     -29478.48000
   1017     -26142.59000
   1018     -48135.70000
   1019     -72113.22000
   1020     -80421.78000
   1021     -76512.12000
   1022     -65131.19000
   1023     -51218.03000
   1024     -47665.95000
   1025     -55027.77000
   1026     -54258.31000
   1027     -36918.83000
   1028     -13954.95000
   1029       7600.09400
   1030      24568.67000
   1031      26512.59000
   1032      13613.09000
   1033       2965.28100
   1034      -2197.26600
   1035     -16837.14000
   1036     -39523.33000
   1037     -53083.17000
   1038     -59144.81000
   1039     -71661.94000
   1040     -84121.22000
   1041     -81438.59000
   1042     -70618.95000
   1043     -67215.73000
   1044     -69619.73000
   1045     -71512.34000
   1046     -75565.64000
   1047     -76968.16000
   1048     -62779.92000
   1049     -40079.20000
   1050     -33638.88000
   1051     -48058.12000
   1052     -60847.14000
   1053     -53093.31000
   1054     -24156.47000
   1055      13971.94000
   1056      39461.30000
   1057      35304.50000
   1058      12684.70000
   1059      -1185.03100
   1060       -317.20310
   1061      -1571.62500
   1062     -14137.61000
   1063     -30185.62000
   1064     -39310.61000
   1065     -36954.30000
   1066     -27043.28000
   1067     -21715.31000
   1068     -28552.22000
   1069     -40214.70000
   1070     -44500.98000
   1071     -37440.52000
   1072     -23420.67000
   1073     -13492.75000
   1074     -19977.55000
   1075     -39892.58000
   1076     -52619.44000
   1077     -46106.69000
   1078     -31158.05000
   1079     -20967.02000
   1080     -16433.52000
   1081     -18432.53000
   1082     -31820.41000
   1083     -50837.36000
   1084     -60909.52000
   1085     -57822.53000
   1086     -49597.50000
   1087     -42636.38000
   1088     -37896.30000
   1089     -33236.45000
   1090     -22023.95000
   1091      -1685.95300
   1092      13099.38000
   1093       2065.59400
   1094     -33383.84000
   1095     -69566.88000
   1096     -87202.14000
   1097     -85476.30000
   1098     -72331.45000
   1099     -53218.67000
   1100     -30273.66000
   1101      -7590.32800
   1102       4213.35900
   1103      -4710.01600
   1104     -26768.91000
   1105     -39879.14000
   1106     -37774.91000
   1107     -42554.09000
   1108     -70070.55000
   1109     -98063.78000
   1110     -92431.61000
   1111     -56085.03000
   1112     -25690.16000
   1113     -20877.33000
   1114     -21615.33000
   1115      -3795.18800
   1116      22782.11000
   1117      29741.42000
   1118      13362.11000
   1119       -950.12500
   1120       2161.23400
   1121       8500.03100
   1122       1796.20300
   1123     -12765.83000
   1124     -23061.88000
   1125     -26469.59000
   1126     -23182.56000
   1127     -14287.86000
   1128     -11518.02000
   1129     -27023.50000
   1130     -51823.05000
   1131     -63842.16000
   1132     -55117.61000
   1133     -35881.69000
   1134     -18984.83000
   1135     -10213.33000
   1136      -4609.23400
   1137       8844.20300
   1138      27860.75000
   1139      31815.84000
   1140      11604.20000
   1141     -12458.44000
   1142     -20222.48000
   1143     -19186.05000
   1144     -25626.92000
   1145     -37899.03000
   1146     -43026.17000
   1147     -35512.86000
   1148     -21815.97000
   1149     -13353.52000
   1150     -15020.86000
   1151     -20574.81000
   1152     -25812.84000
   1153     -38430.50000
   1154     -60642.55000
   1155     -74441.88000
   1156     -63573.84000
   1157     -39539.42000
   1158     -26891.47000
   1159     -31356.00000
   1160     -38307.17000
   1161     -36886.05000
   1162     -30943.91000
   1163     -25540.55000
   1164     -16479.62000
   1165      -2295.03100
   1166       4375.15600
   1167      -6293.96900
   1168     -21235.14000
   1169     -20763.84000
   1170      -7731.75000
   1171      -2428.03100
   1172     -16837.78000
   1173     -47439.88000
   1174     -79168.56000
   1175     -87176.53000
   1176     -56947.17000
   1177     -12019.02000
   1178       4189.71900
   1179     -15689.56000
   1180     -32816.36000
   1181     -19041.50000
   1182       4702.09400
   1183       4320.09400
   1184     -17231.33000
   1185     -30351.25000
   1186     -24557.58000
   1187     -15946.59000
   1188     -13767.33000
   1189      -8811.59400
   1190         80.18750
   1191      -5639.28100
   1192     -35708.25000
   1193     -68849.88000
   1194     -75463.47000
   1195     -54155.47000
   1196     -31700.44000
   1197     -27474.47000
   1198     -31031.27000
   1199     -23331.88000
   1200      -9620.96900
   1201     -11632.41000
   1202     -29588.27000
   1203     -37997.95000
   1204     -25871.02000
   1205     -15459.30000
   1206     -26815.33000
   1207     -44754.73000
   1208     -40216.58000
   1209     -10923.52000
   1210      19825.91000
   1211      38128.25000
   1212      49955.09000
   1213      56590.72000
   1214      44686.94000
   1215       9667.59400
   1216     -31582.45000
   1217     -59726.36000
   1218     -68173.67000
   1219     -58797.17000
   1220     -40877.80000
   1221     -30759.19000
   1222     -35148.50000
   1223     -41920.94000
   1224     -38452.08000
   1225     -26557.20000
   1226     -14309.81000
   1227      -7766.93800
   1228     -10260.72000
   1229     -18220.52000
   1230     -24810.16000
   1231     -30659.42000
   1232     -37023.58000
   1233     -36529.39000
   1234     -30466.00000
   1235     -36613.88000
