      1     -15581.48000
      2     -11853.44000
      3      -8545.37500
      4      -4507.87500
      5      -4043.51600
      6      -9095.47700
      7     -13041.27000
      8      -9327.50000
      9      -1605.32800
     10       1838.56200
     11        188.00000
     12       -850.64060
     13        195.96880
     14       -961.56250
     15      -5293.06200
     16      -8253.97700
     17      -8123.39800
     18      -8172.05500
     19      -8940.09400
     20      -7078.14800
     21      -3264.62500
     22      -2733.09400
     23      -7192.17200
     24     -13406.12000
     25     -18498.62000
     26     -20902.50000
     27     -19306.93000
     28     -15460.28000
     29     -14130.50000
     30     -16823.04000
     31     -19236.73000
     32     -17152.05000
     33     -12244.95000
     34     -10210.26000
     35     -13503.12000
     36     -17505.94000
     37     -16526.04000
     38     -12503.16000
     39     -12249.86000
     40     -15949.69000
     41     -15942.44000
     42      -9135.98400
     43      -2580.96900
     44      -2680.45300
     45      -6381.93800
     46      -8577.25000
     47     -10952.51000
     48     -15972.06000
     49     -18873.88000
     50     -15199.09000
     51     -10771.15000
     52     -13490.05000
     53     -19742.55000
     54     -20169.17000
     55     -15123.10000
     56     -13172.48000
     57     -16987.57000
     58     -21154.80000
     59     -21799.18000
     60     -19461.33000
     61     -14802.03000
     62      -9174.64100
     63      -6598.37500
     64      -8972.21900
     65     -13078.90000
     66     -16467.15000
     67     -20493.06000
     68     -24336.50000
     69     -23664.88000
     70     -18244.91000
     71     -13517.19000
     72     -13106.42000
     73     -16074.05000
     74     -20437.73000
     75     -23420.36000
     76     -21618.31000
     77     -16473.71000
     78     -14895.07000
     79     -19561.67000
     80     -23868.45000
     81     -21115.90000
     82     -13887.84000
     83     -10081.42000
     84     -13120.87000
     85     -19443.51000
     86     -23052.88000
     87     -20253.20000
     88     -12854.67000
     89      -8294.32800
     90     -12520.20000
     91     -21124.84000
     92     -23067.05000
     93     -15239.60000
     94      -7055.68800
     95      -7865.34400
     96     -15742.82000
     97     -21761.89000
     98     -20952.19000
     99     -16125.19000
    100     -12446.77000
    101     -10506.03000
    102      -6691.29700
    103       -365.40620
    104       3277.48400
    105       -248.75000
    106      -8924.84400
    107     -17081.80000
    108     -20714.52000
    109     -18557.19000
    110     -11839.25000
    111      -5008.62500
    112      -3362.53100
    113      -7677.23400
    114     -13274.66000
    115     -15741.87000
    116     -14984.07000
    117     -12865.44000
    118     -10643.73000
    119      -9633.92200
    120     -10332.00000
    121     -10616.98000
    122      -8995.93800
    123      -8059.28100
    124     -10198.92000
    125     -13119.33000
    126     -14376.75000
    127     -15674.78000
    128     -17921.27000
    129     -17624.22000
    130     -12891.28000
    131      -7666.46900
    132      -5832.48400
    133      -6290.23400
    134      -7631.98400
    135     -12255.17000
    136     -20914.03000
    137     -27695.85000
    138     -26541.05000
    139     -19735.87000
    140     -14239.64000
    141     -12641.84000
    142     -13474.34000
    143     -16673.91000
    144     -21884.48000
    145     -24489.50000
    146     -20198.82000
    147     -11962.23000
    148      -6810.34400
    149      -6895.64100
    150      -8038.73400
    151      -6587.00000
    152      -3495.51600
    153      -1064.68800
    154        491.89060
    155       1571.09400
    156       1117.56200
    157      -1970.28100
    158      -6827.87500
    159     -10733.36000
    160     -10964.08000
    161      -8115.00000
    162      -7409.78100
    163     -13112.39000
    164     -21629.45000
    165     -24858.06000
    166     -20281.92000
    167     -13302.53000
    168     -10281.02000
    169     -12638.69000
    170     -16629.78000
    171     -17587.66000
    172     -15964.06000
    173     -16758.58000
    174     -20060.50000
    175     -18510.46000
    176      -9614.06200
    177      -2249.68800
    178      -3470.79700
    179      -7750.12500
    180      -7313.17200
    181      -4420.56200
    182      -5235.70300
    183      -9074.06200
    184     -11331.94000
    185     -11696.84000
    186     -12886.48000
    187     -13937.06000
    188     -10532.31000
    189      -2757.98400
    190       1792.42200
    191      -3237.39100
    192     -13486.70000
    193     -18821.02000
    194     -16154.75000
    195     -11009.86000
    196      -7906.23400
    197      -6264.09400
    198      -4919.67200
    199      -4671.18800
    200      -6495.79700
    201     -10189.06000
    202     -13914.72000
    203     -15023.86000
    204     -13856.45000
    205     -14869.03000
    206     -20172.12000
    207     -24968.07000
    208     -24416.81000
    209     -21240.11000
    210     -20402.37000
    211     -20315.94000
    212     -16627.05000
    213     -11125.86000
    214      -8573.32800
    215      -7719.50000
    216      -4433.62500
    217      -1426.17200
    218      -5148.35900
    219     -13752.16000
    220     -17698.80000
    221     -13394.50000
    222      -8146.42200
    223      -9241.98400
    224     -14549.64000
    225     -17352.58000
    226     -15881.78000
    227     -13942.72000
    228     -14406.69000
    229     -16252.31000
    230     -17948.41000
    231     -20649.31000
    232     -26041.16000
    233     -31571.16000
    234     -30797.69000
    235     -21052.89000
    236      -8967.26600
    237      -4355.43800
    238      -9371.18800
    239     -17301.28000
    240     -20993.64000
    241     -18903.44000
    242     -13989.64000
    243      -9742.39100
    244      -7045.43800
    245      -4560.25000
    246      -2763.98400
    247      -5239.90600
    248     -13077.58000
    249     -20474.39000
    250     -20188.47000
    251     -12640.86000
    252      -5928.14100
    253      -5904.51600
    254      -9414.04700
    255     -10051.14000
    256      -8100.59400
    257      -9930.87500
    258     -18194.48000
    259     -27484.10000
    260     -30028.66000
    261     -23081.73000
    262     -11551.53000
    263      -4449.15600
    264      -6640.84400
    265     -14384.02000
    266     -20679.44000
    267     -21890.88000
    268     -17422.56000
    269      -8965.67200
    270      -2607.20300
    271      -4417.95300
    272     -11690.48000
    273     -15731.70000
    274     -14111.34000
    275     -12330.97000
    276     -13124.62000
    277     -12559.92000
    278      -8162.34400
    279      -3659.42200
    280      -2887.70300
    281      -4463.07800
    282      -5967.18800
    283      -8690.15600
    284     -13509.39000
    285     -16099.28000
    286     -12613.41000
    287      -7256.87500
    288      -7336.04700
    289     -12596.05000
    290     -15796.58000
    291     -12968.55000
    292      -7974.09400
    293      -7221.46900
    294     -12988.78000
    295     -21650.64000
    296     -26518.49000
    297     -22766.62000
    298     -11403.05000
    299        508.45310
    300       4843.50000
    301        211.03120
    302      -6031.98400
    303      -6677.62500
    304      -3935.39100
    305      -4641.64100
    306      -8216.17200
    307      -7530.04700
    308      -1854.42200
    309        129.62500
    310      -6825.96900
    311     -16468.94000
    312     -19800.86000
    313     -15695.48000
    314      -8882.51600
    315      -2907.35900
    316        436.34380
    317       -805.03120
    318      -6300.32800
    319     -11058.94000
    320      -9400.21900
    321      -1498.25000
    322       5819.12500
    323       6276.71900
    324       1590.46900
    325      -1228.40600
    326          7.62500
    327        249.67190
    328      -3841.71900
    329      -8864.23400
    330     -10572.95000
    331      -8699.42200
    332      -4770.21900
    333       -954.45310
    334       -730.67190
    335      -4884.01600
    336      -8441.39100
    337      -6655.03100
    338      -1561.23400
    339       1432.32800
    340        656.18750
    341      -1338.31200
    342      -2224.68800
    343      -2553.17200
    344      -3991.51600
    345      -5792.76600
    346      -5421.18800
    347      -3464.35900
    348      -3935.45300
    349      -7839.15600
    350     -11087.38000
    351     -10173.83000
    352      -5595.48400
    353       -160.65620
    354       2032.98400
    355      -2032.51600
    356      -9393.75000
    357     -13447.38000
    358     -13128.94000
    359     -13298.91000
    360     -15772.31000
    361     -17642.16000
    362     -17336.16000
    363     -15000.03000
    364      -9671.26600
    365      -2671.39100
    366        -71.90625
    367      -5637.64100
    368     -14204.33000
    369     -16401.98000
    370      -8671.71900
    371       3048.20300
    372       9015.04700
    373       4783.31200
    374      -5465.04700
    375     -14549.34000
    376     -18771.34000
    377     -17706.83000
    378     -11814.92000
    379      -3876.84400
    380        400.81250
    381      -2058.35900
    382      -7293.54700
    383      -9467.64100
    384      -8621.51600
    385      -8689.32800
    386      -9880.17200
    387      -8933.18800
    388      -5832.64100
    389      -3996.42200
    390      -3900.34400
    391      -2459.64100
    392        797.65620
    393       2058.71900
    394       -895.54690
    395      -4817.46900
    396      -5003.43800
    397      -1139.81200
    398       2751.81200
    399       3183.96900
    400        -51.71875
    401      -5116.56200
    402      -9424.57800
    403     -10240.16000
    404      -7101.45300
    405      -3799.62500
    406      -4573.79700
    407      -7720.12500
    408      -6758.23400
    409        -62.18750
    410       5025.79700
    411       2154.23400
    412      -4049.01600
    413      -5006.07800
    414      -1697.21900
    415      -1691.73400
    416      -5347.21900
    417      -5873.06200
    418      -2128.40600
    419       -665.96880
    420      -4679.35900
    421      -9387.01600
    422      -8915.71900
    423      -2345.45300
    424       6785.53100
    425      13585.16000
    426      15448.98000
    427      14427.81000
    428      14679.12000
    429      17094.06000
    430      18343.47000
    431      16236.11000
    432      13931.06000
    433      15935.05000
    434      20229.78000
    435      19012.25000
    436      10045.91000
    437       2201.60900
    438       4231.87500
    439      12084.31000
    440      14510.83000
    441       8345.14100
    442        813.75000
    443      -1334.78100
    444       2126.92200
    445       7953.89100
    446      11931.72000
    447      10155.84000
    448       3570.56200
    449       -691.09380
    450       2446.46900
    451       9087.04700
    452      12332.33000
    453      11576.44000
    454      10922.20000
    455      12272.45000
    456      15603.80000
    457      21834.69000
    458      29295.03000
    459      31536.42000
    460      25087.06000
    461      15819.78000
    462      11901.89000
    463      14304.20000
    464      18976.56000
    465      23986.14000
    466      29324.19000
    467      32957.80000
    468      32019.89000
    469      27580.52000
    470      25204.44000
    471      28984.69000
    472      36077.52000
    473      39791.83000
    474      38098.55000
    475      35572.77000
    476      36807.38000
    477      42032.47000
    478      49685.86000
    479      59212.83000
    480      69500.81000
    481      76901.27000
    482      77163.83000
    483      70271.50000
    484      62387.64000
    485      60741.28000
    486      66341.31000
    487      73292.36000
    488      75635.66000
    489      73857.38000
    490      74389.23000
    491      82345.30000
    492      94951.48000
    493     104186.90000
    494     105875.10000
    495     103400.20000
    496     102424.60000
    497     105568.00000
    498     112388.90000
    499     121114.80000
    500     129312.40000
    501     135245.70000
    502     139883.10000
    503     146346.40000
    504     156453.00000
    505     168782.80000
    506     181589.20000
    507     195881.20000
    508     213341.50000
    509     232923.50000
    510     251934.00000
    511     269099.10000
    512     285322.80000
    513     303965.90000
    514     330081.10000
    515     365772.70000
    516     407044.70000
    517     448792.90000
    518     491582.00000
    519     539751.80000
    520     594175.60000
    521     649294.90000
    522     696223.90000
    523     727381.00000
    524     739860.50000
    525     735929.90000
    526     720011.40000
    527     694572.00000
    528     659665.10000
    529     617083.90000
    530     572426.90000
    531     530360.40000
    532     490580.70000
    533     452493.70000
    534     420178.70000
    535     396874.80000
    536     378186.90000
    537     357582.10000
    538     336057.60000
    539     320218.20000
    540     312324.90000
    541     306944.20000
    542     297202.00000
    543     282007.20000
    544     266661.80000
    545     257003.10000
    546     254041.60000
    547     254726.60000
    548     255730.20000
    549     254750.10000
    550     250644.60000
    551     245122.80000
    552     242915.40000
    553     247401.70000
    554     256236.80000
    555     263591.80000
    556     267408.10000
    557     271833.80000
    558     280515.20000
    559     290219.40000
    560     294684.20000
    561     293366.20000
    562     293003.10000
    563     301163.50000
    564     319896.10000
    565     344497.80000
    566     367221.20000
    567     383356.30000
    568     395550.30000
    569     412285.50000
    570     440332.10000
    571     477187.70000
    572     513176.70000
    573     543275.20000
    574     573430.00000
    575     612160.60000
    576     660281.10000
    577     713004.20000
    578     767818.10000
    579     825973.20000
    580     888084.10000
    581     950029.40000
    582    1002128.00000
    583    1033460.00000
    584    1038516.00000
    585    1018445.00000
    586     975882.90000
    587     911687.10000
    588     828415.30000
    589     735098.90000
    590     644957.20000
    591     566350.20000
    592     497945.50000
    593     434478.30000
    594     374516.90000
    595     320438.80000
    596     274771.40000
    597     239132.50000
    598     213737.40000
    599     196320.20000
    600     182594.00000
    601     167580.40000
    602     147601.50000
    603     124299.80000
    604     104736.40000
    605      93420.30000
    606      87262.23000
    607      81575.17000
    608      76177.84000
    609      72369.11000
    610      69112.34000
    611      64834.86000
    612      59689.19000
    613      55242.27000
    614      53189.97000
    615      52807.23000
    616      50456.69000
    617      45280.42000
    618      42842.23000
    619      47439.48000
    620      53520.59000
    621      51791.33000
    622      42411.58000
    623      35435.88000
    624      37751.59000
    625      44658.03000
    626      46644.50000
    627      41604.92000
    628      36467.33000
    629      36791.70000
    630      39716.55000
    631      40190.72000
    632      39152.48000
    633      40174.25000
    634      42191.78000
    635      42053.33000
    636      40881.77000
    637      41385.69000
    638      41728.47000
    639      38511.03000
    640      33911.28000
    641      33790.12000
    642      38665.02000
    643      41331.59000
    644      35992.20000
    645      27151.58000
    646      24762.83000
    647      30623.27000
    648      35707.89000
    649      32974.39000
    650      25922.80000
    651      21200.05000
    652      19767.91000
    653      19414.34000
    654      19687.00000
    655      20521.06000
    656      20682.41000
    657      19573.31000
    658      17110.33000
    659      12577.14000
    660       7397.60900
    661       6588.50000
    662      13012.95000
    663      22597.20000
    664      28819.16000
    665      29424.56000
    666      26421.36000
    667      22536.20000
    668      19751.41000
    669      19220.80000
    670      21309.95000
    671      25922.94000
    672      31809.55000
    673      35812.97000
    674      35376.92000
    675      31979.72000
    676      29710.16000
    677      30757.36000
    678      34520.23000
    679      40324.88000
    680      48414.19000
    681      58083.94000
    682      66220.78000
    683      68319.20000
    684      61955.59000
    685      50675.55000
    686      43238.78000
    687      45654.77000
    688      53936.22000
    689      58501.69000
    690      56089.77000
    691      52709.53000
    692      53865.41000
    693      57101.36000
    694      56714.06000
    695      52089.75000
    696      48145.45000
    697      48417.45000
    698      50482.80000
    699      50296.98000
    700      48969.83000
    701      50393.12000
    702      53841.56000
    703      55719.52000
    704      56272.86000
    705      56723.58000
    706      54425.09000
    707      49656.53000
    708      49558.34000
    709      55487.92000
    710      56529.44000
    711      46220.11000
    712      35070.39000
    713      36034.86000
    714      46594.19000
    715      53490.91000
    716      48890.05000
    717      37343.06000
    718      30184.59000
    719      33318.61000
    720      39914.38000
    721      39058.91000
    722      30283.05000
    723      22273.50000
    724      19231.89000
    725      17464.98000
    726      14265.55000
    727      11999.12000
    728      13279.70000
    729      17084.94000
    730      20061.94000
    731      19894.23000
    732      17138.05000
    733      13831.75000
    734      11518.81000
    735      11431.70000
    736      13653.55000
    737      15100.17000
    738      12927.55000
    739       9850.60900
    740      10013.45000
    741      11817.64000
    742      12098.72000
    743      12555.11000
    744      14259.22000
    745      13084.61000
    746       7818.93800
    747       3786.84400
    748       3291.59400
    749       3016.04700
    750       3142.59400
    751       7011.20300
    752      11554.80000
    753      10373.67000
    754       5424.64100
    755       4727.34400
    756       9552.20300
    757      12190.03000
    758       6251.20300
    759      -4916.96900
    760     -10677.28000
    761      -4631.71900
    762       6758.15600
    763      11379.27000
    764       7116.98400
    765       3234.14100
    766       5221.70300
    767       7097.43800
    768       2589.17200
    769      -3932.64100
    770      -4419.17200
    771        -65.67188
    772       1135.43800
    773      -2226.93800
    774      -3532.06200
    775       -447.84380
    776       1606.53100
    777        514.51560
    778       1071.00000
    779       4001.70300
    780       2731.93800
    781      -3900.15600
    782      -6686.35900
    783       -162.51560
    784       7842.73400
    785       7790.54700
    786       1876.42200
    787      -1339.59400
    788        -69.34375
    789        226.48440
    790      -3351.87500
    791      -6936.70300
    792      -5714.17200
    793      -1041.54700
    794         85.62500
    795      -6393.09400
    796     -15202.20000
    797     -17571.09000
    798     -12472.62000
    799      -7022.03100
    800      -6551.62500
    801      -9953.12500
    802     -13988.67000
    803     -16675.33000
    804     -17072.64000
    805     -15709.58000
    806     -14211.47000
    807     -12770.17000
    808     -10384.11000
    809      -8154.93800
    810      -8774.32800
    811     -11822.89000
    812     -12684.62000
    813      -7906.67200
    814       -283.15620
    815       3537.79700
    816        758.35940
    817      -4858.95300
    818      -8928.10900
    819     -10977.52000
    820     -11096.30000
    821      -7711.87500
    822      -2226.64100
    823       -116.75000
    824      -3178.40600
    825      -5454.75000
    826      -1052.59400
    827       6940.31200
    828       8848.01600
    829       -430.84380
    830     -14083.53000
    831     -19258.89000
    832     -11278.33000
    833        770.90620
    834       4642.57800
    835      -2422.32800
    836     -14097.27000
    837     -23211.66000
    838     -25528.91000
    839     -19599.78000
    840      -8476.06200
    841         16.23438
    842       -741.68750
    843      -9674.45300
    844     -19500.70000
    845     -23859.73000
    846     -21524.80000
    847     -15579.58000
    848     -10515.64000
    849      -8442.45300
    850      -7041.06200
    851      -3469.37500
    852        369.15620
    853        506.25000
    854      -2763.15600
    855      -6557.31200
    856     -10782.17000
    857     -15618.86000
    858     -17352.81000
    859     -13654.75000
    860      -9105.26600
    861      -9129.96900
    862     -12612.03000
    863     -15482.44000
    864     -16713.91000
    865     -16766.20000
    866     -15149.88000
    867     -12684.50000
    868     -11805.61000
    869     -12786.41000
    870     -13540.03000
    871     -13787.19000
    872     -15450.08000
    873     -18313.52000
    874     -19128.23000
    875     -16555.50000
    876     -14129.28000
    877     -15698.77000
    878     -19457.14000
    879     -20135.03000
    880     -16911.86000
    881     -14502.80000
    882     -15245.59000
    883     -15689.80000
    884     -13590.56000
    885     -12149.08000
    886     -13373.33000
    887     -13092.05000
    888      -7606.70300
    889       -618.56250
    890       1792.10900
    891        -86.59375
    892      -1236.62500
    893      -1018.84400
    894      -4836.00000
    895     -14696.03000
    896     -23112.09000
    897     -21627.09000
    898     -12519.33000
    899      -5747.71900
    900      -5899.95300
    901      -8528.42200
    902      -8470.42200
    903      -6097.45300
    904      -5411.03100
    905      -9111.75000
    906     -15355.38000
    907     -19296.28000
    908     -19012.06000
    909     -17793.23000
    910     -19063.67000
    911     -22536.23000
    912     -25898.52000
    913     -25895.89000
    914     -19513.42000
    915      -9586.54700
    916      -5094.06200
    917      -9646.62500
    918     -15662.22000
    919     -15716.80000
    920     -11897.53000
    921      -8861.15600
    922      -6579.20300
    923      -4613.68800
    924      -5230.17200
    925      -8605.57800
    926     -11299.14000
    927     -11295.67000
    928     -10054.44000
    929      -9425.75000
    930      -9713.17200
    931     -10614.41000
    932     -12361.80000
    933     -15397.81000
    934     -18576.42000
    935     -18742.03000
    936     -14426.92000
    937      -9265.79700
    938      -8795.54700
    939     -13971.45000
    940     -20249.55000
    941     -23215.36000
    942     -23213.72000
    943     -23448.16000
    944     -24631.41000
    945     -24081.38000
    946     -20627.94000
    947     -17164.72000
    948     -16669.78000
    949     -18658.47000
    950     -20665.66000
    951     -20114.91000
    952     -15146.20000
    953      -7501.92200
    954      -3140.17200
    955      -5803.45300
    956     -12025.03000
    957     -15999.00000
    958     -16470.11000
    959     -15950.12000
    960     -16265.28000
    961     -17495.28000
    962     -19279.94000
    963     -21110.00000
    964     -21494.14000
    965     -18369.06000
    966     -12014.36000
    967      -6284.23400
    968      -4504.32800
    969      -6304.75000
    970     -10511.25000
    971     -16237.27000
    972     -19565.75000
    973     -16839.59000
    974     -11881.47000
    975     -10856.78000
    976     -11778.53000
    977      -9122.43800
    978      -4434.51600
    979      -2794.60900
    980      -5006.73400
    981     -10017.31000
    982     -16889.56000
    983     -21175.39000
    984     -18761.28000
    985     -13413.17000
    986     -11842.97000
    987     -14139.36000
    988     -15998.12000
    989     -15649.70000
    990     -13863.02000
    991     -11750.44000
    992     -10216.70000
    993      -8438.65600
    994      -5122.14100
    995      -3533.65600
    996      -9840.67200
    997     -23287.64000
    998     -33211.12000
    999     -29560.27000
   1000     -14239.23000
   1001        319.93750
   1002       3896.21900
   1003      -1757.37500
   1004      -7961.82800
   1005     -11729.80000
   1006     -17085.50000
   1007     -24172.05000
   1008     -26102.77000
   1009     -20013.91000
   1010     -12985.44000
   1011     -11789.08000
   1012     -13604.36000
   1013     -12849.03000
   1014     -11472.06000
   1015     -15338.33000
   1016     -23749.66000
   1017     -29304.52000
   1018     -27388.72000
   1019     -21086.70000
   1020     -16037.80000
   1021     -12947.41000
   1022      -7581.34400
   1023        812.45310
   1024       4610.07800
   1025      -2819.12500
   1026     -14988.41000
   1027     -18747.64000
   1028     -12666.72000
   1029      -8408.51600
   1030     -12911.86000
   1031     -20256.62000
   1032     -22744.27000
   1033     -19790.16000
   1034     -14524.48000
   1035      -9827.12500
   1036      -7945.14100
   1037      -8735.89100
   1038      -9899.06200
   1039     -10704.53000
   1040     -11060.67000
   1041      -8079.65600
   1042       -901.40620
   1043       3285.04700
   1044      -3275.67200
   1045     -17083.20000
   1046     -26388.17000
   1047     -25029.73000
   1048     -18435.98000
   1049     -15876.27000
   1050     -19085.41000
   1051     -20797.19000
   1052     -15610.52000
   1053      -7711.46900
   1054      -3135.43800
   1055       -404.78120
   1056       3608.92200
   1057       4896.07800
   1058      -1126.73400
   1059      -9384.46900
   1060     -10764.12000
   1061      -4625.51600
   1062       1531.26600
   1063       2067.09400
   1064      -2792.31200
   1065     -10308.53000
   1066     -17503.00000
   1067     -21348.31000
   1068     -20537.56000
   1069     -17240.44000
   1070     -15534.47000
   1071     -17791.33000
   1072     -22216.20000
   1073     -23922.86000
   1074     -20130.17000
   1075     -14314.84000
   1076     -12097.62000
   1077     -13385.88000
   1078     -13530.97000
   1079     -11870.69000
   1080     -12270.66000
   1081     -14813.84000
   1082     -14755.25000
   1083     -10788.20000
   1084      -6573.53100
   1085      -3160.98400
   1086       1817.45300
   1087       6193.89100
   1088       3118.54700
   1089      -8617.46900
   1090     -20830.16000
   1091     -24951.84000
   1092     -20369.81000
   1093     -12853.95000
   1094      -8133.75000
   1095      -7825.42200
   1096     -10193.98000
   1097     -13658.12000
   1098     -17489.58000
   1099     -19172.88000
   1100     -15937.42000
   1101     -10540.92000
   1102      -9788.82800
   1103     -15010.83000
   1104     -20231.98000
   1105     -22002.02000
   1106     -23438.91000
   1107     -25257.91000
   1108     -21884.78000
   1109     -12744.53000
   1110      -7984.50000
   1111     -13344.08000
   1112     -18384.41000
   1113     -12192.81000
   1114      -1914.98400
   1115       -730.10940
   1116      -5940.12500
   1117      -5732.12500
   1118       -709.75000
   1119      -2008.68800
   1120     -12164.25000
   1121     -21586.06000
   1122     -22402.28000
   1123     -16711.64000
   1124     -11125.70000
   1125      -8311.35900
   1126      -6074.39100
   1127      -3261.42200
   1128      -2509.73400
   1129      -5523.75000
   1130      -9998.76600
   1131     -13338.19000
   1132     -14728.73000
   1133     -12513.62000
   1134      -5462.12500
   1135       2453.78100
   1136       4272.26600
   1137      -2010.09400
   1138     -11423.61000
   1139     -17931.23000
   1140     -20252.73000
   1141     -22278.06000
   1142     -27508.08000
   1143     -32319.78000
   1144     -28388.92000
   1145     -14752.22000
   1146      -1949.34400
   1147        728.89060
   1148      -4349.87500
   1149     -10658.33000
   1150     -16809.19000
   1151     -22209.42000
   1152     -23269.09000
   1153     -20521.95000
   1154     -19682.36000
   1155     -20939.66000
   1156     -18044.48000
   1157     -11035.75000
   1158      -8151.71900
   1159     -12726.91000
   1160     -18521.97000
   1161     -18976.94000
   1162     -12996.88000
   1163      -3140.73400
   1164       4906.07800
   1165       4247.84400
   1166      -5444.60900
   1167     -15304.64000
   1168     -17288.11000
   1169     -13183.38000
   1170      -9888.76600
   1171      -9935.09400
   1172     -10430.06000
   1173      -8324.60900
   1174      -3913.21900
   1175       -380.10940
   1176       -299.90620
   1177      -2503.78100
   1178      -4336.75000
   1179      -5805.82800
   1180      -7865.01600
   1181      -9420.64100
   1182     -10337.39000
   1183     -12477.98000
   1184     -14158.31000
   1185     -11425.53000
   1186      -7263.75000
   1187      -9161.87500
   1188     -16215.50000
   1189     -19853.73000
   1190     -17160.61000
   1191     -13184.53000
   1192     -11788.36000
   1193     -12254.11000
   1194     -12345.31000
   1195     -10389.67000
   1196      -7500.60900
   1197      -7702.59400
   1198     -11925.94000
   1199     -15089.78000
   1200     -13427.45000
   1201      -9833.34400
   1202      -7961.64100
   1203      -6703.75000
   1204      -4661.89100
   1205      -5118.15600
   1206     -11540.58000
   1207     -20397.77000
   1208     -23361.22000
   1209     -17541.67000
   1210      -9891.56200
   1211      -8634.21900
   1212     -12920.11000
   1213     -14917.44000
   1214     -10576.72000
   1215      -3603.12500
   1216        880.51560
   1217       1708.32800
   1218       -132.50000
   1219      -3959.81200
   1220      -8184.78100
   1221     -10776.39000
   1222     -12628.84000
   1223     -16142.05000
   1224     -19329.50000
   1225     -17096.31000
   1226      -9994.59400
   1227      -4992.87500
   1228      -5227.21900
   1229      -6179.84400
   1230      -5122.53100
   1231      -6526.75000
   1232     -13135.73000
   1233     -18591.84000
   1234     -15411.31000
   1235      -5763.73400
