      1      -8597.28100
      2      -9565.29700
      3      -8843.50800
      4     -10118.41000
      5     -12893.29000
      6     -12401.48000
      7      -7596.96900
      8      -4195.17200
      9      -4863.32000
     10      -3763.09400
     11       1051.26600
     12        317.00780
     13     -10005.12000
     14     -17423.75000
     15     -10452.26000
     16       5159.45300
     17      17020.60000
     18      19684.90000
     19      12828.49000
     20        376.28120
     21      -6973.71100
     22      -1963.58600
     23       7458.56200
     24       7194.67200
     25      -5285.00800
     26     -19911.79000
     27     -26608.47000
     28     -23450.22000
     29     -14612.98000
     30      -3989.14100
     31       6458.06200
     32      12566.32000
     33       9769.24200
     34       2848.68000
     35       4096.59400
     36      15981.70000
     37      26014.66000
     38      24045.87000
     39      13716.67000
     40       3477.67200
     41      -2400.50000
     42      -2968.07800
     43      -1307.68800
     44      -4438.89800
     45     -13560.01000
     46     -19286.71000
     47     -14441.66000
     48      -4736.50800
     49       -392.71090
     50      -4134.80500
     51     -11800.80000
     52     -18408.45000
     53     -20940.54000
     54     -19091.50000
     55     -14006.33000
     56      -6243.46900
     57       2607.91400
     58       8136.96100
     59       7369.70300
     60       2736.18800
     61      -1163.64800
     62      -1800.63300
     63        907.47660
     64       4121.29700
     65       3344.76600
     66      -1025.59400
     67      -2260.17200
     68       2494.10200
     69       6292.84400
     70       2484.26600
     71      -5641.09400
     72     -10933.27000
     73     -11413.04000
     74      -8241.54700
     75      -1684.70300
     76       5881.52300
     77       9702.79700
     78       9832.12500
     79      11874.47000
     80      16603.06000
     81      15736.05000
     82       3283.50800
     83     -13894.79000
     84     -22085.09000
     85     -15566.05000
     86      -2600.84400
     87       3386.30500
     88      -2223.08600
     89     -11068.73000
     90     -12449.46000
     91      -5407.40600
     92       3143.11700
     93       8542.13300
     94       9646.43000
     95       3682.81200
     96      -9560.04700
     97     -20295.65000
     98     -17843.65000
     99      -7136.62500
    100      -3941.91400
    101     -13376.12000
    102     -23905.34000
    103     -22361.59000
    104      -7177.16400
    105      10924.59000
    106      17259.02000
    107       7766.67200
    108      -4033.65600
    109      -2637.65600
    110       9390.59400
    111      16699.02000
    112      12099.30000
    113       2100.50000
    114      -3999.92200
    115      -2703.83600
    116       2717.96100
    117       6330.76600
    118       6421.92200
    119       6367.60200
    120       7146.66400
    121       5101.92200
    122      -1042.50800
    123      -7427.74200
    124     -10228.12000
    125      -8824.60200
    126      -5282.52300
    127      -2936.24200
    128      -2652.85900
    129      -2022.99200
    130      -1405.46900
    131      -3818.21100
    132      -5041.40600
    133       3120.08600
    134      14915.29000
    135      13908.04000
    136       -194.23440
    137      -9160.01600
    138      -6333.05500
    139      -4902.09400
    140     -10281.91000
    141     -10244.45000
    142         88.69531
    143       7863.95300
    144       4369.39100
    145      -3577.53900
    146      -8323.84400
    147      -9320.38300
    148      -5241.47700
    149       5396.60200
    150      16046.75000
    151      17326.02000
    152       8856.06200
    153      -1934.17200
    154      -8624.60900
    155      -9053.67200
    156      -5926.76600
    157      -5956.81200
    158     -12406.53000
    159     -19833.71000
    160     -21971.87000
    161     -20256.52000
    162     -18292.48000
    163     -14350.68000
    164      -6038.92200
    165       3638.16400
    166      10222.96000
    167      12042.49000
    168       7910.81200
    169      -2187.64800
    170     -12762.83000
    171     -16497.33000
    172     -12585.55000
    173      -5481.74200
    174       1177.44500
    175       2883.74200
    176      -6122.58600
    177     -22237.34000
    178     -29425.95000
    179     -17863.46000
    180       1234.33600
    181       9753.22700
    182       4899.89800
    183      -2937.44500
    184      -7502.02300
    185      -9884.55500
    186      -9148.98400
    187      -2737.83600
    188       4478.68800
    189       3512.18000
    190      -4634.65600
    191      -8358.53100
    192      -1804.51600
    193       7379.54700
    194      10540.88000
    195       9804.50800
    196      11870.91000
    197      16186.23000
    198      15928.98000
    199       7963.65600
    200      -3749.10200
    201     -13654.78000
    202     -19814.87000
    203     -24203.72000
    204     -29523.31000
    205     -33910.55000
    206     -29636.90000
    207     -12414.80000
    208       8776.65600
    209      18993.81000
    210      14409.37000
    211       4207.89100
    212      -3534.99200
    213      -9293.56200
    214     -15366.72000
    215     -19662.99000
    216     -19383.67000
    217     -17362.13000
    218     -19564.86000
    219     -24654.22000
    220     -22376.98000
    221      -8316.15600
    222       6241.61700
    223       8026.30500
    224       -577.70310
    225      -6796.48400
    226      -4369.20300
    227       3286.05500
    228      10942.17000
    229      14491.77000
    230      10606.34000
    231        239.44530
    232     -10306.41000
    233     -15714.41000
    234     -16226.80000
    235     -13966.88000
    236      -9732.71100
    237      -6118.85200
    238      -8015.12500
    239     -15394.88000
    240     -20135.16000
    241     -15014.27000
    242      -3550.78100
    243       3297.82000
    244         79.71094
    245      -6829.78900
    246      -7663.25000
    247      -1051.87500
    248       7013.74200
    249      12577.95000
    250      14463.74000
    251       9267.68000
    252      -3779.79700
    253     -15139.53000
    254     -13762.25000
    255      -3106.16400
    256       1604.50000
    257      -7545.59400
    258     -22299.03000
    259     -28841.79000
    260     -21687.94000
    261      -7004.71100
    262       3327.73400
    263       1357.68000
    264      -8603.07000
    265     -12884.37000
    266      -5182.45300
    267       3591.10900
    268        863.10160
    269      -7637.13300
    270      -6475.33600
    271       5381.68800
    272      13995.28000
    273      11817.77000
    274       5498.78100
    275       2552.68000
    276       1870.01600
    277      -1092.15600
    278      -7278.85900
    279     -13992.20000
    280     -17601.01000
    281     -15423.07000
    282      -7925.45300
    283        586.93750
    284       5879.20300
    285       7792.75800
    286       7487.43800
    287       3712.45300
    288      -2995.59400
    289      -7218.80500
    290      -7078.61700
    291      -9115.37500
    292     -15849.37000
    293     -18016.17000
    294      -9929.05500
    295      -1282.95300
    296      -1909.12500
    297      -6976.71100
    298      -7918.18800
    299      -4891.21900
    300        -83.58594
    301       6810.71900
    302      10105.74000
    303       1030.36700
    304     -15496.85000
    305     -22020.73000
    306     -10985.17000
    307       6318.84400
    308      15344.73000
    309      12331.81000
    310       2821.75000
    311      -4882.04700
    312      -5255.80500
    313       -474.14840
    314       2145.31200
    315        252.31250
    316      -1141.35200
    317       1188.00000
    318       3913.30500
    319       2483.78900
    320      -4962.12500
    321     -16865.25000
    322     -25701.29000
    323     -22131.26000
    324      -7899.18800
    325       3783.67200
    326       5701.45300
    327       3765.75000
    328       4521.71100
    329       8467.62500
    330      15524.11000
    331      23323.57000
    332      23052.52000
    333      10065.47000
    334      -7137.96100
    335     -18517.68000
    336     -23488.95000
    337     -22978.99000
    338     -14239.12000
    339      -1351.73400
    340       2590.22700
    341      -8376.25000
    342     -23767.72000
    343     -28359.05000
    344     -18108.70000
    345      -3100.68800
    346       2954.91400
    347      -3376.54700
    348     -12667.88000
    349     -15274.52000
    350     -12273.93000
    351     -10180.41000
    352      -9974.14800
    353      -6642.02300
    354       2217.73400
    355      10745.34000
    356      10171.53000
    357       1299.85900
    358      -3492.01600
    359       3023.06200
    360      11221.45000
    361       8714.54700
    362      -1887.77300
    363      -8918.75000
    364      -7424.85900
    365      -2129.88300
    366      -2005.96900
    367     -12582.88000
    368     -26363.69000
    369     -27035.91000
    370     -11420.02000
    371       3405.44500
    372       2612.03900
    373      -9183.02300
    374     -18298.26000
    375     -17308.33000
    376      -7256.60200
    377       5864.21900
    378      15360.49000
    379      18060.98000
    380      14083.63000
    381       5845.12500
    382       -973.51560
    383      -2519.24200
    384      -2673.46900
    385      -4895.50000
    386      -3841.25800
    387       4008.32800
    388      11678.80000
    389      14400.79000
    390      17415.88000
    391      22313.19000
    392      20712.12000
    393       8064.57800
    394      -8174.02300
    395     -16255.80000
    396      -9811.09400
    397       5725.10900
    398      14303.16000
    399       6109.68800
    400      -8135.28900
    401     -10768.37000
    402      -1036.15600
    403       6256.80500
    404       1933.46100
    405      -8206.46900
    406     -13751.12000
    407     -12142.45000
    408      -8081.28900
    409      -4103.64800
    410        762.17970
    411       2542.01600
    412      -5588.07000
    413     -18833.02000
    414     -21977.78000
    415      -9893.16400
    416       5965.98400
    417      13580.58000
    418      10333.40000
    419       -399.99220
    420      -9905.69500
    421      -7650.36700
    422       4591.34400
    423      11671.47000
    424       6747.58600
    425        414.49220
    426       1317.49200
    427       3656.89800
    428        993.52340
    429      -1723.28900
    430       3208.72700
    431      14436.16000
    432      22559.73000
    433      19754.68000
    434       7268.57800
    435      -7048.85900
    436     -17645.23000
    437     -23447.05000
    438     -22930.25000
    439     -15407.83000
    440      -6530.89100
    441      -4514.85900
    442     -11255.55000
    443     -21684.82000
    444     -29062.09000
    445     -28903.23000
    446     -22112.22000
    447     -14738.69000
    448     -11149.30000
    449      -9264.45300
    450      -5978.04700
    451      -3745.85900
    452      -7027.07000
    453     -14579.27000
    454     -20507.05000
    455     -21940.75000
    456     -19946.06000
    457     -14528.54000
    458      -6600.03100
    459      -2388.74200
    460      -5756.02300
    461      -9635.37500
    462      -6243.77300
    463       -109.92970
    464        182.50780
    465      -3897.88300
    466      -5482.44500
    467      -3964.20300
    468      -3116.75800
    469      -2351.31200
    470       2820.67200
    471      12280.85000
    472      18933.95000
    473      17692.62000
    474      11768.02000
    475       5394.70300
    476      -1809.56200
    477      -7656.17200
    478      -6268.18000
    479        651.89060
    480       5607.93800
    481       9864.57800
    482      18296.68000
    483      22645.66000
    484      12080.20000
    485      -3515.80500
    486      -3966.29700
    487      10260.02000
    488      18166.95000
    489       7515.48400
    490     -12211.50000
    491     -24791.88000
    492     -22908.84000
    493      -9932.45300
    494       4293.97700
    495      10002.92000
    496       5713.52300
    497      -1482.12500
    498      -6181.28900
    499      -9931.42200
    500     -14339.20000
    501     -16121.33000
    502     -11993.99000
    503      -3092.24200
    504       7075.75000
    505      15327.48000
    506      19660.23000
    507      19444.08000
    508      15002.13000
    509       8527.26600
    510       5273.41400
    511       9063.96100
    512      16230.57000
    513      20142.27000
    514      20300.04000
    515      19863.08000
    516      18173.14000
    517      14503.23000
    518      14061.16000
    519      20595.82000
    520      28321.61000
    521      29319.61000
    522      23795.16000
    523      17364.85000
    524      13982.16000
    525      14462.95000
    526      16925.80000
    527      19070.23000
    528      23800.40000
    529      37574.73000
    530      58032.74000
    531      70926.63000
    532      66856.23000
    533      55357.53000
    534      54032.07000
    535      66887.05000
    536      82718.25000
    537      93046.74000
    538      99921.86000
    539     106274.80000
    540     113516.60000
    541     129682.50000
    542     165073.10000
    543     218356.10000
    544     273347.30000
    545     307440.70000
    546     309994.20000
    547     298649.20000
    548     299230.50000
    549     332381.00000
    550     496162.60000
    551    1005314.00000
    552    1935423.00000
    553    2900530.00000
    554    3254030.00000
    555    2744728.00000
    556    1781961.00000
    557     957409.80000
    558     505658.30000
    559     312619.20000
    560     219660.80000
    561     158308.50000
    562     109313.60000
    563      70263.45000
    564      49463.37000
    565      47970.55000
    566      53142.38000
    567      52657.22000
    568      45213.97000
    569      40387.82000
    570      52392.41000
    571      89338.79000
    572     141977.20000
    573     181159.90000
    574     175747.00000
    575     124259.00000
    576      62031.28000
    577      25474.75000
    578      18096.96000
    579      21547.53000
    580      25523.60000
    581      31786.18000
    582      39349.00000
    583      41564.37000
    584      35483.42000
    585      25250.94000
    586      17221.71000
    587      15869.71000
    588      21525.17000
    589      28254.24000
    590      27384.25000
    591      16748.80000
    592       3641.08600
    593      -2843.03100
    594        322.32030
    595       8805.89800
    596      15098.62000
    597      16230.77000
    598      16275.34000
    599      17215.50000
    600      14238.78000
    601       7365.12500
    602       5863.21900
    603      11078.41000
    604      10438.00000
    605       -412.15620
    606      -7757.08600
    607      -3037.53900
    608       3267.50000
    609       1062.25000
    610      -4361.34400
    611      -5144.35200
    612      -3075.44500
    613      -2554.99200
    614      -2788.20300
    615       -868.78910
    616       3841.89100
    617       9285.35900
    618      12176.47000
    619      10861.73000
    620       6542.48400
    621       1268.57800
    622      -2389.34400
    623      -1331.35200
    624       2949.06200
    625       2789.09400
    626      -5633.85200
    627     -15583.59000
    628     -18711.28000
    629     -14991.80000
    630     -10202.70000
    631      -8867.17200
    632     -10390.17000
    633      -8991.82800
    634       -454.34380
    635      10301.72000
    636      15096.11000
    637      14914.44000
    638      17298.45000
    639      22321.53000
    640      20960.89000
    641       8784.57800
    642      -5673.00000
    643      -9784.71900
    644      -1572.68000
    645       9001.79700
    646      13043.45000
    647      10340.08000
    648       3508.21900
    649      -5521.78100
    650     -10776.73000
    651      -4938.93800
    652       9582.95300
    653      20573.72000
    654      19198.50000
    655       8392.29700
    656      -1065.14100
    657       -296.23440
    658       9184.59400
    659      16907.02000
    660      16656.70000
    661      14997.59000
    662      21582.50000
    663      34520.03000
    664      41179.75000
    665      32434.58000
    666      12803.83000
    667      -3776.94500
    668      -6657.28900
    669       4153.85900
    670      21265.83000
    671      35655.22000
    672      39600.59000
    673      31223.61000
    674      18356.08000
    675      11826.11000
    676      13119.08000
    677      14628.88000
    678      12658.30000
    679      12435.72000
    680      17935.06000
    681      24447.88000
    682      25699.08000
    683      22001.84000
    684      16582.00000
    685       9750.37500
    686       2090.37500
    687      -2305.32800
    688      -1528.79700
    689        428.15620
    690        708.00000
    691       2770.76600
    692       8877.95300
    693      12858.89000
    694       7971.45300
    695       -972.65620
    696      -1970.89100
    697       7069.59400
    698      14106.66000
    699       9529.76600
    700       -274.92190
    701      -2045.76600
    702       6523.48400
    703      14936.75000
    704      14334.80000
    705       7837.37500
    706       4840.25000
    707       8880.20300
    708      14573.44000
    709      14616.75000
    710       6459.68800
    711      -5298.16400
    712     -10524.55000
    713      -3149.37500
    714       8746.40600
    715      11436.17000
    716       5255.17200
    717       2881.60900
    718       8291.00000
    719      13909.14000
    720      17486.92000
    721      23419.64000
    722      28587.31000
    723      24686.30000
    724      13681.33000
    725       7207.28100
    726      11883.94000
    727      23471.94000
    728      32828.00000
    729      33815.95000
    730      27920.78000
    731      21085.69000
    732      15596.81000
    733       9590.90600
    734       4026.48400
    735       2707.57800
    736       5716.48400
    737       9173.06200
    738      10494.03000
    739      10523.84000
    740      12317.16000
    741      17786.38000
    742      23589.47000
    743      24432.39000
    744      22184.31000
    745      24451.89000
    746      32470.53000
    747      38279.70000
    748      35318.47000
    749      25991.72000
    750      18906.95000
    751      21700.23000
    752      35131.14000
    753      52740.09000
    754      65726.75000
    755      67378.73000
    756      56550.28000
    757      40878.92000
    758      31599.97000
    759      31471.19000
    760      32963.91000
    761      28702.77000
    762      19582.23000
    763      18911.25000
    764      50416.95000
    765     123838.70000
    766     205949.50000
    767     239107.20000
    768     200916.40000
    769     127704.10000
    770      71340.98000
    771      49779.84000
    772      45648.47000
    773      38033.42000
    774      25049.62000
    775      17855.38000
    776      20250.02000
    777      23601.22000
    778      22987.53000
    779      25304.92000
    780      34799.70000
    781      42973.09000
    782      41128.91000
    783      32486.06000
    784      25089.20000
    785      21957.05000
    786      23200.48000
    787      29268.94000
    788      37735.31000
    789      43030.75000
    790      42051.61000
    791      37030.48000
    792      33158.92000
    793      34618.84000
    794      39931.31000
    795      40946.75000
    796      31327.73000
    797      15589.98000
    798       3900.95300
    799       -988.17190
    800      -4668.95300
    801      -9977.95300
    802     -12881.44000
    803     -10082.00000
    804      -3937.64100
    805       1683.76600
    806       5203.81200
    807       6263.87500
    808       5364.12500
    809       4325.37500
    810       3272.35900
    811       -948.07810
    812      -9031.27300
    813     -14999.94000
    814     -12752.94000
    815      -4167.81200
    816       3871.21900
    817       7600.85900
    818       7186.75000
    819       2718.79700
    820      -4795.04700
    821     -10452.16000
    822     -10290.41000
    823      -8013.64800
    824      -9670.64800
    825     -13299.49000
    826     -12553.05000
    827      -7935.20300
    828      -4284.17200
    829      -1150.09400
    830       3513.06200
    831       5484.89100
    832        933.07810
    833      -5206.59400
    834      -6647.65600
    835      -4793.98400
    836      -4049.25000
    837      -5361.67200
    838      -7871.32800
    839      -9200.59400
    840      -3804.18800
    841      10141.72000
    842      23405.23000
    843      24582.27000
    844      14487.03000
    845       3479.50000
    846      -1756.31200
    847      -1054.25000
    848       4093.06200
    849      10098.80000
    850      11355.69000
    851       7287.87500
    852       4049.35900
    853       5338.87500
    854       7509.92200
    855       6474.75000
    856       3759.03100
    857       3102.51600
    858       4322.78100
    859       3444.62500
    860       -604.92190
    861      -2808.51600
    862        169.75000
    863       2822.43800
    864      -1115.75000
    865      -7592.14100
    866      -8036.64800
    867      -1459.60900
    868       7111.10900
    869      14184.52000
    870      17189.02000
    871      13218.08000
    872       3370.28100
    873      -6970.77300
    874     -13606.92000
    875     -15350.63000
    876     -12904.28000
    877      -9115.35900
    878      -6239.90600
    879      -2462.89100
    880       3778.76600
    881       8665.09400
    882       7998.71900
    883       2554.20300
    884      -5833.96900
    885     -15958.33000
    886     -22560.19000
    887     -19789.92000
    888     -11513.36000
    889      -8737.18000
    890     -14969.72000
    891     -21274.47000
    892     -17601.81000
    893      -5503.54700
    894       2972.06200
    895        -72.56250
    896      -7692.53100
    897      -6953.42200
    898       3656.20300
    899      12073.25000
    900       7917.18800
    901      -4569.25000
    902     -11012.12000
    903      -4176.84400
    904       6859.50000
    905       9123.62500
    906       2423.45300
    907      -3574.60900
    908      -3443.68800
    909        349.96880
    910       3081.10900
    911       2491.54700
    912        863.28120
    913        518.17190
    914      -3498.29700
    915     -16331.12000
    916     -28787.95000
    917     -25469.55000
    918      -7906.06200
    919       6751.28100
    920       8688.06200
    921       2274.51600
    922      -6096.37500
    923     -13751.12000
    924     -18780.12000
    925     -20513.30000
    926     -19895.85000
    927     -15436.38000
    928      -3867.73400
    929      11906.64000
    930      21411.61000
    931      18068.00000
    932       8062.04700
    933       2419.87500
    934       3463.93800
    935       4840.98400
    936       1923.53100
    937      -3317.12500
    938      -5555.17200
    939      -1136.73400
    940       7024.79700
    941       9504.53100
    942       1122.07800
    943      -9650.75000
    944     -10395.40000
    945      -2824.06200
    946       -433.07810
    947      -7903.82800
    948     -15604.38000
    949     -16697.20000
    950     -15691.47000
    951     -15844.84000
    952     -12364.84000
    953      -3909.46900
    954        959.53120
    955      -5624.14100
    956     -20272.27000
    957     -30304.97000
    958     -24488.48000
    959      -4697.01600
    960      14148.47000
    961      20069.80000
    962      15630.89000
    963       9701.17200
    964       5974.84400
    965       3683.50000
    966       1266.07800
    967      -2747.56200
    968      -6863.62500
    969      -6944.96900
    970      -2884.43800
    971        636.51560
    972       1105.20300
    973       -709.09380
    974      -4524.76600
    975      -8946.66400
    976      -9972.32800
    977      -6185.06200
    978       -754.71880
    979       4329.70300
    980      10505.00000
    981      17348.56000
    982      19641.42000
    983      12514.16000
    984      -1516.17200
    985     -12963.23000
    986     -14746.67000
    987      -9302.40600
    988      -3594.00000
    989       -211.87500
    990       2237.40600
    991       3665.71900
    992       3007.78100
    993       1474.48400
    994       1170.17200
    995       2516.34400
    996       4968.37500
    997       7869.45300
    998       9905.04700
    999       9620.75000
   1000       6086.10900
   1001       -993.31250
   1002      -9442.59400
   1003     -13747.39000
   1004     -10131.03000
   1005      -1826.57800
   1006       4784.48400
   1007       7900.48400
   1008      10060.33000
   1009      11639.98000
   1010       9447.28100
   1011       2379.98400
   1012      -5130.71900
   1013      -7561.54700
   1014      -5165.15600
   1015      -4295.50000
   1016      -9954.85200
   1017     -18438.38000
   1018     -20132.86000
   1019     -12609.89000
   1020      -7341.85900
   1021     -15269.34000
   1022     -28466.95000
   1023     -28916.37000
   1024     -14942.69000
   1025      -4589.65600
   1026     -11333.59000
   1027     -28690.24000
   1028     -39497.74000
   1029     -32435.82000
   1030     -11937.31000
   1031       4338.98400
   1032       3611.10900
   1033      -6485.34400
   1034      -9269.43800
   1035      -2472.75000
   1036       1753.92200
   1037      -3174.31200
   1038     -11370.39000
   1039     -16326.02000
   1040     -17960.90000
   1041     -16786.16000
   1042     -10344.98000
   1043       1024.00000
   1044      10981.09000
   1045      13372.56000
   1046       7949.98400
   1047      -1443.09400
   1048      -9736.65600
   1049     -11408.54000
   1050      -4750.90600
   1051       3989.01600
   1052       6381.35900
   1053       1609.85900
   1054      -4558.64100
   1055      -9049.75000
   1056     -13201.15000
   1057     -15724.30000
   1058     -11767.80000
   1059      -2137.40600
   1060       3772.32800
   1061         88.31250
   1062      -6679.32800
   1063      -7624.96900
   1064      -4404.26600
   1065      -4976.39100
   1066     -11269.43000
   1067     -16969.84000
   1068     -15438.27000
   1069      -8336.64100
   1070      -5813.85900
   1071     -13454.15000
   1072     -21301.66000
   1073     -16444.84000
   1074      -3155.42200
   1075       3381.64100
   1076      -1352.35900
   1077     -10696.97000
   1078     -20669.89000
   1079     -29746.02000
   1080     -32697.48000
   1081     -26415.20000
   1082     -14729.89000
   1083      -1994.76600
   1084       9373.90600
   1085      14780.50000
   1086      11298.38000
   1087       3943.51600
   1088       -274.53120
   1089       -897.93750
   1090      -1093.82800
   1091      -2081.68800
   1092      -4328.32800
   1093      -8603.48400
   1094     -13554.77000
   1095     -16138.18000
   1096     -15325.03000
   1097     -13543.48000
   1098     -14374.58000
   1099     -18264.48000
   1100     -20829.19000
   1101     -18132.00000
   1102     -12748.52000
   1103      -9987.09400
   1104      -9747.03100
   1105      -8060.26600
   1106      -4950.95300
   1107      -4746.53100
   1108      -9351.84400
   1109     -15488.42000
   1110     -17973.06000
   1111     -13765.95000
   1112      -4288.96900
   1113       4835.54700
   1114       7311.60900
   1115        913.67190
   1116     -10360.86000
   1117     -18644.49000
   1118     -18218.21000
   1119     -10528.30000
   1120      -2128.06200
   1121       2544.43800
   1122       3797.15600
   1123       2377.40600
   1124      -1778.48400
   1125      -4751.57800
   1126        117.75000
   1127      11643.98000
   1128      17832.58000
   1129       9670.67200
   1130      -6507.00000
   1131     -16165.39000
   1132     -13760.16000
   1133      -7879.09400
   1134      -9271.87500
   1135     -17438.34000
   1136     -22006.30000
   1137     -15683.64000
   1138      -1210.32800
   1139      13370.92000
   1140      20647.23000
   1141      16769.78000
   1142       5138.40600
   1143      -5252.71900
   1144     -10381.80000
   1145     -14692.44000
   1146     -20094.16000
   1147     -20620.20000
   1148     -13280.45000
   1149      -5097.53100
   1150      -4369.96900
   1151     -11469.81000
   1152     -20088.67000
   1153     -22662.77000
   1154     -15658.58000
   1155      -4190.73400
   1156       1051.87500
   1157      -3785.31200
   1158      -8704.89100
   1159      -1223.90600
   1160      15777.08000
   1161      24956.94000
   1162      15995.34000
   1163      -1173.70300
   1164      -9700.67200
   1165      -5555.53100
   1166       2072.35900
   1167       4587.67200
   1168       1895.12500
   1169      -1306.54700
   1170      -2325.26600
   1171      -1706.25000
   1172        336.39060
   1173       3230.23400
   1174       2324.37500
   1175      -5298.92200
   1176     -12106.19000
   1177      -9275.85900
   1178      -2181.39100
   1179      -1734.50000
   1180      -4991.85900
   1181      -1528.00000
   1182       6403.14100
   1183       7322.48400
   1184       -293.98440
   1185      -6754.75000
   1186      -6649.73400
   1187      -5889.75000
   1188     -12560.95000
   1189     -24640.13000
   1190     -30132.41000
   1191     -21461.38000
   1192      -5587.42200
   1193       5158.01600
   1194       7569.81200
   1195       6705.68800
   1196       5191.28100
   1197        842.95310
   1198      -6864.98400
   1199     -13848.94000
   1200     -15849.32000
   1201     -12651.69000
   1202      -6441.18800
   1203       1123.89100
   1204       7814.71900
   1205       9826.32800
   1206       5745.32800
   1207        -29.12500
   1208      -1127.71900
   1209       3425.53100
   1210       7152.79700
   1211       3512.29700
   1212      -4263.09400
   1213      -5281.79700
   1214       3933.68800
   1215      12617.31000
   1216       9070.34400
   1217      -4820.64100
   1218     -17282.20000
   1219     -20295.45000
   1220     -15875.68000
   1221     -11628.69000
   1222     -11945.45000
   1223     -13533.16000
   1224     -10318.64000
   1225      -1492.67200
   1226       7149.09400
   1227       8431.54700
   1228         34.76562
   1229     -11758.42000
   1230     -16251.95000
   1231     -10018.89000
   1232      -1351.15600
   1233        234.50000
   1234      -5895.15600
   1235     -14220.34000
