      1     -45503.68000
      2     -14205.60000
      3       7615.48400
      4       2968.41000
      5     -27894.16000
      6     -62057.02000
      7     -70688.38000
      8     -45226.01000
      9      -2724.23800
     10      32790.88000
     11      44465.99000
     12      26946.48000
     13      -5527.40600
     14     -23489.89000
     15     -11560.24000
     16      13521.37000
     17      23635.64000
     18       8755.94100
     19     -20985.95000
     20     -51196.89000
     21     -71326.91000
     22     -74825.11000
     23     -64275.80000
     24     -53663.29000
     25     -51814.39000
     26     -47771.68000
     27     -28864.82000
     28      -5405.64100
     29       3395.94100
     30       -737.57030
     31       -961.20700
     32       8305.68800
     33      18195.71000
     34      20420.11000
     35      14438.66000
     36       5743.64500
     37      -1143.43000
     38     -11592.32000
     39     -34578.83000
     40     -61630.90000
     41     -65709.60000
     42     -33895.27000
     43       8551.25000
     44      21595.39000
     45      -5280.39500
     46     -45015.62000
     47     -66605.20000
     48     -61034.96000
     49     -35420.00000
     50      -1457.67200
     51      25662.10000
     52      33194.30000
     53      20930.01000
     54      -2832.84400
     55     -31714.39000
     56     -59665.90000
     57     -76663.91000
     58     -76814.61000
     59     -65947.34000
     60     -53752.48000
     61     -42247.39000
     62     -27571.75000
     63      -8621.50400
     64      11100.08000
     65      24827.50000
     66      22646.71000
     67         83.66797
     68     -29437.75000
     69     -45104.92000
     70     -45366.80000
     71     -46947.57000
     72     -56616.73000
     73     -64323.84000
     74     -63964.16000
     75     -60716.20000
     76     -58631.96000
     77     -55419.57000
     78     -48745.21000
     79     -41302.56000
     80     -38553.98000
     81     -40229.80000
     82     -39021.85000
     83     -34611.39000
     84     -36858.50000
     85     -46529.04000
     86     -53229.89000
     87     -58074.34000
     88     -70176.27000
     89     -80098.65000
     90     -70461.19000
     91     -47325.98000
     92     -29459.37000
     93     -20152.97000
     94     -15593.67000
     95     -18126.40000
     96     -22114.25000
     97     -14653.33000
     98       -623.58980
     99        949.02340
    100     -14473.46000
    101     -37016.91000
    102     -58698.95000
    103     -68599.20000
    104     -55655.06000
    105     -33681.79000
    106     -31944.46000
    107     -47573.04000
    108     -44363.55000
    109      -7951.52700
    110      33738.55000
    111      48209.73000
    112      28271.16000
    113      -9476.63700
    114     -36753.52000
    115     -39236.54000
    116     -35651.77000
    117     -47863.62000
    118     -61888.57000
    119     -53146.55000
    120     -33941.12000
    121     -35469.29000
    122     -57494.15000
    123     -71038.88000
    124     -61570.57000
    125     -45211.80000
    126     -45547.25000
    127     -65464.30000
    128     -85079.12000
    129     -88037.51000
    130     -80946.45000
    131     -77292.77000
    132     -73292.00000
    133     -56666.08000
    134     -31458.37000
    135     -14571.07000
    136      -9161.73800
    137       -379.37500
    138      17625.93000
    139      29585.04000
    140      23085.62000
    141       6019.82800
    142      -8960.49600
    143     -18155.76000
    144     -21363.05000
    145     -23812.00000
    146     -36400.86000
    147     -51157.80000
    148     -37275.38000
    149       9335.60900
    150      41849.72000
    151      20769.18000
    152     -32188.93000
    153     -67338.71000
    154     -67000.63000
    155     -47838.86000
    156     -26329.12000
    157      -5128.32000
    158      13268.10000
    159      14805.75000
    160     -14220.08000
    161     -62886.40000
    162     -98049.19000
    163     -99743.77000
    164     -77249.80000
    165     -44989.48000
    166     -10671.77000
    167       7164.00000
    168     -10532.07000
    169     -44903.12000
    170     -53970.91000
    171     -34368.48000
    172     -23037.05000
    173     -33956.41000
    174     -44542.33000
    175     -47229.78000
    176     -59635.70000
    177     -78405.96000
    178     -73484.84000
    179     -36622.67000
    180       3908.72700
    181      21624.09000
    182      14959.64000
    183      -6927.55500
    184     -33450.41000
    185     -47705.77000
    186     -37268.52000
    187     -13251.53000
    188       -481.32810
    189      -7025.49200
    190     -20698.95000
    191     -34043.36000
    192     -50443.44000
    193     -65209.63000
    194     -65677.96000
    195     -53464.81000
    196     -43014.52000
    197     -37629.15000
    198     -29287.13000
    199     -17575.48000
    200      -6967.50000
    201       4089.77300
    202      10012.13000
    203      -6973.75000
    204     -44830.73000
    205     -66977.21000
    206     -47412.16000
    207     -10997.30000
    208      -1433.40600
    209     -24051.19000
    210     -47081.61000
    211     -49924.34000
    212     -41440.16000
    213     -32569.64000
    214     -20930.81000
    215      -9948.75800
    216     -15065.77000
    217     -38990.69000
    218     -63246.98000
    219     -70678.77000
    220     -57330.35000
    221     -26162.73000
    222      10151.66000
    223      30578.93000
    224      26192.86000
    225       4835.68800
    226     -26612.73000
    227     -59494.59000
    228     -71332.41000
    229     -52202.02000
    230     -31023.37000
    231     -39138.98000
    232     -63348.05000
    233     -67825.09000
    234     -44588.48000
    235     -13039.65000
    236      12199.59000
    237      26366.61000
    238      21208.51000
    239      -6974.07000
    240     -38510.67000
    241     -40413.22000
    242      -3391.41400
    243      42129.98000
    244      57734.50000
    245      38020.08000
    246       8212.82000
    247     -13212.15000
    248     -31216.63000
    249     -53279.73000
    250     -72554.12000
    251     -79534.82000
    252     -74721.71000
    253     -62546.25000
    254     -46466.77000
    255     -31986.77000
    256     -20929.29000
    257      -8186.23400
    258       2442.46900
    259      -4615.38300
    260     -26627.93000
    261     -35663.31000
    262     -22766.55000
    263     -17514.21000
    264     -39420.98000
    265     -64513.14000
    266     -66558.16000
    267     -58917.23000
    268     -67635.09000
    269     -87993.38000
    270     -94340.55000
    271     -77471.59000
    272     -50933.38000
    273     -28380.52000
    274     -12145.91000
    275      -1437.00800
    276       3388.53900
    277       4346.46900
    278       1002.32800
    279     -14472.17000
    280     -41469.18000
    281     -57852.63000
    282     -45078.55000
    283     -17241.66000
    284       -381.25780
    285       4220.25800
    286       7829.71900
    287       2977.26600
    288     -21829.05000
    289     -51528.23000
    290     -62326.14000
    291     -58286.38000
    292     -60688.51000
    293     -73013.96000
    294     -82160.12000
    295     -82330.39000
    296     -75007.93000
    297     -58830.32000
    298     -38953.11000
    299     -30670.03000
    300     -36898.54000
    301     -40094.24000
    302     -30971.84000
    303     -23999.42000
    304     -31279.59000
    305     -41629.02000
    306     -37896.85000
    307     -20273.58000
    308      -4042.09400
    309      -1789.50800
    310      -9489.36700
    311      -9748.15600
    312       6519.98400
    313      24585.95000
    314      19813.68000
    315     -15993.20000
    316     -67127.56000
    317    -105682.00000
    318    -107550.00000
    319     -68167.62000
    320     -11879.08000
    321      20963.16000
    322       8319.93000
    323     -29806.77000
    324     -50479.44000
    325     -33839.63000
    326       -338.99220
    327      19658.82000
    328      17037.12000
    329      -2737.48400
    330     -36389.44000
    331     -75146.48000
    332     -96930.40000
    333     -89764.31000
    334     -72203.70000
    335     -65763.02000
    336     -61082.78000
    337     -42345.17000
    338     -26769.49000
    339     -38566.66000
    340     -61277.55000
    341     -61264.81000
    342     -41000.82000
    343     -28548.52000
    344     -33479.72000
    345     -44453.64000
    346     -49893.05000
    347     -43019.13000
    348     -27439.98000
    349     -21209.59000
    350     -36275.41000
    351     -59696.30000
    352     -68719.81000
    353     -54063.45000
    354     -24962.68000
    355      -2615.38300
    356      -5167.01600
    357     -31890.75000
    358     -66022.35000
    359     -88073.12000
    360     -81850.84000
    361     -46922.20000
    362     -10441.65000
    363       -929.78910
    364     -10493.91000
    365     -11831.77000
    366      -5526.25000
    367     -16360.70000
    368     -46963.43000
    369     -65106.41000
    370     -43236.86000
    371       3008.75000
    372      26298.27000
    373       -870.77340
    374     -53848.47000
    375     -82492.95000
    376     -64219.46000
    377     -23492.57000
    378      -1581.26600
    379     -12214.16000
    380     -34210.88000
    381     -47516.96000
    382     -56088.97000
    383     -65715.20000
    384     -68691.12000
    385     -63677.34000
    386     -58117.77000
    387     -44293.43000
    388     -11385.98000
    389      21253.92000
    390      26170.00000
    391      12762.87000
    392       8183.91400
    393       9581.12500
    394      -4362.67200
    395     -30793.40000
    396     -46030.62000
    397     -39394.98000
    398     -20751.21000
    399      -3304.37500
    400       6677.14100
    401       9454.85200
    402       8465.05500
    403       4824.51600
    404      -2040.21900
    405      -6352.38300
    406       -812.92970
    407       5519.96900
    408      -4330.14100
    409     -22307.55000
    410     -21081.16000
    411       -776.26560
    412       9512.25000
    413       4553.89800
    414      10300.66000
    415      30642.12000
    416      35927.33000
    417      15115.55000
    418      -3850.30500
    419       3677.64800
    420      27214.86000
    421      40077.38000
    422      32077.52000
    423      14397.04000
    424       -196.12500
    425      -8344.17200
    426      -3507.02300
    427      26479.49000
    428      72554.08000
    429     100533.30000
    430      98847.24000
    431     102674.90000
    432     138986.20000
    433     176505.70000
    434     169231.30000
    435     128213.50000
    436     109635.90000
    437     138976.00000
    438     180860.50000
    439     188684.10000
    440     163173.10000
    441     147080.10000
    442     168954.70000
    443     213058.70000
    444     252845.10000
    445     290391.80000
    446     343171.80000
    447     414192.00000
    448     495531.30000
    449     577557.20000
    450     636250.50000
    451     642209.80000
    452     602408.60000
    453     563595.50000
    454     558319.90000
    455     574422.90000
    456     588758.00000
    457     601201.40000
    458     621085.00000
    459     644653.20000
    460     665253.50000
    461     692032.10000
    462     737682.60000
    463     794857.50000
    464     844867.40000
    465     884366.10000
    466     918229.60000
    467     931051.50000
    468     898051.60000
    469     828499.80000
    470     768415.80000
    471     750131.60000
    472     760038.50000
    473     764010.10000
    474     750323.20000
    475     737649.20000
    476     745412.50000
    477     766350.10000
    478     777250.10000
    479     773859.40000
    480     778335.90000
    481     808855.00000
    482     857911.80000
    483     906283.20000
    484     947061.40000
    485     994278.60000
    486    1071807.00000
    487    1182187.00000
    488    1286174.00000
    489    1335708.00000
    490    1328548.00000
    491    1304885.00000
    492    1296938.00000
    493    1316674.00000
    494    1385509.00000
    495    1541008.00000
    496    1818091.00000
    497    2255110.00000
    498    2920816.00000
    499    3901040.00000
    500    5192443.00000
    501    6551541.00000
    502    7492465.00000
    503    7571876.00000
    504    6748644.00000
    505    5415664.00000
    506    4066122.00000
    507    2988172.00000
    508    2241940.00000
    509    1770255.00000
    510    1468668.00000
    511    1239924.00000
    512    1047375.00000
    513     896807.20000
    514     779151.90000
    515     671177.90000
    516     568119.00000
    517     475187.70000
    518     391259.60000
    519     325614.00000
    520     295982.20000
    521     292144.70000
    522     276117.10000
    523     232179.20000
    524     188234.60000
    525     177246.00000
    526     195164.70000
    527     206523.00000
    528     186152.50000
    529     145732.10000
    530     115418.10000
    531     109883.70000
    532     120915.10000
    533     131400.90000
    534     130001.20000
    535     123888.30000
    536     133059.50000
    537     157912.30000
    538     169265.20000
    539     149018.00000
    540     115805.10000
    541      92431.44000
    542      78194.22000
    543      67919.36000
    544      66845.19000
    545      76749.14000
    546      93057.98000
    547     114780.20000
    548     136364.80000
    549     141387.20000
    550     123481.20000
    551      98102.00000
    552      80380.31000
    553      70481.41000
    554      68769.55000
    555      82255.81000
    556     107517.50000
    557     127373.40000
    558     131754.80000
    559     126658.90000
    560     118838.20000
    561     105468.00000
    562      82627.03000
    563      53348.45000
    564      24008.02000
    565        591.06250
    566     -10418.48000
    567      -6614.70300
    568       2991.14100
    569       4689.96900
    570      -3420.07800
    571     -10522.17000
    572      -8989.14100
    573      -1517.53100
    574       5625.96900
    575       6818.31200
    576        175.06250
    577      -4687.43800
    578       6037.65600
    579      25461.17000
    580      26158.67000
    581      -2129.67200
    582     -34895.96000
    583     -45714.75000
    584     -35440.64000
    585     -17643.61000
    586       1099.06200
    587      14709.83000
    588      14259.03000
    589        683.15620
    590     -17534.98000
    591     -38897.71000
    592     -59545.38000
    593     -58548.05000
    594     -23054.31000
    595      20675.08000
    596      34252.02000
    597      18281.62000
    598       6767.51600
    599      17199.94000
    600      31243.06000
    601      21253.36000
    602     -16833.47000
    603     -53273.96000
    604     -50185.83000
    605      -7496.23400
    606      30974.98000
    607      31948.16000
    608       9875.68800
    609      -6899.18800
    610     -15014.27000
    611     -19104.06000
    612     -10106.75000
    613      13268.45000
    614      28841.22000
    615      20363.28000
    616       2136.31200
    617      -3602.15600
    618       3517.76600
    619      10519.92000
    620      14655.73000
    621      19769.08000
    622      19003.91000
    623       2712.32800
    624     -20913.34000
    625     -33915.00000
    626     -32997.28000
    627     -25542.53000
    628      -9683.78100
    629      18402.22000
    630      45867.81000
    631      55064.12000
    632      47517.88000
    633      36601.88000
    634      24047.92000
    635       5168.96900
    636      -6035.56200
    637      14547.66000
    638      57475.12000
    639      75640.83000
    640      47985.75000
    641      15643.28000
    642      20671.05000
    643      43480.97000
    644      43472.00000
    645      26508.55000
    646      23239.31000
    647      30352.94000
    648      21373.33000
    649      -5240.62500
    650     -28588.22000
    651     -41611.19000
    652     -53799.55000
    653     -66833.59000
    654     -71998.70000
    655     -67546.97000
    656     -59335.09000
    657     -46747.34000
    658     -26454.16000
    659      -8700.51600
    660     -10549.77000
    661     -31101.75000
    662     -49312.86000
    663     -47163.44000
    664     -23785.67000
    665       7359.73400
    666      24947.36000
    667      15347.91000
    668      -6088.29700
    669      -5077.34400
    670      27716.89000
    671      61840.48000
    672      68245.09000
    673      51702.06000
    674      30139.11000
    675       9846.21900
    676      -6755.35900
    677     -17117.56000
    678     -29926.91000
    679     -52202.02000
    680     -66737.08000
    681     -53846.23000
    682     -27325.75000
    683     -15310.33000
    684     -16487.08000
    685      -9202.42200
    686       6505.98400
    687       8335.59400
    688     -11560.52000
    689     -34620.36000
    690     -41399.53000
    691     -32252.45000
    692     -20249.05000
    693     -14448.25000
    694     -14407.19000
    695     -16666.28000
    696     -22044.48000
    697     -31972.22000
    698     -36480.41000
    699     -19307.48000
    700      14648.52000
    701      35082.12000
    702      26710.16000
    703      11918.91000
    704      14417.19000
    705      27127.62000
    706      33066.42000
    707      27979.83000
    708      11666.77000
    709     -10602.56000
    710     -17872.66000
    711       1033.17200
    712      21493.80000
    713      15858.55000
    714      -5339.90600
    715     -14419.64000
    716      -5244.28100
    717      12649.84000
    718      32737.72000
    719      45999.92000
    720      38952.98000
    721       9561.12500
    722     -27589.52000
    723     -53133.75000
    724     -54226.56000
    725     -33022.02000
    726      -9627.59400
    727      -7148.78100
    728     -30188.88000
    729     -62529.33000
    730     -84264.56000
    731     -88575.55000
    732     -83413.50000
    733     -76683.58000
    734     -63091.22000
    735     -35639.95000
    736      -7284.82800
    737      -3270.10900
    738     -27995.94000
    739     -55612.98000
    740     -61141.84000
    741     -47748.42000
    742     -33803.61000
    743     -25144.42000
    744     -15527.19000
    745      -6748.10900
    746      -8493.00000
    747     -19509.94000
    748     -25977.89000
    749     -20133.97000
    750      -8466.87500
    751       -699.48440
    752       1901.39100
    753       6496.59400
    754      17439.12000
    755      25408.94000
    756      14842.91000
    757     -14190.78000
    758     -42182.19000
    759     -53583.89000
    760     -51653.67000
    761     -43889.89000
    762     -29141.70000
    763     -10429.91000
    764      -3865.20300
    765     -18504.06000
    766     -38858.00000
    767     -42604.83000
    768     -26877.55000
    769      -6580.01600
    770       4271.60900
    771       2338.01600
    772      -6999.12500
    773     -15987.95000
    774     -18504.83000
    775      -8452.03100
    776      16374.03000
    777      43853.33000
    778      55913.31000
    779      52157.02000
    780      46195.62000
    781      38557.00000
    782      18973.83000
    783      -5799.79700
    784     -12528.73000
    785       8521.00000
    786      40285.92000
    787      57228.31000
    788      51888.70000
    789      38970.70000
    790      28081.69000
    791       7167.73400
    792     -27460.86000
    793     -46267.11000
    794     -22992.19000
    795      25811.89000
    796      66925.61000
    797      87869.75000
    798      85288.25000
    799      55236.41000
    800      19094.95000
    801      16982.64000
    802      51888.69000
    803      79692.11000
    804      71951.88000
    805      49559.39000
    806      40283.67000
    807      41923.86000
    808      41148.36000
    809      34551.69000
    810      19371.62000
    811      -7746.43800
    812     -32411.42000
    813     -27294.86000
    814      12207.19000
    815      52431.81000
    816      56056.95000
    817      25605.78000
    818      -3142.89100
    819      -9650.10900
    820      -9846.26600
    821     -23739.55000
    822     -45225.39000
    823     -55016.58000
    824     -45398.27000
    825     -23967.52000
    826      -6083.76600
    827      -4918.46900
    828     -18903.69000
    829     -33794.61000
    830     -42186.86000
    831     -49311.33000
    832     -56187.70000
    833     -54713.00000
    834     -46215.39000
    835     -46422.22000
    836     -60441.45000
    837     -67871.97000
    838     -49220.17000
    839     -17104.94000
    840      -2965.10900
    841     -17406.27000
    842     -40036.34000
    843     -45319.06000
    844     -25250.70000
    845      10316.12000
    846      44432.75000
    847      62545.61000
    848      56906.48000
    849      29212.22000
    850      -4220.18800
    851     -17370.78000
    852       -800.12500
    853      20156.14000
    854      11361.17000
    855     -26196.94000
    856     -55383.66000
    857     -47369.73000
    858     -12760.88000
    859      15312.98000
    860      17660.53000
    861       1052.95300
    862     -18593.47000
    863     -33192.67000
    864     -41253.59000
    865     -40040.67000
    866     -28678.50000
    867     -16800.42000
    868     -18323.44000
    869     -29944.70000
    870     -27148.44000
    871       3553.65600
    872      37198.62000
    873      38237.77000
    874      10971.95000
    875      -6049.67200
    876       5455.09400
    877      25795.44000
    878      33180.67000
    879      23052.11000
    880      -5453.64100
    881     -44577.86000
    882     -63427.20000
    883     -38475.89000
    884       4475.95300
    885      15661.92000
    886     -15400.03000
    887     -51982.45000
    888     -59504.28000
    889     -38941.75000
    890     -15289.80000
    891      -8158.81200
    892     -14657.81000
    893     -19367.67000
    894     -18179.05000
    895     -22571.94000
    896     -39101.11000
    897     -56879.17000
    898     -60460.86000
    899     -48770.11000
    900     -34113.34000
    901     -21196.27000
    902        414.34380
    903      29891.66000
    904      39767.08000
    905      15132.20000
    906     -13538.75000
    907     -14552.09000
    908      -5407.57800
    909     -14391.28000
    910     -24209.30000
    911      -6299.76600
    912      20946.55000
    913      22110.53000
    914       5317.53100
    915       4299.90600
    916      21374.73000
    917      27132.70000
    918       2406.56200
    919     -43398.92000
    920     -84598.69000
    921     -98010.56000
    922     -79811.11000
    923     -50095.95000
    924     -34577.33000
    925     -38164.83000
    926     -38195.70000
    927      -9901.95300
    928      38071.84000
    929      65302.67000
    930      47212.09000
    931       5530.25000
    932     -21052.28000
    933     -17663.53000
    934       4535.15600
    935      23458.47000
    936      17613.45000
    937     -12958.16000
    938     -37768.77000
    939     -30907.75000
    940      -7425.95300
    941      -1974.42200
    942     -20699.19000
    943     -36801.86000
    944     -29224.30000
    945      -7814.12500
    946       3590.76600
    947      -2496.06200
    948     -14988.73000
    949     -25699.33000
    950     -36188.25000
    951     -45556.45000
    952     -48835.62000
    953     -44475.33000
    954     -30780.44000
    955      -6335.25000
    956      15815.97000
    957      15007.17000
    958      -4644.03100
    959     -14570.11000
    960      -5980.17200
    961      -4888.10900
    962     -28401.84000
    963     -53972.45000
    964     -50931.28000
    965     -21979.92000
    966       5738.67200
    967      17278.84000
    968      18889.41000
    969      17652.20000
    970      10609.34000
    971      -3061.32800
    972     -12480.34000
    973      -7951.82800
    974       1490.43800
    975      -4972.67200
    976     -32953.56000
    977     -61860.44000
    978     -65736.69000
    979     -38888.00000
    980       3439.89100
    981      42153.17000
    982      62763.41000
    983      54213.69000
    984      17908.19000
    985     -20964.55000
    986     -33621.64000
    987     -24960.17000
    988     -26769.44000
    989     -49844.95000
    990     -72220.48000
    991     -76617.86000
    992     -66561.59000
    993     -47331.34000
    994     -22510.83000
    995      -3150.25000
    996       4276.54700
    997       6864.28100
    998       9373.29700
    999       8704.64100
   1000       6076.70300
   1001       3146.12500
   1002      -5911.46900
   1003     -18858.16000
   1004     -19361.25000
   1005      -3432.21900
   1006       9253.51600
   1007       3963.10900
   1008      -7268.46900
   1009      -3483.48400
   1010      15638.55000
   1011      27574.55000
   1012      15560.67000
   1013      -8635.70300
   1014     -22130.72000
   1015     -23010.45000
   1016     -26630.80000
   1017     -37451.11000
   1018     -45834.78000
   1019     -46968.25000
   1020     -44582.25000
   1021     -38854.41000
   1022     -23127.94000
   1023       5310.29700
   1024      33456.67000
   1025      35695.14000
   1026      -1590.85900
   1027     -56668.48000
   1028     -85015.50000
   1029     -63144.83000
   1030     -14060.42000
   1031      20118.23000
   1032      25980.88000
   1033      22862.92000
   1034      21052.22000
   1035       7155.39100
   1036     -18429.03000
   1037     -28128.81000
   1038     -12253.45000
   1039       1853.01600
   1040      -1396.71900
   1041       -445.73440
   1042      18181.12000
   1043      34101.39000
   1044      33037.92000
   1045      28454.77000
   1046      27053.27000
   1047      14394.45000
   1048     -12119.09000
   1049     -31586.80000
   1050     -30584.11000
   1051     -18722.89000
   1052      -9904.56200
   1053      -9814.76600
   1054     -21933.78000
   1055     -45204.25000
   1056     -63102.03000
   1057     -54724.11000
   1058     -23762.47000
   1059        806.98440
   1060       1467.25000
   1061      -9366.26600
   1062     -16518.17000
   1063     -23436.36000
   1064     -34883.02000
   1065     -43342.48000
   1066     -43904.72000
   1067     -38819.02000
   1068     -22586.80000
   1069       9830.93800
   1070      38552.33000
   1071      33847.09000
   1072       -667.17190
   1073     -29900.36000
   1074     -34311.67000
   1075     -24951.19000
   1076     -12650.73000
   1077       1527.57800
   1078       5243.92200
   1079     -15554.80000
   1080     -44492.73000
   1081     -51289.47000
   1082     -39485.12000
   1083     -38771.78000
   1084     -52490.17000
   1085     -50185.67000
   1086     -14867.36000
   1087      30103.44000
   1088      49962.16000
   1089      40251.81000
   1090      25440.06000
   1091      17629.58000
   1092       1219.06200
   1093     -28593.70000
   1094     -44056.67000
   1095     -27947.91000
   1096      -8741.42200
   1097     -21970.50000
   1098     -59382.16000
   1099     -81347.02000
   1100     -63850.83000
   1101     -18638.02000
   1102      20855.80000
   1103      27570.56000
   1104       3146.35900
   1105     -28107.11000
   1106     -49388.50000
   1107     -64419.98000
   1108     -75785.11000
   1109     -70005.55000
   1110     -39757.14000
   1111      -4438.50000
   1112      12841.38000
   1113      17838.59000
   1114      32239.72000
   1115      55661.28000
   1116      62565.27000
   1117      36926.17000
   1118      -5205.56200
   1119     -33389.89000
   1120     -38636.64000
   1121     -43453.70000
   1122     -69037.98000
   1123    -101041.20000
   1124    -104811.00000
   1125     -70552.44000
   1126     -24214.25000
   1127       5029.64100
   1128       9732.57800
   1129      -1387.90600
   1130     -14924.66000
   1131     -17541.80000
   1132      -6892.26600
   1133       -269.95310
   1134     -16505.56000
   1135     -46482.64000
   1136     -58148.94000
   1137     -35173.03000
   1138       4930.28100
   1139      34874.88000
   1140      43640.12000
   1141      32063.62000
   1142       -211.71880
   1143     -46573.94000
   1144     -80173.03000
   1145     -72507.06000
   1146     -32221.19000
   1147      -3568.03100
   1148     -12334.69000
   1149     -33887.05000
   1150     -32714.48000
   1151     -12327.94000
   1152      -2574.50000
   1153     -14797.33000
   1154     -33771.06000
   1155     -42870.17000
   1156     -35544.91000
   1157      -9550.40600
   1158      29875.94000
   1159      62464.94000
   1160      66103.22000
   1161      42094.38000
   1162      15659.06000
   1163       6714.71900
   1164      10030.84000
   1165      10120.75000
   1166       5113.68800
   1167       5384.59400
   1168      13900.31000
   1169      19403.66000
   1170      11573.09000
   1171      -3997.62500
   1172     -13019.80000
   1173     -13135.22000
   1174     -15087.27000
   1175     -19739.61000
   1176     -13095.84000
   1177       5363.78100
   1178      13673.94000
   1179       2477.15600
   1180      -9401.48400
   1181     -10810.02000
   1182     -16116.03000
   1183     -31437.73000
   1184     -39703.11000
   1185     -34285.62000
   1186     -31618.12000
   1187     -38122.69000
   1188     -36332.12000
   1189     -15064.25000
   1190      10831.97000
   1191      20449.75000
   1192      10808.47000
   1193      -7301.18800
   1194     -25903.62000
   1195     -42171.19000
   1196     -54351.23000
   1197     -66977.34000
   1198     -88048.80000
   1199    -109068.20000
   1200    -107253.00000
   1201     -81191.00000
   1202     -57905.17000
   1203     -49855.34000
   1204     -35880.34000
   1205      -2203.09400
   1206      28741.12000
   1207      31891.38000
   1208      17812.47000
   1209      13214.44000
   1210      17978.00000
   1211       9583.34400
   1212     -15051.33000
   1213     -32973.36000
   1214     -32657.80000
   1215     -26550.08000
   1216     -22285.84000
   1217     -12435.66000
   1218       3799.06200
   1219      15331.53000
   1220      15273.00000
   1221       4290.25000
   1222     -12601.28000
   1223     -21999.77000
   1224     -12953.38000
   1225        827.62500
   1226      -8695.31200
   1227     -45587.84000
   1228     -82396.75000
   1229     -94204.31000
   1230     -83184.14000
   1231     -66577.23000
   1232     -53344.95000
   1233     -38339.23000
   1234     -15885.00000
   1235       5805.09400
