      1     -12569.73000
      2     -32792.01000
      3     -16347.51000
      4      17414.45000
      5      30053.48000
      6      18010.29000
      7       8698.19800
      8       9457.78900
      9        321.19240
     10     -25293.25000
     11     -50165.70000
     12     -61771.00000
     13     -61372.74000
     14     -50593.66000
     15     -31866.51000
     16     -13438.45000
     17        296.26950
     18      12874.71000
     19      24607.64000
     20      30565.98000
     21      30903.38000
     22      31637.85000
     23      35536.95000
     24      37696.25000
     25      29949.28000
     26      11366.09000
     27      -6058.00200
     28     -10153.47000
     29      -4483.78800
     30       -423.19630
     31       -870.01120
     32      -4006.23100
     33     -11475.17000
     34     -21037.86000
     35     -24722.39000
     36     -21006.08000
     37     -15771.87000
     38     -12663.31000
     39     -14936.62000
     40     -25711.19000
     41     -34082.91000
     42     -21413.82000
     43       6312.52500
     44      19583.77000
     45      11382.21000
     46       8203.05000
     47      19139.11000
     48      13757.27000
     49     -23419.30000
     50     -53585.38000
     51     -35179.12000
     52      12537.76000
     53      36778.25000
     54      23436.50000
     55       2653.68700
     56      -5607.59700
     57     -10383.38000
     58     -16795.79000
     59     -12931.54000
     60       1166.77000
     61       1579.20500
     62     -24824.30000
     63     -52592.39000
     64     -47011.96000
     65     -12015.93000
     66      16533.07000
     67      21136.25000
     68      16608.66000
     69      14142.78000
     70       6822.93500
     71      -3529.97200
     72        378.43140
     73      23183.30000
     74      48347.21000
     75      60051.55000
     76      53418.45000
     77      29727.29000
     78       -557.05180
     79     -20141.43000
     80     -23831.81000
     81     -24371.59000
     82     -30592.28000
     83     -31585.84000
     84     -11773.25000
     85      24919.43000
     86      54996.40000
     87      58630.84000
     88      34322.71000
     89      -7310.26200
     90     -47457.48000
     91     -56922.33000
     92     -17778.89000
     93      44770.92000
     94      79220.54000
     95      65414.05000
     96      30794.02000
     97       4032.90700
     98     -19947.64000
     99     -57276.58000
    100     -97899.08000
    101    -111427.90000
    102     -87660.09000
    103     -52635.95000
    104     -34648.39000
    105     -29621.80000
    106     -16737.83000
    107       5849.76100
    108      22205.85000
    109      25795.66000
    110      24208.19000
    111      21671.60000
    112      15400.66000
    113       7913.96600
    114       7572.77800
    115      14359.37000
    116      17569.87000
    117      11419.65000
    118       1444.33100
    119      -8524.35700
    120     -23365.36000
    121     -43923.02000
    122     -57626.30000
    123     -50492.59000
    124     -25542.81000
    125      -2826.46400
    126       1418.93900
    127      -8992.56400
    128     -21587.04000
    129     -34239.26000
    130     -46783.63000
    131     -45834.73000
    132     -23830.39000
    133      -1565.79500
    134      -1571.64300
    135     -12296.77000
    136      -9478.30300
    137       4591.00700
    138      14103.22000
    139      21259.88000
    140      33028.35000
    141      36933.44000
    142      19972.19000
    143      -5417.66000
    144     -17717.47000
    145     -13996.66000
    146      -5410.19900
    147       -217.51170
    148      -1817.67200
    149     -10055.42000
    150     -17474.33000
    151     -15019.80000
    152      -4689.96300
    153        703.72270
    154      -8838.84000
    155     -30480.91000
    156     -51483.41000
    157     -59907.82000
    158     -51974.88000
    159     -31310.13000
    160      -6551.32400
    161      10779.14000
    162      13607.02000
    163       3628.95300
    164     -15162.86000
    165     -38181.59000
    166     -52658.84000
    167     -46143.80000
    168     -26391.25000
    169     -12602.19000
    170      -7661.15600
    171        372.96480
    172      15529.06000
    173      31611.84000
    174      41564.08000
    175      36419.43000
    176      11543.55000
    177     -18891.33000
    178     -31763.89000
    179     -22263.71000
    180      -5851.27100
    181       3625.44100
    182       3420.37900
    183      -5800.46300
    184     -22142.12000
    185     -36476.66000
    186     -36914.69000
    187     -25298.47000
    188     -18911.85000
    189     -26048.04000
    190     -31885.42000
    191     -21056.11000
    192       -372.95310
    193      13251.82000
    194      12141.70000
    195      -3585.68000
    196     -28362.43000
    197     -47519.47000
    198     -49936.78000
    199     -44040.31000
    200     -43177.60000
    201     -41093.45000
    202     -24187.66000
    203      -2775.98000
    204      -3705.88500
    205     -27657.39000
    206     -38737.95000
    207     -10517.83000
    208      34909.92000
    209      51327.88000
    210      21278.38000
    211     -29357.37000
    212     -60343.09000
    213     -51330.38000
    214     -15382.91000
    215      16757.00000
    216      29348.90000
    217      31585.12000
    218      32256.39000
    219      25858.04000
    220      13804.05000
    221      14144.86000
    222      34372.79000
    223      56039.23000
    224      58864.69000
    225      40557.81000
    226       6998.00400
    227     -34508.93000
    228     -67108.97000
    229     -72792.75000
    230     -54362.25000
    231     -30761.04000
    232     -11569.48000
    233       4192.61700
    234       9517.20300
    235      -3276.55100
    236     -19214.61000
    237     -14288.80000
    238       5408.81600
    239       8443.72700
    240     -13181.03000
    241     -31393.41000
    242     -27021.25000
    243     -15184.22000
    244     -11858.26000
    245      -6765.75800
    246      10688.77000
    247      24273.43000
    248      12866.98000
    249     -16767.51000
    250     -38805.42000
    251     -39547.49000
    252     -24999.77000
    253      -5530.08600
    254      11687.66000
    255      18303.94000
    256       7554.84400
    257     -15864.79000
    258     -37513.19000
    259     -47430.91000
    260     -46940.20000
    261     -41957.54000
    262     -35790.89000
    263     -29765.77000
    264     -27367.39000
    265     -33768.96000
    266     -47034.90000
    267     -54130.99000
    268     -46871.81000
    269     -36804.93000
    270     -37968.69000
    271     -42230.72000
    272     -34256.54000
    273     -22166.29000
    274     -26391.04000
    275     -44739.67000
    276     -54120.86000
    277     -42987.36000
    278     -22285.30000
    279      -8959.23400
    280     -12101.96000
    281     -28986.05000
    282     -45309.62000
    283     -46531.53000
    284     -35783.59000
    285     -31470.50000
    286     -40951.50000
    287     -47772.38000
    288     -35277.35000
    289     -12813.17000
    290      -3443.94500
    291     -11842.89000
    292     -20599.55000
    293     -16392.64000
    294      -4160.48800
    295       5457.53900
    296       9702.25800
    297      10776.88000
    298       8023.75800
    299      -1218.68400
    300     -15163.29000
    301     -25973.28000
    302     -26265.85000
    303     -15312.14000
    304       1039.83600
    305      12972.05000
    306      11781.17000
    307        346.60940
    308      -5320.02000
    309       3788.63300
    310      15720.45000
    311      17244.00000
    312      14038.72000
    313      13042.35000
    314       2374.24600
    315     -26783.34000
    316     -54723.41000
    317     -55521.70000
    318     -33367.01000
    319     -14770.36000
    320     -14786.48000
    321     -29096.23000
    322     -48971.51000
    323     -63844.02000
    324     -56475.34000
    325     -19092.08000
    326      25186.20000
    327      38851.70000
    328      15750.29000
    329      -7554.56200
    330       2051.34400
    331      31414.96000
    332      41872.21000
    333      22464.56000
    334      -2047.79300
    335     -11350.02000
    336      -7956.38700
    337       3339.20300
    338      19220.82000
    339      20686.07000
    340      -9117.77300
    341     -50188.09000
    342     -64680.34000
    343     -44235.62000
    344      -8386.72300
    345      25726.37000
    346      45031.87000
    347      38225.49000
    348      14684.55000
    349        682.64060
    350       3793.44900
    351       4210.04700
    352     -14534.59000
    353     -44000.55000
    354     -59911.43000
    355     -45520.38000
    356     -10529.25000
    357      14701.69000
    358      10360.34000
    359     -13048.44000
    360     -28580.91000
    361     -18779.76000
    362       9818.61300
    363      30822.80000
    364      24297.27000
    365       3275.11300
    366       -698.17190
    367      18641.20000
    368      33541.52000
    369      24055.82000
    370       6115.47300
    371       3992.47700
    372      13611.78000
    373      13259.09000
    374       -195.28120
    375      -8781.09800
    376      -3728.01200
    377       3458.46100
    378       2767.23800
    379        713.64060
    380       6532.82800
    381      15196.36000
    382      12358.95000
    383      -8003.05500
    384     -36027.90000
    385     -54968.38000
    386     -56416.88000
    387     -46705.56000
    388     -37859.79000
    389     -33765.41000
    390     -28884.91000
    391     -20562.11000
    392     -17122.45000
    393     -30024.77000
    394     -57199.55000
    395     -77122.84000
    396     -68746.74000
    397     -40068.59000
    398     -22263.55000
    399     -27853.25000
    400     -35342.88000
    401     -27068.72000
    402     -16982.45000
    403     -23083.57000
    404     -34874.91000
    405     -28827.77000
    406      -1916.67200
    407      25352.12000
    408      31941.20000
    409      14419.39000
    410     -12475.33000
    411     -30051.99000
    412     -34393.24000
    413     -40260.59000
    414     -58838.19000
    415     -74455.40000
    416     -61345.84000
    417     -24835.66000
    418       -389.43750
    419      -5338.03900
    420     -21308.83000
    421     -31585.45000
    422     -40777.61000
    423     -48298.77000
    424     -37478.77000
    425      -4853.27300
    426      25041.70000
    427      26340.70000
    428        439.18750
    429     -28274.50000
    430     -40277.28000
    431     -39061.16000
    432     -38915.50000
    433     -40623.82000
    434     -30983.52000
    435      -5587.19500
    436      20735.73000
    437      29912.60000
    438      19925.92000
    439       2803.97700
    440     -12738.52000
    441     -27219.43000
    442     -38079.69000
    443     -36490.56000
    444     -23001.53000
    445     -11123.32000
    446      -9109.41400
    447     -13469.91000
    448     -23123.73000
    449     -42387.39000
    450     -68302.51000
    451     -88633.73000
    452     -92380.42000
    453     -76760.83000
    454     -49669.27000
    455     -26851.30000
    456     -17190.12000
    457     -11573.22000
    458       4671.31200
    459      30483.38000
    460      47856.34000
    461      41384.65000
    462      15339.93000
    463      -8896.57000
    464     -13208.05000
    465        102.51560
    466      14151.98000
    467      18642.88000
    468      17989.98000
    469      17038.95000
    470       8291.22700
    471     -16143.53000
    472     -43234.56000
    473     -46168.44000
    474     -18082.84000
    475      16206.80000
    476      30386.87000
    477      24136.18000
    478      12417.86000
    479       3441.73400
    480      -3387.45300
    481     -10460.74000
    482     -19662.15000
    483     -26782.90000
    484     -19200.66000
    485       6755.46900
    486      30985.75000
    487      30989.30000
    488      13621.44000
    489       3303.11700
    490       3469.98400
    491      -3482.38300
    492     -20634.76000
    493     -31102.77000
    494     -29620.23000
    495     -29130.77000
    496     -32654.87000
    497     -28105.86000
    498     -16198.21000
    499     -14969.12000
    500     -29175.27000
    501     -39562.72000
    502     -31485.28000
    503     -14740.41000
    504      -5406.60200
    505      -4144.63300
    506      -3099.57000
    507      -1743.14100
    508      -3595.60900
    509      -6831.17200
    510      -9701.02300
    511     -15646.95000
    512     -23577.65000
    513     -24901.59000
    514     -17731.02000
    515      -8872.09400
    516        637.87500
    517      11241.38000
    518      10766.30000
    519      -6739.00800
    520     -17347.60000
    521        789.01560
    522      23816.45000
    523      11820.67000
    524     -30022.96000
    525     -61582.62000
    526     -65528.96000
    527     -55769.00000
    528     -43067.62000
    529     -28726.03000
    530     -19828.28000
    531     -20317.29000
    532     -19048.85000
    533      -9158.19500
    534      -4419.82800
    535     -17065.55000
    536     -34917.64000
    537     -39378.61000
    538     -32375.34000
    539     -29076.05000
    540     -34991.84000
    541     -43473.25000
    542     -47247.62000
    543     -44111.66000
    544     -38381.09000
    545     -37773.95000
    546     -42845.57000
    547     -45664.66000
    548     -43782.36000
    549     -41578.08000
    550     -34595.86000
    551     -14663.46000
    552       7372.22700
    553       9499.97700
    554      -9575.62500
    555     -29068.62000
    556     -32282.11000
    557     -18065.09000
    558       1815.71900
    559       6412.22700
    560     -16161.88000
    561     -50399.00000
    562     -70853.06000
    563     -70775.26000
    564     -56644.41000
    565     -31550.85000
    566      -2020.82800
    567      18343.65000
    568      25793.95000
    569      27660.13000
    570      22866.11000
    571       2927.82000
    572     -27079.03000
    573     -49108.80000
    574     -54402.47000
    575     -50640.47000
    576     -47248.09000
    577     -43005.38000
    578     -31408.76000
    579     -15018.38000
    580      -7825.79700
    581     -17299.05000
    582     -29407.55000
    583     -21630.02000
    584      10507.29000
    585      48107.32000
    586      69629.44000
    587      70672.38000
    588      64849.78000
    589      69486.16000
    590      87829.34000
    591     101864.40000
    592      88336.99000
    593      47962.58000
    594      10982.13000
    595       3971.99200
    596      17127.58000
    597      16969.79000
    598     -11855.77000
    599     -50412.34000
    600     -69406.37000
    601     -56368.34000
    602     -17782.84000
    603      30847.19000
    604      69634.80000
    605      80929.17000
    606      63109.68000
    607      33506.05000
    608      10670.98000
    609       -451.29690
    610      -3640.83600
    611      -2472.65600
    612        721.48440
    613       8670.72700
    614      31366.41000
    615      71250.03000
    616     109103.10000
    617     119448.50000
    618      99202.84000
    619      70319.52000
    620      55281.09000
    621      54876.77000
    622      51938.13000
    623      39028.82000
    624      32212.70000
    625      41522.01000
    626      45285.70000
    627      28703.56000
    628      27079.81000
    629      79730.26000
    630     158490.70000
    631     199674.70000
    632     193691.50000
    633     187450.50000
    634     211271.70000
    635     252548.20000
    636     291981.20000
    637     325981.90000
    638     356884.20000
    639     382619.50000
    640     395677.00000
    641     389693.00000
    642     374145.10000
    643     378629.10000
    644     429289.20000
    645     524877.00000
    646     649746.80000
    647     808209.80000
    648    1038359.00000
    649    1416645.00000
    650    2072579.00000
    651    3123303.00000
    652    4469704.00000
    653    5680254.00000
    654    6248846.00000
    655    6030138.00000
    656    5317525.00000
    657    4484808.00000
    658    3691848.00000
    659    2954743.00000
    660    2317685.00000
    661    1844014.00000
    662    1525466.00000
    663    1294771.00000
    664    1103272.00000
    665     942333.80000
    666     810039.00000
    667     698418.90000
    668     608727.90000
    669     545595.80000
    670     493093.70000
    671     427473.00000
    672     357481.10000
    673     320207.60000
    674     329310.30000
    675     352998.40000
    676     349981.40000
    677     308356.30000
    678     245740.10000
    679     187662.20000
    680     154207.50000
    681     156366.30000
    682     187015.20000
    683     215125.30000
    684     209028.90000
    685     171797.50000
    686     136720.90000
    687     126988.10000
    688     138710.90000
    689     157860.30000
    690     170191.10000
    691     161388.50000
    692     131997.70000
    693     107212.00000
    694     110509.40000
    695     130405.80000
    696     131683.40000
    697      99604.48000
    698      54995.45000
    699      22294.15000
    700       6507.81200
    701      12005.48000
    702      50505.21000
    703     105829.50000
    704     126932.50000
    705      91406.16000
    706      43235.72000
    707      31902.45000
    708      47450.48000
    709      52022.94000
    710      43096.20000
    711      45959.52000
    712      63849.44000
    713      70793.02000
    714      50503.22000
    715      20437.00000
    716       9453.48400
    717      20763.08000
    718      32863.72000
    719      36804.19000
    720      48549.88000
    721      75812.34000
    722      99432.72000
    723     102910.80000
    724      96858.02000
    725      99798.61000
    726     114501.00000
    727     133767.90000
    728     151679.20000
    729     161219.50000
    730     155488.00000
    731     137994.80000
    732     122608.50000
    733     118047.30000
    734     116075.50000
    735      98912.45000
    736      61784.36000
    737      27552.39000
    738      28476.28000
    739      66806.30000
    740     106098.70000
    741     114059.80000
    742      99532.50000
    743      89688.09000
    744      87481.91000
    745      77179.58000
    746      58825.80000
    747      47840.88000
    748      47484.16000
    749      47678.39000
    750      46356.12000
    751      49038.97000
    752      51044.61000
    753      42389.52000
    754      29020.17000
    755      27407.33000
    756      37425.06000
    757      44649.75000
    758      50516.16000
    759      69710.88000
    760      94578.17000
    761      99728.11000
    762      86751.47000
    763      82514.22000
    764      90871.77000
    765      91122.19000
    766      82678.19000
    767      84970.81000
    768      98080.53000
    769     105158.10000
    770     105470.80000
    771     111736.20000
    772     123520.10000
    773     125015.40000
    774     104250.00000
    775      70045.31000
    776      51963.75000
    777      72955.72000
    778     121086.90000
    779     161901.90000
    780     172085.40000
    781     150858.80000
    782     119257.00000
    783     113519.40000
    784     146068.40000
    785     175069.80000
    786     154745.30000
    787     104250.70000
    788      77743.25000
    789      83518.88000
    790      84984.39000
    791      68357.27000
    792      60921.41000
    793      81949.81000
    794     108931.80000
    795     108566.00000
    796      88911.47000
    797      91829.94000
    798     127624.30000
    799     155263.10000
    800     147030.40000
    801     130923.80000
    802     142242.30000
    803     169570.90000
    804     172489.00000
    805     130321.80000
    806      64301.05000
    807      20638.73000
    808      22560.03000
    809      41912.12000
    810      41822.64000
    811      30098.05000
    812      32416.72000
    813      39134.25000
    814      27456.75000
    815       9261.00000
    816       8159.00000
    817      13879.19000
    818       1805.06200
    819     -23394.92000
    820     -36203.70000
    821     -25476.88000
    822       -775.10940
    823      22387.75000
    824      32078.70000
    825      27022.73000
    826      19959.53000
    827      24279.86000
    828      36769.39000
    829      42867.72000
    830      36590.97000
    831      23316.12000
    832       5655.03100
    833     -17383.25000
    834     -36130.61000
    835     -33159.42000
    836      -7529.32800
    837      19408.69000
    838      31555.58000
    839      37628.73000
    840      51422.42000
    841      65180.20000
    842      60089.02000
    843      37600.31000
    844      20478.38000
    845      21381.59000
    846      29564.89000
    847      32814.48000
    848      33354.77000
    849      36664.41000
    850      42831.31000
    851      50856.36000
    852      53979.98000
    853      37428.11000
    854       1591.85900
    855     -25170.70000
    856     -20188.77000
    857       2873.14100
    858      18065.47000
    859      22140.36000
    860      25854.31000
    861      29069.00000
    862      22965.91000
    863       7528.84400
    864      -2546.09400
    865       9969.73400
    866      41228.14000
    867      59139.53000
    868      36915.02000
    869      -8988.68800
    870     -35344.64000
    871     -23413.12000
    872       5669.17200
    873      20477.12000
    874       6620.20300
    875     -25831.06000
    876     -48402.22000
    877     -41001.58000
    878     -19486.56000
    879     -15831.86000
    880     -29820.56000
    881     -32499.06000
    882     -18165.89000
    883     -12285.98000
    884     -23642.31000
    885     -31793.19000
    886     -29489.17000
    887     -34384.38000
    888     -47351.50000
    889     -39752.44000
    890       -447.98440
    891      36796.59000
    892      35790.42000
    893       5689.54700
    894     -16635.50000
    895     -16963.22000
    896     -12371.66000
    897     -17394.81000
    898     -25025.08000
    899     -24320.75000
    900     -21241.73000
    901     -31507.56000
    902     -55045.28000
    903     -68207.53000
    904     -50812.98000
    905     -15520.27000
    906       2572.81200
    907     -13728.92000
    908     -42465.20000
    909     -45448.80000
    910     -11467.20000
    911      28733.25000
    912      38034.72000
    913      14822.39000
    914     -15489.98000
    915     -36224.94000
    916     -43221.72000
    917     -30221.09000
    918        693.42190
    919      28444.70000
    920      34108.91000
    921      19111.84000
    922      -4057.31200
    923     -19655.34000
    924     -12180.83000
    925      12816.83000
    926      23060.02000
    927       -835.03120
    928     -36518.97000
    929     -51003.75000
    930     -38486.12000
    931     -11490.30000
    932      18477.75000
    933      36826.09000
    934      30692.73000
    935      11845.25000
    936       8505.20300
    937      24474.83000
    938      34299.36000
    939      28392.39000
    940      30165.55000
    941      51352.39000
    942      62920.03000
    943      37588.88000
    944      -3761.81200
    945     -21300.20000
    946     -14772.41000
    947     -17741.45000
    948     -43105.91000
    949     -68286.11000
    950     -72187.39000
    951     -59027.36000
    952     -44122.41000
    953     -34445.91000
    954     -25601.48000
    955     -10575.84000
    956       7932.37500
    957      13949.52000
    958      -6378.62500
    959     -44857.36000
    960     -73676.48000
    961     -73456.72000
    962     -54339.38000
    963     -39319.33000
    964     -31796.16000
    965     -18520.56000
    966        370.03120
    967      11787.64000
    968      15204.66000
    969      18295.39000
    970      16323.23000
    971       5326.10900
    972        395.98440
    973      11755.23000
    974      19661.84000
    975      -1409.28100
    976     -44841.25000
    977     -74421.48000
    978     -62224.94000
    979     -21085.61000
    980       5759.25000
    981      -3621.37500
    982     -20679.03000
    983      -7998.65600
    984      25158.59000
    985      37182.88000
    986      13566.91000
    987     -17811.28000
    988     -28970.89000
    989     -23699.64000
    990     -21875.31000
    991     -30424.41000
    992     -38986.62000
    993     -34864.52000
    994     -15858.34000
    995       6415.56200
    996      15000.06000
    997       3250.70300
    998     -21226.92000
    999     -48153.72000
   1000     -69329.55000
   1001     -73410.50000
   1002     -55257.48000
   1003     -31524.69000
   1004     -24816.67000
   1005     -31079.83000
   1006     -27975.20000
   1007     -17584.62000
   1008     -29126.14000
   1009     -69861.31000
   1010    -103598.80000
   1011     -92950.58000
   1012     -40871.64000
   1013      18317.61000
   1014      48474.39000
   1015      32120.50000
   1016     -15751.05000
   1017     -56130.70000
   1018     -64184.20000
   1019     -49765.59000
   1020     -33426.70000
   1021     -22713.47000
   1022     -16754.84000
   1023     -11893.97000
   1024      -1291.96900
   1025      15492.94000
   1026      30230.62000
   1027      40520.97000
   1028      49391.45000
   1029      49286.17000
   1030      29590.36000
   1031      -1829.81200
   1032     -26082.17000
   1033     -34733.56000
   1034     -28704.27000
   1035     -12675.56000
   1036      -3143.90600
   1037     -17400.78000
   1038     -42460.88000
   1039     -44452.45000
   1040     -18875.69000
   1041       2073.81200
   1042       -652.10940
   1043     -14830.91000
   1044     -31936.80000
   1045     -55148.34000
   1046     -69822.22000
   1047     -53156.20000
   1048     -16558.34000
   1049       1881.59400
   1050     -14140.06000
   1051     -46360.17000
   1052     -66932.39000
   1053     -57688.31000
   1054     -21570.78000
   1055      15786.62000
   1056      31919.20000
   1057      29430.70000
   1058      17632.27000
   1059      -6581.12500
   1060     -40015.03000
   1061     -59515.70000
   1062     -47407.69000
   1063     -14886.14000
   1064       9462.09400
   1065       6046.73400
   1066     -17557.41000
   1067     -30461.91000
   1068     -12881.58000
   1069      14439.91000
   1070      16540.98000
   1071      -4456.29700
   1072     -14186.27000
   1073      -1007.96900
   1074       9935.98400
   1075       4019.00000
   1076       -921.46880
   1077       2811.78100
   1078     -10285.41000
   1079     -51217.36000
   1080     -87232.39000
   1081     -93213.12000
   1082     -87510.77000
   1083     -84379.28000
   1084     -66145.23000
   1085     -35034.92000
   1086     -29506.50000
   1087     -58609.25000
   1088     -82708.66000
   1089     -79398.25000
   1090     -68533.77000
   1091     -65345.83000
   1092     -62005.53000
   1093     -52319.86000
   1094     -37579.38000
   1095     -20984.98000
   1096     -12286.86000
   1097     -15594.77000
   1098     -17523.36000
   1099     -13506.84000
   1100     -21408.06000
   1101     -41188.36000
   1102     -40554.30000
   1103      -9961.84400
   1104      11328.45000
   1105      -7941.78100
   1106     -44743.95000
   1107     -54830.23000
   1108     -26508.78000
   1109      13048.89000
   1110      29955.23000
   1111      13259.25000
   1112     -19332.33000
   1113     -37508.28000
   1114     -24299.38000
   1115       5388.17200
   1116      17268.19000
   1117        -48.87500
   1118     -18864.52000
   1119     -16409.33000
   1120     -10429.45000
   1121     -23822.12000
   1122     -44478.00000
   1123     -51295.77000
   1124     -46114.56000
   1125     -34217.44000
   1126     -11821.41000
   1127      10285.17000
   1128      11675.14000
   1129      -2273.67200
   1130      -8405.60900
   1131      -3563.64100
   1132       -874.23440
   1133      -3456.09400
   1134      -8210.28100
   1135     -16362.27000
   1136     -24855.09000
   1137     -26321.83000
   1138     -20744.38000
   1139     -13567.12000
   1140     -10892.72000
   1141     -22028.78000
   1142     -47209.59000
   1143     -64489.39000
   1144     -53360.64000
   1145     -23721.70000
   1146       -227.21880
   1147       7242.17200
   1148       2191.75000
   1149      -8434.90600
   1150     -14006.02000
   1151     -10112.77000
   1152      -6480.07800
   1153      -8437.25000
   1154      -6244.76600
   1155       1410.50000
   1156       -716.28120
   1157     -13972.09000
   1158     -16794.50000
   1159        -74.34375
   1160      16303.14000
   1161      13420.86000
   1162      -2513.95300
   1163     -14244.92000
   1164     -16883.52000
   1165     -19636.52000
   1166     -30690.53000
   1167     -47727.14000
   1168     -62552.77000
   1169     -65700.98000
   1170     -47274.53000
   1171     -11045.75000
   1172      14191.02000
   1173       3903.92200
   1174     -25208.52000
   1175     -39469.50000
   1176     -38852.03000
   1177     -44875.55000
   1178     -53594.75000
   1179     -43695.95000
   1180     -19260.75000
   1181      -7550.37500
   1182     -22684.86000
   1183     -53850.73000
   1184     -79052.77000
   1185     -80125.78000
   1186     -56311.62000
   1187     -27477.16000
   1188     -14625.02000
   1189     -19236.03000
   1190     -28291.73000
   1191     -32849.27000
   1192     -33527.20000
   1193     -32689.92000
   1194     -29293.38000
   1195     -22435.80000
   1196     -17504.66000
   1197     -23304.64000
   1198     -37901.12000
   1199     -43569.00000
   1200     -28622.50000
   1201      -9066.25000
   1202     -10406.44000
   1203     -33412.58000
   1204     -58259.83000
   1205     -73256.53000
   1206     -75800.84000
   1207     -58933.86000
   1208     -24452.30000
   1209       3617.87500
   1210       2076.14100
   1211     -24334.22000
   1212     -49892.27000
   1213     -51124.25000
   1214     -23576.30000
   1215      12691.84000
   1216      29731.14000
   1217      19856.36000
   1218      -2471.71900
   1219     -22365.44000
   1220     -31634.75000
   1221     -25666.94000
   1222     -13623.09000
   1223     -19730.20000
   1224     -55455.30000
   1225     -99615.58000
   1226    -118102.40000
   1227     -96760.02000
   1228     -51610.38000
   1229     -12965.83000
   1230        237.35940
   1231      -5827.34400
   1232     -12359.02000
   1233     -12385.70000
   1234     -15923.72000
   1235     -30275.73000
