      1     -35863.98000
      2     -22455.71000
      3     -22184.88000
      4     -56681.32000
      5     -94976.77000
      6     -88931.47000
      7     -41042.91000
      8      -3229.10900
      9      -6188.86700
     10     -26613.50000
     11     -34644.29000
     12     -35261.98000
     13     -42645.18000
     14     -47329.47000
     15     -32809.35000
     16      -1305.70300
     17      32370.57000
     18      54377.91000
     19      55269.65000
     20      38393.92000
     21      20382.38000
     22       7507.78100
     23     -12621.02000
     24     -41144.17000
     25     -55740.34000
     26     -44991.69000
     27     -25638.23000
     28     -12982.95000
     29      -5631.93000
     30      -4729.00000
     31     -14578.33000
     32     -24921.55000
     33     -24972.55000
     34     -25964.04000
     35     -39851.23000
     36     -52275.30000
     37     -46551.09000
     38     -34375.59000
     39     -33672.67000
     40     -37142.52000
     41     -32368.47000
     42     -32282.13000
     43     -50979.77000
     44     -67432.93000
     45     -54230.69000
     46     -28799.29000
     47     -29958.58000
     48     -54158.65000
     49     -64566.31000
     50     -52898.51000
     51     -41590.92000
     52     -35282.99000
     53     -19330.94000
     54       1777.18000
     55       5928.23400
     56     -12340.47000
     57     -36407.62000
     58     -50307.76000
     59     -49342.27000
     60     -34579.02000
     61     -11774.47000
     62       3909.23400
     63      -4060.57800
     64     -32455.05000
     65     -55742.82000
     66     -53316.51000
     67     -28324.46000
     68       3279.34400
     69      23716.75000
     70      15090.68000
     71     -25819.52000
     72     -75952.31000
     73    -105610.70000
     74    -103277.30000
     75     -77064.11000
     76     -47868.28000
     77     -36886.63000
     78     -43360.58000
     79     -47568.80000
     80     -42522.65000
     81     -37004.95000
     82     -30112.52000
     83     -17176.43000
     84      -8905.43800
     85     -12328.57000
     86     -15642.37000
     87     -14857.94000
     88     -22347.69000
     89     -37108.85000
     90     -43338.98000
     91     -36035.69000
     92     -16654.48000
     93      15905.08000
     94      44403.08000
     95      39027.63000
     96       3537.55500
     97     -24702.23000
     98     -29682.09000
     99     -30389.77000
    100     -37380.97000
    101     -34931.17000
    102     -11117.49000
    103      20283.97000
    104      35742.34000
    105      30175.46000
    106      19354.23000
    107      13940.06000
    108       6897.83600
    109      -5436.07800
    110     -11366.02000
    111      -4492.63300
    112       5650.64100
    113       9976.04700
    114       6809.78900
    115      -4266.75000
    116     -18436.01000
    117     -28122.68000
    118     -37843.16000
    119     -53345.38000
    120     -59306.60000
    121     -42295.23000
    122     -24489.19000
    123     -32820.01000
    124     -51392.48000
    125     -46919.83000
    126     -22010.77000
    127      -4456.28100
    128      -3926.70300
    129     -12481.18000
    130     -29660.18000
    131     -58792.91000
    132     -87644.60000
    133     -93188.21000
    134     -67181.94000
    135     -29074.16000
    136      -7417.25800
    137      -8700.20300
    138     -13562.91000
    139      -6304.13300
    140       4282.89100
    141        702.63280
    142     -17425.21000
    143     -33335.86000
    144     -34406.92000
    145     -26013.52000
    146     -22760.34000
    147     -29486.75000
    148     -35091.24000
    149     -26333.55000
    150      -5087.37500
    151      10226.77000
    152       2657.42200
    153     -22993.59000
    154     -44133.57000
    155     -47608.73000
    156     -40822.39000
    157     -29771.96000
    158      -7935.57000
    159      19530.52000
    160      26901.79000
    161       3266.63300
    162     -27140.44000
    163     -38338.48000
    164     -32637.09000
    165     -24752.44000
    166     -20642.47000
    167     -21036.48000
    168     -25975.68000
    169     -33751.91000
    170     -45989.26000
    171     -61245.83000
    172     -59815.64000
    173     -23087.13000
    174      27696.80000
    175      46420.05000
    176      20578.26000
    177     -16787.62000
    178     -33990.42000
    179     -32194.90000
    180     -28734.18000
    181     -28292.25000
    182     -20168.91000
    183      -4074.23400
    184      -3568.35900
    185     -33996.10000
    186     -71746.16000
    187     -83909.80000
    188     -71292.46000
    189     -53039.40000
    190     -34643.70000
    191     -21010.70000
    192     -31243.34000
    193     -69294.04000
    194    -101762.60000
    195     -90225.05000
    196     -36575.62000
    197      16229.12000
    198      27206.01000
    199      -4237.21100
    200     -45697.97000
    201     -68598.23000
    202     -66039.98000
    203     -44535.72000
    204     -16498.15000
    205       5773.71100
    206      20099.58000
    207      30404.23000
    208      31235.28000
    209      11470.53000
    210     -26624.30000
    211     -65569.49000
    212     -88244.19000
    213     -88271.54000
    214     -70327.35000
    215     -46785.94000
    216     -30910.47000
    217     -27356.54000
    218     -27567.23000
    219     -19186.37000
    220      -4347.25800
    221       -871.35940
    222     -18393.17000
    223     -42444.75000
    224     -50406.69000
    225     -35839.64000
    226     -11112.14000
    227       8937.34400
    228      20555.59000
    229      24646.52000
    230      13126.41000
    231     -18332.38000
    232     -45354.22000
    233     -36615.64000
    234      -5630.76600
    235       2013.71900
    236     -19401.61000
    237     -26193.33000
    238        927.39060
    239      26273.59000
    240      18899.83000
    241      -5164.35900
    242     -18840.84000
    243     -21077.53000
    244     -20181.69000
    245     -14232.48000
    246      -4144.15600
    247      -2017.43800
    248     -14745.52000
    249     -33109.73000
    250     -41278.88000
    251     -31411.09000
    252     -11727.14000
    253        -83.98438
    254      -6309.68800
    255     -26177.45000
    256     -49184.91000
    257     -57867.83000
    258     -32056.59000
    259      20966.16000
    260      58825.02000
    261      53918.89000
    262      27263.56000
    263      10220.59000
    264       5865.14100
    265       6174.18800
    266       9555.29700
    267       7879.26600
    268      -8728.42200
    269     -28809.11000
    270     -31519.38000
    271     -18343.22000
    272      -8885.29700
    273     -13948.28000
    274     -29773.25000
    275     -45649.39000
    276     -46253.42000
    277     -24000.78000
    278       3891.28100
    279      10093.80000
    280      -6266.26600
    281     -18968.73000
    282     -14782.66000
    283     -10924.94000
    284     -25518.45000
    285     -50964.05000
    286     -66750.78000
    287     -64899.11000
    288     -53935.61000
    289     -46093.38000
    290     -46765.03000
    291     -51298.56000
    292     -47304.84000
    293     -26265.50000
    294       1223.62500
    295      10828.17000
    296      -3526.35900
    297     -16110.34000
    298      -7200.79700
    299        935.10940
    300     -24421.30000
    301     -70693.75000
    302     -92110.36000
    303     -72712.14000
    304     -42448.34000
    305     -29245.98000
    306     -24956.66000
    307      -6217.01600
    308      30287.94000
    309      62584.47000
    310      68357.52000
    311      50067.27000
    312      29942.28000
    313      19171.19000
    314       5104.35900
    315     -22858.78000
    316     -50874.55000
    317     -58385.86000
    318     -46514.55000
    319     -33220.20000
    320     -25968.34000
    321     -14387.06000
    322       4609.89100
    323       7348.64100
    324     -29845.62000
    325     -85681.69000
    326    -103870.00000
    327     -58146.22000
    328      16676.89000
    329      66669.61000
    330      70517.05000
    331      45505.05000
    332      20489.62000
    333       7809.25000
    334      -3384.82800
    335     -24936.08000
    336     -49207.00000
    337     -60764.30000
    338     -56064.17000
    339     -41224.34000
    340     -25294.75000
    341     -20838.81000
    342     -32246.53000
    343     -44235.48000
    344     -41538.22000
    345     -32801.45000
    346     -34320.80000
    347     -40777.53000
    348     -34257.88000
    349     -12903.11000
    350       8408.32800
    351      17595.34000
    352       9729.39100
    353     -16462.75000
    354     -47878.50000
    355     -54607.59000
    356     -22711.97000
    357      17995.98000
    358      25302.02000
    359      -1917.56200
    360     -27856.44000
    361     -30671.11000
    362     -19310.88000
    363      -5499.56200
    364       7927.26600
    365      12211.34000
    366      -3521.73400
    367     -31133.88000
    368     -47487.19000
    369     -38874.08000
    370     -10762.70000
    371      16146.19000
    372      14880.28000
    373     -22065.42000
    374     -61297.34000
    375     -57498.41000
    376      -8429.23400
    377      39809.98000
    378      43851.73000
    379       5317.70300
    380     -35844.55000
    381     -42252.36000
    382     -15410.66000
    383       9609.31200
    384       5548.89100
    385     -20308.02000
    386     -41183.03000
    387     -40597.69000
    388     -25715.55000
    389     -17120.41000
    390     -25904.47000
    391     -44984.34000
    392     -62533.77000
    393     -69180.36000
    394     -53511.03000
    395     -15022.14000
    396      20497.33000
    397      24363.31000
    398      -2929.31200
    399     -42107.33000
    400     -79583.20000
    401    -104266.90000
    402    -103819.20000
    403     -80823.91000
    404     -54276.31000
    405     -37016.38000
    406     -25967.69000
    407     -16983.64000
    408     -15545.52000
    409     -25747.67000
    410     -35012.59000
    411     -24285.20000
    412       3299.07800
    413      21300.66000
    414      14208.64000
    415      -6250.84400
    416     -22558.30000
    417     -25691.47000
    418      -9643.31200
    419      20435.08000
    420      37551.77000
    421      18933.41000
    422     -17963.22000
    423     -30468.02000
    424      -4562.31200
    425      24389.19000
    426      13587.95000
    427     -34377.70000
    428     -75629.02000
    429     -80518.44000
    430     -65442.00000
    431     -60966.70000
    432     -68371.41000
    433     -64036.16000
    434     -35427.48000
    435       2306.64100
    436      23390.56000
    437      17108.25000
    438      -5706.23400
    439     -28754.25000
    440     -43623.80000
    441     -45706.72000
    442     -31966.86000
    443      -9795.29700
    444       7171.09400
    445      16018.97000
    446      21834.45000
    447      23132.27000
    448      18384.34000
    449      15107.39000
    450      14193.50000
    451       5548.34400
    452      -5685.92200
    453       1768.03100
    454      26556.61000
    455      37668.55000
    456      17662.03000
    457     -16229.44000
    458     -38736.20000
    459     -39923.86000
    460     -23256.03000
    461        309.35940
    462      17967.50000
    463      25653.75000
    464      29055.75000
    465      30426.59000
    466      22768.77000
    467       4586.10900
    468      -7660.34400
    469       3127.39100
    470      27264.27000
    471      37458.09000
    472      24951.09000
    473       4026.54700
    474     -14075.08000
    475     -24541.89000
    476     -17000.64000
    477       9029.45300
    478      30657.52000
    479      31645.94000
    480      26018.88000
    481      28852.42000
    482      30097.19000
    483      20166.28000
    484      13574.19000
    485      23093.83000
    486      33985.28000
    487      27194.72000
    488      10550.36000
    489       4684.15600
    490      12716.05000
    491      25220.16000
    492      40593.28000
    493      59379.42000
    494      72631.50000
    495      74097.16000
    496      69294.00000
    497      64390.05000
    498      64150.28000
    499      77935.69000
    500     104278.30000
    501     121424.70000
    502     116839.00000
    503     106140.20000
    504     103191.40000
    505      98106.45000
    506      80926.39000
    507      58951.41000
    508      41311.92000
    509      31703.39000
    510      37488.16000
    511      62624.91000
    512      92574.11000
    513     104436.00000
    514      90730.91000
    515      62494.72000
    516      31952.98000
    517       2967.03100
    518     -18995.94000
    519     -19849.48000
    520       7014.04700
    521      43849.23000
    522      64374.75000
    523      62260.20000
    524      49082.11000
    525      32446.02000
    526      14394.62000
    527       2266.17200
    528       2265.64100
    529       9968.93800
    530      19152.25000
    531      27493.50000
    532      25343.69000
    533        780.34380
    534     -32406.91000
    535     -38054.27000
    536      -5582.32800
    537      31120.94000
    538      41843.11000
    539      38758.98000
    540      43567.11000
    541      46509.34000
    542      31143.14000
    543      13804.08000
    544      18383.22000
    545      31794.69000
    546      26100.67000
    547       9408.79700
    548      11744.28000
    549      30317.03000
    550      30822.47000
    551        347.09380
    552     -34788.16000
    553     -45484.16000
    554     -29351.23000
    555      -1683.10900
    556      23237.02000
    557      33934.06000
    558      20995.88000
    559      -8441.57800
    560     -24950.67000
    561      -7780.43800
    562      24465.16000
    563      39711.17000
    564      39619.36000
    565      49897.50000
    566      73831.27000
    567      90278.61000
    568      90721.48000
    569      85746.44000
    570      79915.27000
    571      67554.94000
    572      52026.94000
    573      46559.92000
    574      51826.78000
    575      51223.98000
    576      37901.61000
    577      29396.16000
    578      38076.53000
    579      44879.70000
    580      27815.72000
    581       1790.07800
    582        519.07810
    583      29611.88000
    584      64169.22000
    585      84773.20000
    586      94725.12000
    587     105498.30000
    588     119259.60000
    589     126905.80000
    590     121605.30000
    591     112384.80000
    592     114647.90000
    593     125031.70000
    594     122095.60000
    595     100951.60000
    596      85432.42000
    597      89747.55000
    598      94552.50000
    599      86021.70000
    600      86892.69000
    601     111752.90000
    602     127316.40000
    603     105563.00000
    604      81545.31000
    605     101395.80000
    606     143853.70000
    607     155135.70000
    608     136136.40000
    609     131667.70000
    610     149067.60000
    611     151158.10000
    612     126863.80000
    613     111999.10000
    614     131709.60000
    615     168627.60000
    616     198016.30000
    617     214206.00000
    618     214574.70000
    619     194501.00000
    620     165110.50000
    621     145315.70000
    622     138814.20000
    623     145245.80000
    624     177325.40000
    625     235593.50000
    626     286396.10000
    627     299168.30000
    628     287358.80000
    629     284937.30000
    630     302597.70000
    631     331068.80000
    632     366227.40000
    633     405108.90000
    634     435150.20000
    635     452130.10000
    636     477068.90000
    637     531998.90000
    638     607366.10000
    639     674679.80000
    640     726423.40000
    641     780317.10000
    642     843569.90000
    643     900239.80000
    644     946966.10000
    645    1021987.00000
    646    1177896.00000
    647    1439224.00000
    648    1816698.00000
    649    2363067.00000
    650    3175538.00000
    651    4292325.00000
    652    5561754.00000
    653    6633864.00000
    654    7144830.00000
    655    6964588.00000
    656    6268074.00000
    657    5359428.00000
    658    4453409.00000
    659    3629476.00000
    660    2917287.00000
    661    2342124.00000
    662    1901012.00000
    663    1560522.00000
    664    1293151.00000
    665    1092846.00000
    666     952802.90000
    667     846720.30000
    668     741418.80000
    669     626941.10000
    670     525731.90000
    671     465072.60000
    672     444676.40000
    673     436532.50000
    674     411163.00000
    675     362322.10000
    676     311080.40000
    677     280368.80000
    678     264716.60000
    679     241825.10000
    680     212406.40000
    681     199786.30000
    682     209505.30000
    683     222114.90000
    684     226430.80000
    685     228399.20000
    686     227707.40000
    687     214511.70000
    688     191059.80000
    689     174979.50000
    690     176560.30000
    691     184180.60000
    692     177803.40000
    693     154081.20000
    694     133226.10000
    695     136637.80000
    696     158342.70000
    697     167239.50000
    698     144359.30000
    699     108267.70000
    700      88624.19000
    701      84411.88000
    702      72254.14000
    703      48781.92000
    704      35852.69000
    705      46866.67000
    706      72444.09000
    707      95469.66000
    708     103514.90000
    709      94414.86000
    710      79896.31000
    711      74549.80000
    712      78278.66000
    713      79358.66000
    714      73315.42000
    715      69055.66000
    716      76111.83000
    717      91542.98000
    718     103288.90000
    719     105142.50000
    720     101444.90000
    721      97178.44000
    722      92740.22000
    723      86994.20000
    724      77631.69000
    725      65290.67000
    726      59610.36000
    727      66490.64000
    728      74769.06000
    729      76669.23000
    730      83872.69000
    731      96249.78000
    732      86512.39000
    733      49359.09000
    734      23063.23000
    735      25334.31000
    736      19568.16000
    737     -16112.97000
    738     -43546.48000
    739     -28629.59000
    740       5488.70300
    741      26199.39000
    742      38191.16000
    743      50971.00000
    744      51023.14000
    745      34209.34000
    746      23240.14000
    747      31257.52000
    748      40921.53000
    749      35765.14000
    750      29671.16000
    751      47194.28000
    752      79915.94000
    753      84653.89000
    754      42394.44000
    755      -3558.06200
    756      -3190.82800
    757      29495.56000
    758      44928.77000
    759      30849.02000
    760      10403.36000
    761      -3723.54700
    762     -11163.36000
    763      -8313.37500
    764       -662.98440
    765      -2804.43800
    766     -11735.62000
    767      -8802.35900
    768       9629.20300
    769      30719.84000
    770      47299.33000
    771      56188.38000
    772      46894.97000
    773      17652.97000
    774      -8584.59400
    775      -7918.64100
    776      12281.42000
    777      25339.80000
    778      24634.56000
    779      30355.33000
    780      54087.34000
    781      73939.12000
    782      58780.30000
    783      12002.22000
    784     -24710.34000
    785     -16513.52000
    786      27231.44000
    787      67440.12000
    788      76843.11000
    789      59428.34000
    790      34667.36000
    791      11038.41000
    792     -16826.81000
    793     -42178.80000
    794     -37932.19000
    795       5237.65600
    796      55299.36000
    797      81807.55000
    798      97661.56000
    799     127632.10000
    800     162810.10000
    801     176136.50000
    802     159750.30000
    803     126547.90000
    804      93749.16000
    805      73785.08000
    806      66477.58000
    807      60145.34000
    808      47710.11000
    809      33305.38000
    810      21279.97000
    811      11582.31000
    812       6380.26600
    813      10754.06000
    814      26200.45000
    815      43744.08000
    816      41655.72000
    817       2108.10900
    818     -59082.05000
    819     -95958.62000
    820     -82420.45000
    821     -42545.31000
    822     -14871.50000
    823      -5846.85900
    824       1988.12500
    825      15862.44000
    826      29913.39000
    827      40104.89000
    828      40879.16000
    829      21713.23000
    830     -14480.33000
    831     -44586.53000
    832     -52252.55000
    833     -46381.81000
    834     -42163.11000
    835     -41626.77000
    836     -41800.25000
    837     -43204.70000
    838     -42924.55000
    839     -35750.58000
    840     -25852.64000
    841     -22724.89000
    842     -26760.28000
    843     -31908.67000
    844     -36830.50000
    845     -40712.83000
    846     -37045.95000
    847     -25039.69000
    848     -17574.03000
    849     -24775.33000
    850     -37362.19000
    851     -37191.11000
    852     -19211.66000
    853       4180.26600
    854      16299.88000
    855       9624.76600
    856     -10104.30000
    857     -30073.31000
    858     -42541.11000
    859     -51149.02000
    860     -62316.92000
    861     -71467.80000
    862     -64219.94000
    863     -35960.31000
    864      -6064.34400
    865      -2411.40600
    866     -27890.47000
    867     -52441.94000
    868     -48965.77000
    869     -27291.86000
    870     -16004.62000
    871     -20054.61000
    872     -20404.00000
    873      -9711.50000
    874       -832.12500
    875       -562.57810
    876       -682.43750
    877       1740.84400
    878      -4170.93800
    879     -25213.12000
    880     -49513.81000
    881     -57463.16000
    882     -45567.36000
    883     -33510.16000
    884     -41195.08000
    885     -62388.84000
    886     -72933.39000
    887     -62868.12000
    888     -45393.52000
    889     -34981.73000
    890     -33320.42000
    891     -36655.67000
    892     -40399.22000
    893     -37815.22000
    894     -29240.50000
    895     -28333.48000
    896     -44612.38000
    897     -67229.67000
    898     -78751.22000
    899     -75436.75000
    900     -64886.19000
    901     -55157.75000
    902     -50268.70000
    903     -45451.95000
    904     -30767.81000
    905      -8941.59400
    906       1819.28100
    907      -8811.45300
    908     -31362.14000
    909     -51061.11000
    910     -59512.88000
    911     -56200.62000
    912     -51509.34000
    913     -58850.20000
    914     -75190.91000
    915     -82215.92000
    916     -69073.17000
    917     -41125.72000
    918     -12871.75000
    919      -4115.96900
    920     -27566.83000
    921     -65834.27000
    922     -79559.00000
    923     -53987.44000
    924     -18906.20000
    925      -7776.37500
    926     -17023.77000
    927     -23421.70000
    928     -20519.95000
    929     -14273.70000
    930      -1086.78100
    931      22269.91000
    932      41047.56000
    933      39047.06000
    934      20581.56000
    935       1087.31200
    936      -8789.37500
    937      -3275.21900
    938      13971.00000
    939      23641.62000
    940       9456.56200
    941     -18401.61000
    942     -34331.44000
    943     -27518.52000
    944      -9787.93800
    945       1704.40600
    946       1391.78100
    947      -4237.25000
    948      -7718.18800
    949      -6888.46900
    950      -3315.28100
    951      -3067.12500
    952     -14691.09000
    953     -36556.23000
    954     -55720.94000
    955     -68410.92000
    956     -83599.77000
    957     -97179.98000
    958     -87937.19000
    959     -52115.48000
    960     -17219.11000
    961      -7537.06200
    962     -13867.00000
    963      -9773.93800
    964      11177.00000
    965      25029.59000
    966       7971.18800
    967     -28797.25000
    968     -51211.75000
    969     -48939.95000
    970     -43056.19000
    971     -41020.30000
    972     -19888.28000
    973      27788.88000
    974      65947.34000
    975      57818.41000
    976      12123.41000
    977     -33897.16000
    978     -57237.45000
    979     -60666.84000
    980     -59659.22000
    981     -67920.36000
    982     -84556.64000
    983     -94485.69000
    984     -89382.62000
    985     -78740.00000
    986     -71190.12000
    987     -59709.08000
    988     -37405.88000
    989     -13702.25000
    990      -2505.90600
    991      -4424.59400
    992      -8810.06200
    993      -5982.65600
    994       6083.81200
    995      19504.72000
    996      21215.16000
    997       8775.53100
    998      -2639.65600
    999       -649.40620
   1000       4176.31200
   1001      -5217.25000
   1002     -24439.62000
   1003     -34624.05000
   1004     -28777.72000
   1005     -15065.44000
   1006      -3251.09400
   1007        481.46880
   1008      -5307.25000
   1009     -16452.22000
   1010     -28129.84000
   1011     -33998.38000
   1012     -21686.00000
   1013      10192.06000
   1014      34604.06000
   1015      24877.16000
   1016      -6942.62500
   1017     -29366.44000
   1018     -33306.19000
   1019     -27823.22000
   1020     -16815.41000
   1021      -3600.15600
   1022       2168.50000
   1023      -3379.00000
   1024     -12416.50000
   1025     -11361.75000
   1026      11661.06000
   1027      48335.84000
   1028      61896.88000
   1029      27523.53000
   1030     -25077.06000
   1031     -44812.72000
   1032     -26299.78000
   1033      -7517.93800
   1034     -10250.72000
   1035     -18775.66000
   1036     -14030.50000
   1037        341.59380
   1038       8601.34400
   1039        873.84380
   1040     -21397.91000
   1041     -45566.62000
   1042     -54524.06000
   1043     -45299.59000
   1044     -35970.12000
   1045     -40667.17000
   1046     -47689.08000
   1047     -40646.17000
   1048     -27771.22000
   1049     -25703.62000
   1050     -26943.06000
   1051     -11766.91000
   1052      14460.47000
   1053      24450.47000
   1054      10153.34000
   1055      -5781.25000
   1056      -9134.56200
   1057     -19637.81000
   1058     -54861.30000
   1059     -88488.50000
   1060     -78710.25000
   1061     -30053.91000
   1062       7730.15600
   1063       2409.56200
   1064     -27502.31000
   1065     -43446.09000
   1066     -28087.19000
   1067       7187.53100
   1068      39156.25000
   1069      50392.59000
   1070      37702.72000
   1071       9318.71900
   1072     -23765.09000
   1073     -50764.97000
   1074     -58005.34000
   1075     -36938.34000
   1076      -2508.65600
   1077      12298.84000
   1078      -6333.81200
   1079     -36735.41000
   1080     -54940.22000
   1081     -63542.52000
   1082     -73135.80000
   1083     -76671.56000
   1084     -61262.62000
   1085     -33754.78000
   1086     -18779.78000
   1087     -30279.56000
   1088     -52290.81000
   1089     -58433.66000
   1090     -47261.56000
   1091     -38718.31000
   1092     -36174.12000
   1093     -20173.28000
   1094      14951.56000
   1095      45314.06000
   1096      46790.91000
   1097      23163.56000
   1098      -2575.03100
   1099     -17283.47000
   1100     -27493.41000
   1101     -35960.12000
   1102     -27331.06000
   1103       1528.84400
   1104      18880.16000
   1105      -1027.43800
   1106     -35123.53000
   1107     -44406.06000
   1108     -28902.53000
   1109     -18260.34000
   1110     -24533.69000
   1111     -30169.81000
   1112     -17622.25000
   1113       2443.06200
   1114        799.34380
   1115     -27989.91000
   1116     -49578.53000
   1117     -33993.66000
   1118       3061.28100
   1119      24238.91000
   1120      16523.16000
   1121      -4410.31200
   1122     -16763.94000
   1123      -9427.28100
   1124       8412.12500
   1125      14277.34000
   1126        -79.34375
   1127     -17619.50000
   1128     -20592.56000
   1129     -11574.88000
   1130      -4953.71900
   1131     -11303.53000
   1132     -31961.88000
   1133     -58566.98000
   1134     -78021.00000
   1135     -81646.27000
   1136     -69490.62000
   1137     -50262.44000
   1138     -36787.84000
   1139     -32825.50000
   1140     -29341.62000
   1141     -24121.81000
   1142     -27905.00000
   1143     -36351.25000
   1144     -25358.22000
   1145       4413.84400
   1146      14516.72000
   1147     -13459.47000
   1148     -44544.22000
   1149     -41962.41000
   1150     -17596.00000
   1151      -6013.43800
   1152     -16309.22000
   1153     -31236.97000
   1154     -35582.25000
   1155     -30353.91000
   1156     -25845.28000
   1157     -26712.47000
   1158     -27064.12000
   1159     -25833.25000
   1160     -36516.78000
   1161     -63632.41000
   1162     -81241.19000
   1163     -62001.66000
   1164     -19248.66000
   1165       9335.78100
   1166      11992.62000
   1167       6482.56200
   1168        839.75000
   1169     -16695.69000
   1170     -47347.38000
   1171     -68724.41000
   1172     -62425.28000
   1173     -40745.59000
   1174     -31677.53000
   1175     -41810.56000
   1176     -53897.94000
   1177     -62620.52000
   1178     -81201.55000
   1179    -100496.80000
   1180     -83269.39000
   1181     -23833.69000
   1182      28455.84000
   1183      34128.12000
   1184      12643.25000
   1185       -460.65620
   1186      -6152.65600
   1187     -23475.84000
   1188     -49388.31000
   1189     -62703.58000
   1190     -50311.06000
   1191     -17135.47000
   1192      16038.53000
   1193      23598.72000
   1194        703.62500
   1195     -26088.66000
   1196     -32154.22000
   1197     -27908.03000
   1198     -35529.91000
   1199     -48572.12000
   1200     -45422.28000
   1201     -28073.69000
   1202     -14731.34000
   1203      -6540.78100
   1204       9629.03100
   1205      34877.88000
   1206      54022.00000
   1207      49874.16000
   1208      16968.06000
   1209     -27183.72000
   1210     -49925.44000
   1211     -38725.72000
   1212     -19733.34000
   1213     -23176.53000
   1214     -41185.50000
   1215     -42023.16000
   1216     -19862.81000
   1217      -3939.71900
   1218     -14699.44000
   1219     -37044.44000
   1220     -47631.19000
   1221     -43613.34000
   1222     -30774.25000
   1223      -9602.65600
   1224      11569.25000
   1225      14023.72000
   1226      -7793.96900
   1227     -39202.25000
   1228     -65603.19000
   1229     -81095.30000
   1230     -79550.88000
   1231     -57843.38000
   1232     -29360.16000
   1233     -20061.06000
   1234     -43279.28000
   1235     -78848.89000
