      1     -18763.99000
      2     -24156.98000
      3     -13457.02000
      4      22523.24000
      5      56119.34000
      6      57080.02000
      7      36322.01000
      8      27727.17000
      9      35055.35000
     10      30694.02000
     11       4345.48400
     12     -22355.30000
     13     -31891.30000
     14     -30852.34000
     15     -29873.80000
     16     -28084.30000
     17     -23360.45000
     18     -20257.30000
     19     -20543.98000
     20     -16939.14000
     21      -4543.24200
     22       7692.20300
     23       6296.32800
     24      -8386.38300
     25     -21373.55000
     26     -20120.12000
     27      -6061.53900
     28      10496.30000
     29      20495.77000
     30      18073.65000
     31      -1492.21900
     32     -33635.23000
     33     -55440.45000
     34     -44581.27000
     35     -12879.09000
     36       3234.88300
     37      -7083.54700
     38     -17860.80000
     39     -12878.68000
     40      -8011.62500
     41     -16176.01000
     42     -26526.32000
     43     -30520.39000
     44     -34525.34000
     45     -36633.24000
     46     -24758.91000
     47      -5776.46100
     48      -2482.82000
     49     -16284.20000
     50     -27337.24000
     51     -31702.49000
     52     -38936.53000
     53     -37882.29000
     54     -11321.11000
     55      21594.23000
     56      24477.88000
     57      -3434.94500
     58     -34087.59000
     59     -52513.23000
     60     -58603.38000
     61     -52504.16000
     62     -43244.23000
     63     -44800.52000
     64     -55427.27000
     65     -68070.52000
     66     -86566.91000
     67    -101845.50000
     68     -86562.90000
     69     -45233.50000
     70     -22758.18000
     71     -35557.77000
     72     -48863.78000
     73     -41129.07000
     74     -31710.16000
     75     -32667.03000
     76     -29831.42000
     77     -16699.01000
     78      -1199.67200
     79      15223.70000
     80      30283.18000
     81      29522.42000
     82      10543.24000
     83      -4665.50800
     84      -4410.59400
     85      -8187.71100
     86     -31502.77000
     87     -54505.55000
     88     -49668.70000
     89     -23213.79000
     90      -5018.73400
     91      -7118.25800
     92     -15665.80000
     93     -19750.22000
     94     -24487.59000
     95     -33111.57000
     96     -37865.95000
     97     -36188.74000
     98     -37896.80000
     99     -46972.80000
    100     -51397.49000
    101     -42021.11000
    102     -27752.88000
    103     -19784.34000
    104     -14598.38000
    105      -6623.41400
    106      -2808.55500
    107      -7218.12500
    108      -6589.65600
    109       8988.11700
    110      25152.06000
    111      22782.56000
    112       5821.94500
    113      -9173.26600
    114     -19641.52000
    115     -34366.80000
    116     -51949.98000
    117     -61441.74000
    118     -63038.84000
    119     -68677.67000
    120     -78095.84000
    121     -74660.46000
    122     -53823.38000
    123     -32875.68000
    124     -20601.52000
    125      -3162.76600
    126      25108.90000
    127      44645.87000
    128      40557.16000
    129      24466.20000
    130      13089.17000
    131       6053.48400
    132      -4975.80500
    133     -20301.38000
    134     -30875.38000
    135     -26006.99000
    136      -4156.95300
    137      21144.77000
    138      32759.26000
    139      29826.58000
    140      27178.20000
    141      30364.65000
    142      22134.61000
    143     -13058.06000
    144     -58399.98000
    145     -80575.53000
    146     -74459.45000
    147     -64836.82000
    148     -62141.30000
    149     -49117.77000
    150     -18077.46000
    151       9862.17200
    152      13700.29000
    153      -1520.93000
    154     -16548.06000
    155     -21530.22000
    156     -21257.60000
    157     -22988.25000
    158     -25720.51000
    159     -24320.38000
    160     -21057.44000
    161     -26407.90000
    162     -46189.00000
    163     -70267.72000
    164     -78293.74000
    165     -61407.06000
    166     -32816.73000
    167      -8376.59400
    168      11241.66000
    169      26901.26000
    170      29843.45000
    171      18441.24000
    172       1156.92200
    173     -21580.85000
    174     -45080.30000
    175     -41491.06000
    176       -759.72660
    177      29912.69000
    178       3692.24200
    179     -51795.51000
    180     -70539.02000
    181     -35028.16000
    182      15246.09000
    183      40101.07000
    184      32099.92000
    185       7139.54700
    186     -18644.91000
    187     -39667.67000
    188     -50896.24000
    189     -40735.14000
    190      -8685.41400
    191      21381.46000
    192      22336.84000
    193      -7833.83600
    194     -44539.73000
    195     -57812.30000
    196     -38980.88000
    197     -11620.92000
    198      -6367.79700
    199     -24838.51000
    200     -44149.88000
    201     -52113.77000
    202     -56513.22000
    203     -62698.49000
    204     -63297.55000
    205     -52005.24000
    206     -35002.92000
    207     -24731.11000
    208     -25618.51000
    209     -29474.64000
    210     -28948.67000
    211     -31152.60000
    212     -45583.02000
    213     -61637.23000
    214     -57364.24000
    215     -31986.58000
    216      -8064.71900
    217        727.78120
    218       -943.36720
    219     -12719.09000
    220     -38420.75000
    221     -60983.59000
    222     -54284.27000
    223     -23852.21000
    224        335.45310
    225       9692.61700
    226      16681.05000
    227      17099.34000
    228      -2147.72700
    229     -26829.22000
    230     -30551.20000
    231     -16264.69000
    232      -7737.21900
    233     -13575.29000
    234     -23809.97000
    235     -25326.79000
    236     -12773.19000
    237      -1683.49200
    238     -16237.02000
    239     -43504.62000
    240     -38854.10000
    241      -1874.31200
    242      11264.28000
    243     -21027.40000
    244     -51791.02000
    245     -49049.07000
    246     -39145.82000
    247     -45038.59000
    248     -52041.27000
    249     -50050.84000
    250     -49181.07000
    251     -46922.25000
    252     -28588.49000
    253        -70.64062
    254      14806.49000
    255       5933.18000
    256     -13996.59000
    257     -25540.34000
    258     -19456.21000
    259      -4069.17200
    260       5632.58600
    261       7592.18800
    262       8512.40600
    263       2341.85200
    264     -20996.61000
    265     -45942.34000
    266     -43033.09000
    267     -13214.21000
    268       9709.91400
    269       2268.45300
    270     -26163.35000
    271     -49001.02000
    272     -46476.46000
    273     -24214.70000
    274      -8873.39100
    275     -11104.70000
    276      -9904.25000
    277       5167.85200
    278       9137.60200
    279     -13832.43000
    280     -39915.62000
    281     -44734.59000
    282     -33162.48000
    283     -14441.48000
    284      11806.49000
    285      37606.50000
    286      49389.12000
    287      46691.73000
    288      33203.39000
    289       4847.08600
    290     -30313.65000
    291     -43556.67000
    292     -22592.12000
    293       2195.10900
    294      -6478.28100
    295     -44339.52000
    296     -73649.00000
    297     -69653.43000
    298     -41367.67000
    299     -14597.13000
    300      -9348.12500
    301     -27516.04000
    302     -52860.57000
    303     -66909.70000
    304     -65957.29000
    305     -57437.28000
    306     -47113.50000
    307     -37859.52000
    308     -30002.48000
    309     -16817.17000
    310       6142.18000
    311      24779.91000
    312      19331.91000
    313      -3887.61700
    314     -16481.79000
    315      -9153.96900
    316      -5517.84400
    317     -23768.93000
    318     -47077.95000
    319     -49988.23000
    320     -36265.70000
    321     -27963.59000
    322     -29896.40000
    323     -27714.32000
    324     -13646.57000
    325       3244.50000
    326       8757.53900
    327      -2108.14100
    328     -19336.23000
    329     -29377.07000
    330     -34257.38000
    331     -45785.63000
    332     -59939.33000
    333     -59093.85000
    334     -41674.41000
    335     -26282.91000
    336     -26988.18000
    337     -42872.98000
    338     -64430.86000
    339     -77027.73000
    340     -71234.66000
    341     -56485.62000
    342     -48641.86000
    343     -47830.23000
    344     -46057.41000
    345     -43108.31000
    346     -37335.12000
    347     -20789.65000
    348       2245.67200
    349      15792.74000
    350      17819.91000
    351      19809.04000
    352      21973.86000
    353      15127.68000
    354        789.49220
    355     -12069.22000
    356     -19884.15000
    357     -20760.87000
    358     -13320.61000
    359      -6301.38300
    360     -10322.88000
    361     -18183.90000
    362     -13739.33000
    363       1019.36300
    364       9039.71900
    365       5295.53500
    366      -1815.45700
    367     -12035.98000
    368     -31269.29000
    369     -50460.47000
    370     -52908.66000
    371     -42165.90000
    372     -37003.26000
    373     -40505.60000
    374     -40131.28000
    375     -35927.46000
    376     -40309.71000
    377     -48641.27000
    378     -38514.26000
    379      -7391.59800
    380      12806.38000
    381      -3283.45700
    382     -35624.32000
    383     -44522.41000
    384     -24275.47000
    385      -3742.05900
    386      -1924.58600
    387     -12272.42000
    388     -25017.73000
    389     -37750.13000
    390     -46679.47000
    391     -46050.61000
    392     -33971.20000
    393     -14126.35000
    394       2372.84000
    395       2422.12900
    396     -12800.24000
    397     -26765.64000
    398     -28512.54000
    399     -20300.22000
    400      -5026.62100
    401      14594.29000
    402      27907.36000
    403      28072.87000
    404      25712.21000
    405      30258.97000
    406      27891.48000
    407       1943.86300
    408     -32021.23000
    409     -37865.50000
    410      -6738.93400
    411      27027.54000
    412      25403.90000
    413      -8668.03500
    414     -35669.12000
    415     -27036.21000
    416       2195.76200
    417      16998.05000
    418       7555.89800
    419      -7089.62500
    420     -11041.96000
    421      -4117.79700
    422       8878.93000
    423      17538.31000
    424       4300.62500
    425     -34551.80000
    426     -74270.55000
    427     -83584.58000
    428     -56586.45000
    429     -16971.16000
    430       5714.78900
    431       3366.45300
    432      -8767.29300
    433     -16516.75000
    434     -19174.72000
    435     -15679.24000
    436      -1893.80100
    437      13917.77000
    438      18888.09000
    439      18320.18000
    440      23744.29000
    441      25427.58000
    442       7287.02000
    443     -19105.47000
    444     -25162.72000
    445      -5062.24200
    446      19396.51000
    447      31241.70000
    448      34506.62000
    449      37237.54000
    450      37784.35000
    451      34382.46000
    452      32084.96000
    453      32014.97000
    454      27727.94000
    455      18483.23000
    456      13858.36000
    457      20849.99000
    458      34808.03000
    459      43149.44000
    460      35265.26000
    461      15123.11000
    462       2959.93000
    463      15280.78000
    464      45828.47000
    465      73023.11000
    466      80272.67000
    467      68174.40000
    468      54911.37000
    469      59570.09000
    470      77678.80000
    471      85550.98000
    472      72651.80000
    473      48985.44000
    474      21104.07000
    475     -11658.49000
    476     -37818.08000
    477     -36926.32000
    478      -1941.03500
    479      54832.91000
    480     108772.80000
    481     134153.80000
    482     127291.30000
    483     114940.20000
    484     120206.40000
    485     133886.20000
    486     139181.70000
    487     140629.80000
    488     146544.20000
    489     148334.70000
    490     139127.30000
    491     131906.00000
    492     141688.10000
    493     164296.30000
    494     184207.80000
    495     195451.00000
    496     207068.10000
    497     230009.40000
    498     262518.90000
    499     291411.80000
    500     307997.60000
    501     320111.50000
    502     345141.30000
    503     391473.40000
    504     452351.40000
    505     518088.80000
    506     583764.40000
    507     641958.40000
    508     682482.80000
    509     702124.20000
    510     698717.10000
    511     659979.60000
    512     580537.10000
    513     484078.30000
    514     405194.30000
    515     355494.80000
    516     323328.00000
    517     293972.80000
    518     257297.80000
    519     210078.50000
    520     161974.60000
    521     129462.60000
    522     118215.70000
    523     117311.10000
    524     112526.40000
    525     100203.50000
    526      85308.98000
    527      70700.71000
    528      56356.60000
    529      47256.29000
    530      50476.70000
    531      63560.46000
    532      74724.12000
    533      74203.91000
    534      60417.01000
    535      39409.82000
    536      21679.74000
    537      14909.05000
    538      20039.63000
    539      35571.48000
    540      58994.39000
    541      83747.33000
    542     103586.70000
    543     117359.40000
    544     121688.90000
    545     109239.30000
    546      84218.55000
    547      66712.44000
    548      70318.44000
    549      85606.26000
    550      92395.08000
    551      79153.02000
    552      49445.81000
    553      19051.41000
    554       5833.56600
    555      14436.95000
    556      33327.31000
    557      50040.04000
    558      62500.73000
    559      71987.36000
    560      73758.61000
    561      63123.38000
    562      47888.32000
    563      44824.98000
    564      58186.36000
    565      70731.37000
    566      66379.97000
    567      51666.91000
    568      42723.13000
    569      45207.67000
    570      59549.21000
    571      85316.31000
    572     108775.10000
    573     110722.80000
    574      94630.11000
    575      82362.17000
    576      81936.75000
    577      84969.22000
    578      89539.51000
    579     101300.60000
    580     117102.60000
    581     123842.40000
    582     112601.60000
    583      91314.54000
    584      80486.05000
    585      88583.71000
    586     101188.40000
    587     107222.20000
    588     115912.20000
    589     130456.70000
    590     133095.60000
    591     115113.50000
    592      92929.06000
    593      82082.01000
    594      81335.58000
    595      85063.14000
    596      88017.46000
    597      83188.56000
    598      71835.39000
    599      64352.14000
    600      62322.52000
    601      55763.38000
    602      43760.00000
    603      41268.32000
    604      59318.95000
    605      88290.11000
    606     106941.70000
    607     106023.90000
    608      96089.45000
    609      90025.83000
    610      89418.05000
    611      94487.06000
    612     108878.50000
    613     124514.50000
    614     124389.00000
    615     111027.40000
    616     106056.60000
    617     114215.80000
    618     117784.50000
    619     110019.50000
    620     103844.00000
    621     108376.70000
    622     123651.80000
    623     149176.70000
    624     174492.00000
    625     179085.50000
    626     160744.40000
    627     141397.20000
    628     132580.80000
    629     125214.70000
    630     122367.00000
    631     146357.80000
    632     200073.60000
    633     250664.60000
    634     268785.80000
    635     266913.60000
    636     282568.50000
    637     327643.70000
    638     371587.40000
    639     384783.30000
    640     383596.90000
    641     409085.50000
    642     469598.10000
    643     534611.80000
    644     583539.30000
    645     631722.80000
    646     704577.80000
    647     812080.40000
    648     957867.10000
    649    1156029.00000
    650    1430519.00000
    651    1805412.00000
    652    2288191.00000
    653    2831792.00000
    654    3308044.00000
    655    3561209.00000
    656    3520558.00000
    657    3245300.00000
    658    2850296.00000
    659    2421178.00000
    660    2008967.00000
    661    1652769.00000
    662    1369723.00000
    663    1147183.00000
    664     968498.60000
    665     833246.70000
    666     741626.10000
    667     674365.50000
    668     604320.00000
    669     526149.60000
    670     458579.10000
    671     411810.00000
    672     371376.10000
    673     324839.90000
    674     281453.30000
    675     251013.60000
    676     226586.10000
    677     200191.70000
    678     174778.70000
    679     154722.80000
    680     140536.50000
    681     130457.50000
    682     117596.10000
    683      97574.22000
    684      82913.88000
    685      89104.06000
    686     104639.20000
    687     101473.10000
    688      78471.87000
    689      65445.98000
    690      76774.59000
    691      90664.47000
    692      87069.05000
    693      76329.33000
    694      71965.48000
    695      64734.35000
    696      46330.16000
    697      31877.94000
    698      37232.43000
    699      56002.80000
    700      71677.02000
    701      73108.05000
    702      57229.24000
    703      33855.53000
    704      19510.31000
    705      16627.66000
    706      16916.98000
    707      24539.41000
    708      46412.69000
    709      66319.02000
    710      62680.38000
    711      41703.11000
    712      23137.45000
    713       9684.10000
    714      -4532.65200
    715     -13839.60000
    716      -8581.52400
    717       9752.63000
    718      27867.21000
    719      29156.90000
    720       9645.96300
    721     -12924.48000
    722     -20797.46000
    723     -21186.85000
    724     -29391.63000
    725     -40626.46000
    726     -42718.53000
    727     -38549.79000
    728     -33270.00000
    729     -20694.95000
    730       -388.86820
    731      14934.67000
    732      20090.07000
    733      21220.32000
    734      16407.09000
    735         81.64453
    736     -14281.16000
    737      -6342.76600
    738      15570.61000
    739      20566.00000
    740         55.46973
    741     -20427.20000
    742     -20322.24000
    743      -9671.09600
    744      -5998.16800
    745      -8268.86600
    746      -7401.51700
    747      -5883.52600
    748     -12192.69000
    749     -24546.67000
    750     -31130.73000
    751     -24611.83000
    752     -11114.28000
    753      -1688.94600
    754       3473.70000
    755      13509.44000
    756      26836.51000
    757      26905.87000
    758       7300.31600
    759     -12884.60000
    760     -13747.06000
    761      -5021.49900
    762     -12736.29000
    763     -37593.10000
    764     -48538.34000
    765     -25397.21000
    766      13176.61000
    767      35665.71000
    768      29597.48000
    769      -1699.07900
    770     -44062.78000
    771     -64498.10000
    772     -35582.27000
    773      20745.66000
    774      49899.79000
    775      31095.85000
    776      -6282.89900
    777     -28538.97000
    778     -26381.65000
    779      -7623.11600
    780       9710.29100
    781       8381.75000
    782      -6319.51000
    783     -12606.88000
    784      -5653.31200
    785       -507.97750
    786      -1514.34700
    787       1650.54900
    788       7680.91400
    789       1946.10700
    790     -18018.79000
    791     -36106.95000
    792     -35500.14000
    793     -11665.00000
    794      23164.81000
    795      41935.69000
    796      27183.29000
    797        -51.51944
    798       2202.42400
    799      44122.68000
    800      92907.38000
    801     117367.20000
    802     115731.70000
    803      96777.91000
    804      64848.66000
    805      31107.87000
    806      12650.51000
    807      11210.81000
    808      10972.52000
    809       2156.46600
    810      -7208.23200
    811      -5003.46100
    812       9697.69700
    813      24917.36000
    814      24912.71000
    815       6313.08900
    816     -13275.86000
    817     -14135.34000
    818      -2674.26900
    819      -4548.49800
    820     -27887.57000
    821     -51483.68000
    822     -52534.11000
    823     -30995.61000
    824      -5972.06800
    825       2813.73500
    826      -5614.88500
    827     -11239.22000
    828       -938.87350
    829       9199.50800
    830       -488.34670
    831     -18616.90000
    832     -19876.41000
    833      -2651.06400
    834      15341.19000
    835      23368.40000
    836      19202.88000
    837       2442.41200
    838     -17267.89000
    839     -22858.28000
    840     -13299.14000
    841      -8758.32000
    842     -22613.24000
    843     -40909.45000
    844     -39555.23000
    845     -15495.00000
    846       8591.89600
    847      10838.60000
    848      -4814.42100
    849     -15111.34000
    850      -6902.12900
    851       6780.97100
    852       3567.83500
    853     -20081.39000
    854     -45163.92000
    855     -53132.82000
    856     -43725.97000
    857     -29646.01000
    858     -24442.47000
    859     -37284.30000
    860     -66216.30000
    861     -91720.02000
    862     -88705.53000
    863     -51691.20000
    864      -2634.49200
    865      27151.50000
    866      20616.77000
    867     -11306.85000
    868     -35503.69000
    869     -28077.90000
    870      -2805.38000
    871       7679.62600
    872      -2886.69700
    873     -11330.49000
    874      -4894.32600
    875       3587.44500
    876        476.01270
    877     -12555.81000
    878     -26187.90000
    879     -31356.66000
    880     -24486.80000
    881     -13270.20000
    882      -8534.05100
    883      -9212.17100
    884      -6578.46200
    885        354.84080
    886       4059.56500
    887      -1953.68000
    888     -17743.58000
    889     -35126.17000
    890     -43844.01000
    891     -44962.98000
    892     -47696.90000
    893     -50208.71000
    894     -42154.78000
    895     -27754.88000
    896     -22332.72000
    897     -25870.58000
    898     -24885.28000
    899     -18354.76000
    900     -17766.42000
    901     -25862.98000
    902     -35912.37000
    903     -44373.49000
    904     -47860.27000
    905     -39491.07000
    906     -23348.96000
    907     -17322.36000
    908     -27118.87000
    909     -35681.03000
    910     -32769.89000
    911     -33027.57000
    912     -48374.53000
    913     -67946.48000
    914     -82071.05000
    915     -96700.56000
    916    -108492.90000
    917     -99526.86000
    918     -70792.19000
    919     -45688.34000
    920     -33556.73000
    921     -25605.31000
    922     -23680.68000
    923     -35534.85000
    924     -50221.36000
    925     -49993.10000
    926     -32984.22000
    927      -6589.09200
    928      18889.16000
    929      24635.72000
    930       2150.72100
    931     -24744.60000
    932     -27884.44000
    933     -16188.81000
    934     -19947.24000
    935     -42554.72000
    936     -53583.40000
    937     -30535.19000
    938       6892.98000
    939      17451.16000
    940      -5562.91400
    941     -22309.75000
    942      -6027.93400
    943      16164.49000
    944      10290.53000
    945     -10032.96000
    946     -12805.21000
    947      -1811.01600
    948      -2534.19700
    949     -15935.88000
    950     -22097.20000
    951     -14831.20000
    952      -3736.75200
    953       6704.33200
    954      15856.05000
    955      14690.92000
    956      -1796.15200
    957     -16982.87000
    958     -10640.24000
    959       8187.73600
    960       9500.89800
    961     -14752.79000
    962     -37893.02000
    963     -35187.40000
    964     -13791.08000
    965       4341.95700
    966      12235.15000
    967      15624.36000
    968      13956.40000
    969       3300.04100
    970      -8820.65600
    971     -12509.60000
    972     -16474.97000
    973     -37330.59000
    974     -68306.59000
    975     -84416.17000
    976     -80528.27000
    977     -75725.27000
    978     -76500.91000
    979     -66818.02000
    980     -40276.23000
    981     -13241.54000
    982      -2096.74800
    983      -9997.51400
    984     -33299.95000
    985     -61713.42000
    986     -78489.42000
    987     -73045.24000
    988     -47562.23000
    989     -12372.42000
    990      14648.30000
    991      15308.33000
    992      -7253.41000
    993     -27093.96000
    994     -26229.37000
    995     -13385.98000
    996      -7728.09600
    997     -16945.73000
    998     -33174.51000
    999     -44410.80000
   1000     -49616.76000
   1001     -56305.26000
   1002     -62308.25000
   1003     -58177.61000
   1004     -48544.52000
   1005     -45020.19000
   1006     -42164.29000
   1007     -32356.80000
   1008     -31466.53000
   1009     -52936.32000
   1010     -74074.45000
   1011     -64524.19000
   1012     -29908.29000
   1013        568.73050
   1014      10266.39000
   1015       2925.58600
   1016      -6142.41000
   1017      -1479.12100
   1018      14090.73000
   1019      19717.40000
   1020       7367.06600
   1021      -5072.84000
   1022      -3037.21900
   1023       4617.29700
   1024       7443.26200
   1025      13082.32000
   1026      28489.76000
   1027      37197.65000
   1028      18160.07000
   1029     -15956.26000
   1030     -25169.43000
   1031       3953.71900
   1032      35694.03000
   1033      32680.90000
   1034       1812.88700
   1035     -25000.98000
   1036     -32396.18000
   1037     -27026.24000
   1038     -21073.32000
   1039     -22998.10000
   1040     -33017.66000
   1041     -44176.53000
   1042     -50914.45000
   1043     -50409.80000
   1044     -39004.34000
   1045     -20758.19000
   1046     -12062.18000
   1047     -23521.77000
   1048     -45519.70000
   1049     -58578.27000
   1050     -50084.15000
   1051     -25666.38000
   1052     -11205.58000
   1053     -26381.80000
   1054     -53129.29000
   1055     -57375.91000
   1056     -36154.90000
   1057      -8468.77000
   1058      22563.55000
   1059      55600.98000
   1060      66379.82000
   1061      43257.13000
   1062      16554.72000
   1063      12380.75000
   1064      13177.69000
   1065      -2777.11700
   1066     -23003.61000
   1067     -29695.81000
   1068     -29005.54000
   1069     -30824.17000
   1070     -31411.93000
   1071     -28627.63000
   1072     -28517.58000
   1073     -32372.40000
   1074     -35795.79000
   1075     -36615.09000
   1076     -30234.15000
   1077      -9513.20700
   1078      18897.90000
   1079      34444.43000
   1080      29506.49000
   1081      18832.27000
   1082      12767.41000
   1083        653.76170
   1084     -26901.86000
   1085     -55336.13000
   1086     -60547.18000
   1087     -38282.62000
   1088      -8480.29300
   1089       6129.60900
   1090       1547.12500
   1091      -4089.72300
   1092       9815.32400
   1093      38030.04000
   1094      49842.84000
   1095      29133.12000
   1096         27.59766
   1097      -6074.41400
   1098       5186.29300
   1099       3577.86300
   1100     -19150.95000
   1101     -38945.53000
   1102     -34886.55000
   1103     -18676.02000
   1104     -19673.75000
   1105     -42663.04000
   1106     -55003.87000
   1107     -28699.18000
   1108      18062.46000
   1109      40899.00000
   1110      21955.66000
   1111     -13383.75000
   1112     -26068.46000
   1113      -2667.12900
   1114      29205.02000
   1115      29891.84000
   1116      -2206.40600
   1117     -26871.14000
   1118     -18180.98000
   1119       -280.62500
   1120      -9668.34000
   1121     -42141.38000
   1122     -59816.70000
   1123     -42267.50000
   1124      -7640.03500
   1125      18906.82000
   1126      33016.46000
   1127      35549.51000
   1128      16493.33000
   1129     -22839.57000
   1130     -56221.97000
   1131     -64163.80000
   1132     -55241.71000
   1133     -39793.57000
   1134     -13874.06000
   1135      16181.35000
   1136      27612.48000
   1137      14352.74000
   1138      -2433.69500
   1139      -6960.93000
   1140      -8427.46500
   1141     -21913.79000
   1142     -45774.17000
   1143     -62649.78000
   1144     -58834.44000
   1145     -42166.99000
   1146     -33542.90000
   1147     -35713.76000
   1148     -28278.36000
   1149      -5017.09000
   1150       8679.46500
   1151      -5477.14100
   1152     -27539.24000
   1153     -29623.13000
   1154     -15453.25000
   1155      -7385.30900
   1156     -11621.36000
   1157     -17795.10000
   1158     -20747.66000
   1159     -23245.02000
   1160     -24014.59000
   1161     -21059.48000
   1162     -23424.80000
   1163     -40409.84000
   1164     -59401.29000
   1165     -56110.05000
   1166     -30821.96000
   1167     -12003.13000
   1168     -17781.80000
   1169     -35225.96000
   1170     -43536.63000
   1171     -38994.89000
   1172     -32011.98000
   1173     -32934.63000
   1174     -42065.88000
   1175     -47786.56000
   1176     -40153.18000
   1177     -26557.54000
   1178     -21454.82000
   1179     -22528.80000
   1180     -13488.22000
   1181      11636.55000
   1182      40346.67000
   1183      53386.98000
   1184      39344.95000
   1185       8237.32400
   1186     -10987.46000
   1187      -3220.32400
   1188      11190.83000
   1189       7937.37500
   1190      -3348.12900
   1191       3334.88700
   1192      31196.61000
   1193      59499.51000
   1194      66434.05000
   1195      43059.20000
   1196        570.95700
   1197     -34609.50000
   1198     -47144.00000
   1199     -45835.18000
   1200     -39699.01000
   1201     -22514.33000
   1202       3503.25400
   1203      15089.00000
   1204        658.07810
   1205     -17732.87000
   1206     -16217.57000
   1207      -1208.54300
   1208       8040.16000
   1209       5556.37500
   1210      -5937.23400
   1211     -18535.02000
   1212     -12718.60000
   1213      20888.21000
   1214      57841.80000
   1215      71933.62000
   1216      71950.42000
   1217      73021.73000
   1218      65733.34000
   1219      44740.80000
   1220      23905.15000
   1221       2090.81200
   1222     -33739.46000
   1223     -63685.94000
   1224     -51323.39000
   1225      -6346.30500
   1226      22989.71000
   1227      18262.25000
   1228       6493.64500
   1229       7805.75000
   1230       5848.42200
   1231     -15961.32000
   1232     -36704.57000
   1233     -27428.28000
   1234      -2306.43000
   1235       1590.60900
