      1        -79.57812
      2      17687.92000
      3      19212.63000
      4      -3157.43800
      5     -37449.52000
      6     -57946.55000
      7     -50637.59000
      8     -35848.23000
      9     -44965.02000
     10     -73760.98000
     11     -84920.74000
     12     -61055.16000
     13     -25473.45000
     14      -2407.58600
     15      11933.25000
     16      27105.93000
     17      36193.36000
     18      29034.70000
     19       6372.63300
     20     -24574.76000
     21     -51223.30000
     22     -56152.37000
     23     -34628.62000
     24      -5893.63300
     25       7289.51600
     26       2913.67200
     27      -4815.86700
     28      -5587.44500
     29      -2462.32800
     30      -4292.89800
     31     -10311.38000
     32      -7894.47700
     33       6312.89100
     34      13826.89000
     35      -1542.84400
     36     -28410.45000
     37     -44331.55000
     38     -43708.46000
     39     -32067.06000
     40     -10057.54000
     41      18318.67000
     42      37427.17000
     43      36566.97000
     44      21873.74000
     45       2868.54700
     46     -17157.65000
     47     -31303.22000
     48     -28306.91000
     49     -11029.61000
     50        727.62500
     51      -4297.46900
     52     -15220.60000
     53     -19506.42000
     54     -18406.37000
     55     -11604.97000
     56       7547.08600
     57      26742.58000
     58      16519.66000
     59     -23533.60000
     60     -55883.26000
     61     -59568.86000
     62     -52431.71000
     63     -44262.72000
     64     -17373.07000
     65      25934.77000
     66      43674.84000
     67       7760.77300
     68     -53618.48000
     69     -88229.42000
     70     -76858.94000
     71     -44265.95000
     72     -22828.76000
     73     -18930.05000
     74     -17735.66000
     75     -10017.60000
     76      -2183.35200
     77      -2677.14100
     78     -11008.91000
     79     -23104.16000
     80     -38325.45000
     81     -54773.70000
     82     -62796.75000
     83     -54387.54000
     84     -38416.35000
     85     -32102.70000
     86     -35418.97000
     87     -32585.38000
     88     -24057.05000
     89     -33143.49000
     90     -68872.69000
     91    -104213.90000
     92    -108452.60000
     93     -85285.89000
     94     -62721.53000
     95     -56600.66000
     96     -57697.73000
     97     -47960.05000
     98     -21756.00000
     99       4506.52300
    100       6294.17200
    101     -18864.15000
    102     -43871.78000
    103     -43522.23000
    104     -21358.89000
    105       2085.57000
    106      11618.00000
    107       1843.18000
    108     -24224.16000
    109     -53981.30000
    110     -71714.31000
    111     -68070.57000
    112     -41642.98000
    113       -565.27340
    114      33958.91000
    115      39114.93000
    116      15282.02000
    117     -10243.30000
    118     -15364.00000
    119      -9393.82000
    120     -13462.83000
    121     -26633.30000
    122     -32056.94000
    123     -25245.76000
    124     -13740.70000
    125        -14.33594
    126      14376.31000
    127      18913.40000
    128       5083.10900
    129     -19315.62000
    130     -34469.87000
    131     -28164.48000
    132     -13384.42000
    133     -17459.46000
    134     -44406.88000
    135     -66784.23000
    136     -67534.23000
    137     -62071.43000
    138     -65809.53000
    139     -71225.02000
    140     -68583.23000
    141     -61197.75000
    142     -53738.91000
    143     -45701.57000
    144     -37106.64000
    145     -30090.93000
    146     -27079.00000
    147     -29098.23000
    148     -32151.18000
    149     -29380.87000
    150     -20046.82000
    151     -12406.79000
    152     -16099.45000
    153     -32293.65000
    154     -50994.72000
    155     -59751.67000
    156     -53422.64000
    157     -32306.06000
    158      -1308.81600
    159      21895.40000
    160      15758.04000
    161     -16714.52000
    162     -45732.75000
    163     -49228.16000
    164     -34012.36000
    165     -21652.43000
    166     -27608.19000
    167     -51974.95000
    168     -80714.73000
    169     -97358.12000
    170     -95614.48000
    171     -79775.30000
    172     -57821.77000
    173     -34827.93000
    174     -10543.19000
    175      10330.30000
    176      10366.26000
    177     -16654.16000
    178     -40377.66000
    179     -27316.23000
    180       5336.35500
    181      10384.38000
    182     -18761.79000
    183     -42492.04000
    184     -38157.80000
    185     -25005.15000
    186     -23089.54000
    187     -26283.61000
    188     -25321.68000
    189     -26415.90000
    190     -33468.82000
    191     -34764.42000
    192     -24485.24000
    193     -20625.72000
    194     -39556.41000
    195     -64114.27000
    196     -63428.02000
    197     -40372.09000
    198     -30537.41000
    199     -50912.83000
    200     -76503.28000
    201     -76963.72000
    202     -55717.76000
    203     -39163.30000
    204     -38912.27000
    205     -39672.46000
    206     -24995.66000
    207      -3558.79700
    208        636.06640
    209     -17706.31000
    210     -34403.29000
    211     -26897.14000
    212      -6599.99600
    213      -5671.15600
    214     -32385.63000
    215     -57741.20000
    216     -54851.96000
    217     -33653.72000
    218     -20791.88000
    219     -22012.89000
    220     -26381.00000
    221     -33401.91000
    222     -50547.23000
    223     -71069.11000
    224     -76909.44000
    225     -62620.28000
    226     -41166.48000
    227     -26395.17000
    228     -20446.93000
    229     -19741.12000
    230     -24791.82000
    231     -38694.93000
    232     -57470.87000
    233     -66494.91000
    234     -54000.23000
    235     -31323.77000
    236     -27897.34000
    237     -53166.59000
    238     -78142.17000
    239     -75742.02000
    240     -61580.84000
    241     -64599.73000
    242     -77149.42000
    243     -73620.92000
    244     -62106.84000
    245     -73142.04000
    246    -103959.10000
    247    -116614.30000
    248     -94623.28000
    249     -65071.25000
    250     -53785.64000
    251     -50911.83000
    252     -39934.62000
    253     -29605.63000
    254     -30218.61000
    255     -27696.49000
    256     -11870.71000
    257       -853.50780
    258      -7500.91800
    259     -13248.14000
    260       -434.59380
    261      20396.27000
    262      31812.93000
    263      27512.11000
    264       3588.62500
    265     -38446.38000
    266     -79058.45000
    267     -93685.12000
    268     -76786.72000
    269     -44089.54000
    270     -19419.93000
    271     -19816.55000
    272     -43091.31000
    273     -70643.04000
    274     -84291.67000
    275     -75620.37000
    276     -48666.22000
    277     -25612.76000
    278     -32679.93000
    279     -64711.36000
    280     -83202.03000
    281     -64444.70000
    282     -30235.23000
    283     -17697.18000
    284     -34473.84000
    285     -54613.57000
    286     -52392.61000
    287     -33051.55000
    288     -25464.12000
    289     -44574.45000
    290     -71413.89000
    291     -76070.74000
    292     -52020.62000
    293     -24100.26000
    294     -25447.33000
    295     -63000.90000
    296    -105915.10000
    297    -117185.10000
    298     -92163.61000
    299     -55597.74000
    300     -31752.28000
    301     -27971.10000
    302     -35121.83000
    303     -38415.02000
    304     -37725.28000
    305     -48129.95000
    306     -67890.36000
    307     -67622.77000
    308     -30461.54000
    309      18356.83000
    310      41871.45000
    311      35603.66000
    312      25417.87000
    313      28587.33000
    314      31831.26000
    315      15464.47000
    316     -12687.07000
    317     -28334.20000
    318     -28244.77000
    319     -29325.62000
    320     -37913.38000
    321     -47184.16000
    322     -53524.77000
    323     -52359.65000
    324     -36647.06000
    325     -17112.88000
    326     -18212.80000
    327     -42188.99000
    328     -65255.22000
    329     -74074.36000
    330     -75529.45000
    331     -72000.96000
    332     -59818.34000
    333     -48725.61000
    334     -51902.27000
    335     -61265.27000
    336     -60879.91000
    337     -56833.54000
    338     -66126.64000
    339     -84230.22000
    340     -88415.26000
    341     -66400.20000
    342     -25398.08000
    343      15188.09000
    344      31612.59000
    345      15386.61000
    346     -10769.18000
    347     -18217.12000
    348     -12202.54000
    349     -21339.86000
    350     -52261.49000
    351     -79847.81000
    352     -79374.26000
    353     -50577.14000
    354     -15276.96000
    355        384.96880
    356      -9386.19700
    357     -22010.27000
    358     -15361.74000
    359        103.00000
    360      -4668.48000
    361     -36307.52000
    362     -70292.55000
    363     -82450.16000
    364     -74994.73000
    365     -67236.30000
    366     -68608.67000
    367     -69589.03000
    368     -60424.41000
    369     -47577.58000
    370     -42710.77000
    371     -45277.88000
    372     -46257.85000
    373     -40183.70000
    374     -26005.40000
    375      -7045.53100
    376       6728.36900
    377       7273.92000
    378      -4363.55500
    379     -28197.88000
    380     -66936.33000
    381    -104119.10000
    382    -105154.90000
    383     -60347.50000
    384      -3773.88700
    385      29541.29000
    386      38622.45000
    387      31730.93000
    388       1917.11400
    389     -44761.80000
    390     -69329.87000
    391     -46199.00000
    392      -6744.97900
    393        229.32620
    394     -26579.47000
    395     -51731.85000
    396     -61765.89000
    397     -72767.55000
    398     -88314.22000
    399     -88462.32000
    400     -63618.26000
    401     -32163.71000
    402     -17950.15000
    403     -25323.85000
    404     -38290.92000
    405     -35068.18000
    406      -6185.74800
    407      32227.25000
    408      48983.80000
    409      31371.48000
    410        797.47560
    411     -14372.16000
    412     -10419.67000
    413      -4455.23600
    414     -13343.87000
    415     -41926.19000
    416     -76362.45000
    417     -88535.39000
    418     -65521.03000
    419     -29766.22000
    420     -11999.86000
    421     -16059.86000
    422     -27727.12000
    423     -40657.38000
    424     -53686.89000
    425     -58357.59000
    426     -46638.53000
    427     -23453.66000
    428      -3608.85500
    429       2210.07500
    430      -1274.56500
    431       1249.99000
    432      15046.42000
    433      28405.60000
    434      32675.47000
    435      35032.59000
    436      45800.39000
    437      67406.44000
    438      95489.00000
    439     116879.20000
    440     118151.00000
    441     110326.10000
    442     124678.70000
    443     168087.70000
    444     205940.30000
    445     203379.80000
    446     165152.00000
    447     129853.40000
    448     135269.50000
    449     181763.90000
    450     224040.70000
    451     217335.30000
    452     172674.70000
    453     141940.10000
    454     152451.70000
    455     183430.50000
    456     202153.80000
    457     197106.00000
    458     178364.80000
    459     164233.70000
    460     167607.60000
    461     187094.40000
    462     209129.60000
    463     219612.20000
    464     215375.70000
    465     206452.50000
    466     204564.50000
    467     214224.10000
    468     241321.10000
    469     295370.90000
    470     368539.40000
    471     435398.90000
    472     492452.50000
    473     565402.30000
    474     659498.60000
    475     740743.90000
    476     779871.00000
    477     779324.80000
    478     761093.50000
    479     762559.10000
    480     820609.20000
    481     933569.80000
    482    1074810.00000
    483    1262698.00000
    484    1615693.00000
    485    2396407.00000
    486    3956028.00000
    487    6346685.00000
    488    8848401.00000
    489    10209310.00000
    490    9693389.00000
    491    7763940.00000
    492    5548878.00000
    493    3835213.00000
    494    2747206.00000
    495    2097918.00000
    496    1704010.00000
    497    1436618.00000
    498    1221839.00000
    499    1047285.00000
    500     916091.10000
    501     807641.00000
    502     699499.50000
    503     593778.80000
    504     505845.00000
    505     445278.70000
    506     409837.40000
    507     388156.10000
    508     371603.20000
    509     364500.00000
    510     372673.30000
    511     385353.90000
    512     383625.20000
    513     361847.90000
    514     326254.60000
    515     281986.90000
    516     236744.10000
    517     205264.50000
    518     196213.00000
    519     203995.10000
    520     217198.80000
    521     225605.90000
    522     226011.50000
    523     230885.60000
    524     254520.80000
    525     282519.00000
    526     280467.80000
    527     241973.00000
    528     200527.10000
    529     184271.00000
    530     183805.00000
    531     174459.60000
    532     151148.00000
    533     129647.60000
    534     123117.50000
    535     127204.50000
    536     125856.80000
    537     106997.10000
    538      76061.52000
    539      57075.33000
    540      70654.52000
    541     104991.60000
    542     123752.50000
    543     112196.50000
    544      95197.27000
    545      96615.05000
    546     105878.90000
    547     103369.60000
    548      94230.84000
    549      95504.18000
    550     109140.60000
    551     124436.30000
    552     131352.50000
    553     123408.20000
    554     103247.50000
    555      85505.96000
    556      78738.28000
    557      71452.34000
    558      51604.25000
    559      29626.13000
    560      27496.59000
    561      52183.96000
    562      88049.18000
    563     112794.50000
    564     119471.70000
    565     119323.70000
    566     119713.50000
    567     112211.90000
    568      91302.53000
    569      66949.91000
    570      50512.22000
    571      47465.98000
    572      63674.16000
    573      96085.77000
    574     125151.50000
    575     138600.70000
    576     146966.80000
    577     157862.80000
    578     159724.90000
    579     148428.20000
    580     142728.30000
    581     156054.40000
    582     174741.00000
    583     178196.70000
    584     166036.30000
    585     155387.20000
    586     158896.40000
    587     171083.20000
    588     175416.30000
    589     163563.00000
    590     143904.80000
    591     126891.50000
    592     108813.00000
    593      81428.55000
    594      51680.70000
    595      35905.41000
    596      37247.53000
    597      43479.84000
    598      44411.74000
    599      41132.51000
    600      42850.11000
    601      58006.39000
    602      82146.30000
    603     100723.80000
    604     110700.10000
    605     120345.10000
    606     120724.90000
    607      90391.99000
    608      38096.88000
    609       1778.56600
    610      -3748.55100
    611       1809.25600
    612       7538.21700
    613      23552.37000
    614      46289.45000
    615      50165.41000
    616      24697.45000
    617      -3425.24600
    618        694.49610
    619      36337.23000
    620      67013.66000
    621      66213.09000
    622      44590.20000
    623      24428.47000
    624      12769.56000
    625      10702.07000
    626      20085.06000
    627      32406.01000
    628      39292.39000
    629      52225.84000
    630      80946.68000
    631     103881.90000
    632      94597.77000
    633      63710.43000
    634      42959.00000
    635      40390.31000
    636      36403.16000
    637      15002.25000
    638     -17998.96000
    639     -44893.06000
    640     -55384.48000
    641     -52562.00000
    642     -41850.74000
    643     -24158.59000
    644      -5143.90800
    645        539.77340
    646     -16032.04000
    647     -45183.10000
    648     -65880.61000
    649     -62471.47000
    650     -35522.13000
    651      -3029.94900
    652      11216.38000
    653        163.99220
    654     -14906.23000
    655      -6107.78500
    656      25723.00000
    657      51063.35000
    658      49103.50000
    659      27307.58000
    660       2049.64100
    661     -16399.84000
    662     -16519.45000
    663       9648.74600
    664      46437.54000
    665      60643.85000
    666      38343.87000
    667       4835.14500
    668      -2487.42200
    669      19763.82000
    670      36383.80000
    671      25655.62000
    672      14853.70000
    673      36869.66000
    674      73123.44000
    675      78320.39000
    676      45206.69000
    677       4781.07400
    678     -24867.96000
    679     -51135.25000
    680     -74540.04000
    681     -78248.67000
    682     -55672.99000
    683     -26617.20000
    684     -14148.59000
    685     -17677.55000
    686     -21510.16000
    687     -19466.05000
    688     -15305.05000
    689      -8687.52700
    690       1497.21500
    691       8600.48000
    692       7538.00400
    693       3973.74600
    694       5419.47700
    695      12544.59000
    696      22145.55000
    697      29572.38000
    698      30775.34000
    699      27073.61000
    700      19729.16000
    701       1292.41800
    702     -29542.79000
    703     -48748.03000
    704     -29458.39000
    705      15777.88000
    706      41905.78000
    707      26353.56000
    708      -3589.80900
    709      -7950.30100
    710      14652.70000
    711      30609.37000
    712      25195.53000
    713      25635.40000
    714      52132.05000
    715      74491.16000
    716      53496.85000
    717       4972.96500
    718     -18026.18000
    719       3606.74200
    720      35490.38000
    721      38394.43000
    722      14701.38000
    723        825.16800
    724      16307.53000
    725      33763.55000
    726      19572.61000
    727      -9309.67200
    728      -8955.77300
    729      19500.21000
    730      30788.78000
    731       7856.31600
    732     -15198.29000
    733      -8758.91000
    734      14057.45000
    735      24598.30000
    736      16239.20000
    737       4398.44100
    738       3654.90200
    739      12337.84000
    740      16341.82000
    741       6653.02700
    742     -11037.93000
    743     -27614.02000
    744     -41210.12000
    745     -47895.30000
    746     -36344.53000
    747      -6364.69100
    748      21997.80000
    749      31877.31000
    750      27296.82000
    751      18193.39000
    752       6528.77300
    753      -4855.66400
    754      -9358.34400
    755      -9112.98800
    756     -13582.76000
    757     -22390.16000
    758     -25318.01000
    759     -20294.31000
    760     -15214.36000
    761     -11028.57000
    762       -832.76560
    763      12826.87000
    764      19478.32000
    765      19364.54000
    766      19429.20000
    767      15869.64000
    768       5370.62500
    769       2350.30500
    770      16301.88000
    771      26352.43000
    772       7891.81600
    773     -26864.68000
    774     -39287.47000
    775     -11595.89000
    776      27685.50000
    777      30571.70000
    778     -12825.12000
    779     -55421.07000
    780     -51207.34000
    781     -15625.43000
    782       2760.74600
    783      -7423.12100
    784     -17669.00000
    785     -15137.96000
    786     -18220.54000
    787     -35490.23000
    788     -45604.21000
    789     -30753.75000
    790      -5305.78500
    791       5609.53500
    792       -638.82810
    793      -7945.48400
    794      -6291.50800
    795        540.57810
    796       4810.78900
    797       3220.39500
    798      -2312.19100
    799      -8154.65200
    800     -10215.45000
    801      -4425.72300
    802       4998.52300
    803       3579.57800
    804     -12096.93000
    805     -23567.64000
    806     -21397.44000
    807     -24298.68000
    808     -42233.06000
    809     -51468.50000
    810     -34920.66000
    811     -14542.20000
    812     -16465.31000
    813     -33303.52000
    814     -40419.34000
    815     -26593.73000
    816       -407.95310
    817      15610.34000
    818       1368.71900
    819     -32749.57000
    820     -45922.27000
    821     -14258.53000
    822      34135.85000
    823      51556.68000
    824      27973.45000
    825      -3407.61700
    826     -12072.08000
    827      -3761.75800
    828      -4669.27300
    829     -21771.09000
    830     -30514.98000
    831      -8995.63300
    832      26302.36000
    833      38846.49000
    834      21701.67000
    835       4865.59400
    836      12903.46000
    837      37649.31000
    838      54015.65000
    839      46066.60000
    840      17682.75000
    841     -12480.55000
    842     -30126.73000
    843     -42026.16000
    844     -63679.34000
    845     -88885.57000
    846     -86641.88000
    847     -38093.93000
    848      31825.20000
    849      72051.06000
    850      55826.73000
    851       5716.75000
    852     -32894.34000
    853     -33488.66000
    854      -1872.89100
    855      37638.07000
    856      59808.88000
    857      52209.26000
    858      23506.38000
    859      -3090.24200
    860      -9592.18000
    861       2240.66400
    862      14502.85000
    863      10424.43000
    864      -8185.39100
    865     -20620.67000
    866     -10335.39000
    867      13079.31000
    868      23995.14000
    869      12211.30000
    870      -7369.32800
    871     -17952.74000
    872     -21066.39000
    873     -27755.36000
    874     -41287.32000
    875     -57776.77000
    876     -73218.15000
    877     -77733.26000
    878     -55133.20000
    879      -6298.21100
    880      38537.35000
    881      50374.67000
    882      33116.78000
    883       9532.39100
    884      -5885.14100
    885      -5694.70300
    886      12854.59000
    887      32442.12000
    888      24556.34000
    889      -9820.53100
    890     -33381.43000
    891     -20729.09000
    892      10140.21000
    893      27309.38000
    894      22233.62000
    895       2031.53900
    896     -30913.21000
    897     -68191.75000
    898     -83170.06000
    899     -58408.14000
    900     -16365.69000
    901        610.07810
    902     -22296.09000
    903     -57233.66000
    904     -63956.25000
    905     -32232.18000
    906       8047.27300
    907      26042.46000
    908      26216.13000
    909      23699.49000
    910       8325.28900
    911     -27826.09000
    912     -56688.30000
    913     -55826.56000
    914     -49890.73000
    915     -63501.08000
    916     -74057.00000
    917     -56471.28000
    918     -31046.23000
    919     -26942.20000
    920     -38570.41000
    921     -45995.17000
    922     -42361.79000
    923     -26705.77000
    924      -1275.14800
    925      19462.59000
    926      21910.66000
    927      12410.85000
    928       8015.78900
    929      15343.61000
    930      24436.81000
    931      16186.38000
    932     -18138.22000
    933     -57124.34000
    934     -64767.70000
    935     -34461.34000
    936       2091.18800
    937      17218.03000
    938      15778.54000
    939      14047.57000
    940      14065.90000
    941      10954.16000
    942       6844.46100
    943       3405.49200
    944      -5097.00800
    945     -19180.88000
    946     -29208.26000
    947     -32219.70000
    948     -34465.88000
    949     -32275.14000
    950     -17396.33000
    951       -588.07810
    952       2847.00000
    953       1281.34400
    954       4515.61700
    955      -3670.57000
    956     -31678.88000
    957     -52631.13000
    958     -47632.55000
    959     -35665.34000
    960     -30357.88000
    961     -13760.43000
    962      21930.23000
    963      50004.09000
    964      46505.98000
    965      20687.25000
    966      -1817.76600
    967      -6297.18800
    968       3087.78100
    969      13202.45000
    970      18400.52000
    971      22452.46000
    972      21447.30000
    973       2286.16400
    974     -29649.77000
    975     -43554.35000
    976     -24389.16000
    977      -1143.74200
    978     -10037.35000
    979     -46969.12000
    980     -79198.59000
    981     -85446.08000
    982     -64361.66000
    983     -24711.09000
    984      14744.41000
    985      36752.55000
    986      46810.57000
    987      61003.96000
    988      72204.54000
    989      55582.79000
    990       8722.43000
    991     -37177.24000
    992     -50982.07000
    993     -36229.87000
    994     -25710.73000
    995     -39206.62000
    996     -56443.87000
    997     -48947.39000
    998     -28254.19000
    999     -33100.86000
   1000     -71531.08000
   1001    -103200.50000
   1002     -84675.00000
   1003     -20286.18000
   1004      35892.76000
   1005      32143.15000
   1006     -23790.20000
   1007     -71169.55000
   1008     -65692.98000
   1009     -26545.66000
   1010      -4927.03900
   1011     -21011.23000
   1012     -48038.49000
   1013     -55291.67000
   1014     -47458.44000
   1015     -45613.62000
   1016     -46338.48000
   1017     -33193.80000
   1018     -17959.25000
   1019     -26315.63000
   1020     -49507.39000
   1021     -57439.85000
   1022     -52136.39000
   1023     -59758.66000
   1024     -77561.05000
   1025     -76423.27000
   1026     -50531.37000
   1027     -22963.35000
   1028      -5115.78100
   1029      13082.83000
   1030      31621.92000
   1031      31606.89000
   1032       6278.81200
   1033     -23476.36000
   1034     -35482.38000
   1035     -29436.15000
   1036     -16063.37000
   1037      -2102.00000
   1038       8148.74200
   1039      13165.60000
   1040      16910.16000
   1041      17413.35000
   1042       3000.63300
   1043     -24588.45000
   1044     -41024.69000
   1045     -32635.27000
   1046     -19694.28000
   1047     -26550.31000
   1048     -45806.12000
   1049     -51228.64000
   1050     -33513.48000
   1051      -6829.20300
   1052      10388.86000
   1053       8069.73400
   1054     -12731.70000
   1055     -38050.13000
   1056     -50334.85000
   1057     -46492.84000
   1058     -35417.12000
   1059     -19641.16000
   1060        629.87500
   1061      13555.41000
   1062      12133.69000
   1063       9638.93800
   1064      11562.02000
   1065       -365.81250
   1066     -29523.94000
   1067     -48250.31000
   1068     -44657.73000
   1069     -41917.62000
   1070     -54302.37000
   1071     -68701.07000
   1072     -74706.41000
   1073     -71992.77000
   1074     -55231.93000
   1075     -27456.73000
   1076     -12322.56000
   1077     -25623.46000
   1078     -51511.64000
   1079     -61113.46000
   1080     -40113.23000
   1081        727.00000
   1082      28382.20000
   1083      13072.56000
   1084     -36078.97000
   1085     -75075.78000
   1086     -73063.12000
   1087     -42519.13000
   1088     -16339.95000
   1089      -7680.89800
   1090      -3265.72700
   1091       4870.44500
   1092      -1388.05500
   1093     -36840.13000
   1094     -76804.98000
   1095     -81465.80000
   1096     -49228.55000
   1097     -13425.22000
   1098       5734.09400
   1099      13997.28000
   1100      18493.25000
   1101      20514.39000
   1102      22494.37000
   1103      22250.96000
   1104      15026.93000
   1105       9586.93800
   1106      18712.35000
   1107      31547.90000
   1108      24547.40000
   1109      -2796.94500
   1110     -31402.52000
   1111     -51520.28000
   1112     -61695.02000
   1113     -55381.39000
   1114     -33119.22000
   1115     -10497.66000
   1116       1645.54700
   1117       6937.72700
   1118       9213.63300
   1119       9385.66400
   1120      14239.95000
   1121      27552.70000
   1122      37085.99000
   1123      26239.88000
   1124      -4860.13300
   1125     -37580.12000
   1126     -51913.76000
   1127     -44721.38000
   1128     -31220.92000
   1129     -25829.64000
   1130     -26729.94000
   1131     -23703.75000
   1132     -12010.89000
   1133       6239.07000
   1134      23962.42000
   1135      31103.26000
   1136      25112.71000
   1137      16872.82000
   1138      17599.26000
   1139      24272.99000
   1140      23654.30000
   1141       6309.24200
   1142     -23809.66000
   1143     -50291.05000
   1144     -57860.58000
   1145     -45415.67000
   1146     -21550.05000
   1147       6040.29700
   1148      28344.95000
   1149      34439.17000
   1150      25197.77000
   1151      14356.01000
   1152       5915.54700
   1153     -11752.74000
   1154     -38787.85000
   1155     -53039.48000
   1156     -40503.43000
   1157     -17066.41000
   1158      -5570.82000
   1159      -7291.81200
   1160      -8361.44500
   1161      -2123.96900
   1162       5787.01600
   1163       8265.64100
   1164       3522.68800
   1165      -8048.26600
   1166     -25387.92000
   1167     -40258.12000
   1168     -39652.16000
   1169     -25229.95000
   1170     -16684.78000
   1171     -22483.12000
   1172     -26342.36000
   1173     -18153.00000
   1174     -12798.81000
   1175     -20770.47000
   1176     -27822.06000
   1177     -21123.42000
   1178     -10901.22000
   1179     -12652.22000
   1180     -28016.73000
   1181     -49513.92000
   1182     -66815.83000
   1183     -67082.42000
   1184     -45344.59000
   1185     -15605.47000
   1186       1703.76600
   1187       1630.29700
   1188      -8877.46900
   1189     -29464.78000
   1190     -58934.52000
   1191     -76190.80000
   1192     -60680.69000
   1193     -30168.38000
   1194     -23457.41000
   1195     -46007.45000
   1196     -67575.67000
   1197     -70809.69000
   1198     -66639.91000
   1199     -63158.98000
   1200     -52971.42000
   1201     -36031.75000
   1202     -29801.64000
   1203     -46251.03000
   1204     -71014.67000
   1205     -77664.11000
   1206     -59581.69000
   1207     -35841.95000
   1208     -24580.95000
   1209     -22465.22000
   1210     -14053.84000
   1211       7658.57800
   1212      31290.88000
   1213      33443.58000
   1214       1205.25000
   1215     -46759.02000
   1216     -72997.06000
   1217     -62033.98000
   1218     -35986.02000
   1219     -22836.28000
   1220     -25351.88000
   1221     -33076.84000
   1222     -45912.94000
   1223     -64905.36000
   1224     -74934.98000
   1225     -62107.00000
   1226     -36055.06000
   1227     -11269.58000
   1228      13794.67000
   1229      32759.59000
   1230      17675.97000
   1231     -32759.19000
   1232     -65842.09000
   1233     -42382.11000
   1234       1706.48400
   1235       9179.35900
