      1     -66080.68000
      2     -72478.87000
      3     -54507.05000
      4     -27617.27000
      5     -14116.91000
      6      -9266.22700
      7       6837.81200
      8      29216.36000
      9      27330.34000
     10     -13777.74000
     11     -72661.18000
     12    -114210.10000
     13    -118773.80000
     14     -90245.53000
     15     -48114.90000
     16     -13975.62000
     17      -2692.02300
     18     -19796.14000
     19     -53663.67000
     20     -72010.41000
     21     -50651.13000
     22      -8270.53100
     23      15365.00000
     24      13460.57000
     25      10101.82000
     26      10751.33000
     27      -2097.84400
     28     -26963.33000
     29     -38868.10000
     30     -26850.73000
     31      -4807.81200
     32      11655.06000
     33      15635.05000
     34       3822.19500
     35     -20113.66000
     36     -42127.70000
     37     -48639.41000
     38     -37599.81000
     39     -18968.87000
     40     -10003.38000
     41     -22218.11000
     42     -44204.92000
     43     -49828.04000
     44     -34433.85000
     45     -25091.38000
     46     -41277.38000
     47     -66803.12000
     48     -76245.62000
     49     -67283.30000
     50     -51485.45000
     51     -34344.73000
     52     -17972.91000
     53      -7372.94500
     54      -5265.37500
     55      -9042.43800
     56     -13572.50000
     57     -13142.02000
     58      -5893.00800
     59       2457.03900
     60       4260.25000
     61      -1805.68800
     62     -10430.02000
     63     -15767.73000
     64     -19797.35000
     65     -32406.20000
     66     -54106.77000
     67     -66627.07000
     68     -56298.26000
     69     -35255.56000
     70     -22437.00000
     71     -19769.24000
     72     -21044.30000
     73     -23362.45000
     74     -21739.61000
     75     -14967.45000
     76     -16345.23000
     77     -33893.23000
     78     -47997.00000
     79     -35527.56000
     80      -6991.74200
     81       3290.13300
     82     -22799.35000
     83     -70107.95000
     84    -104059.10000
     85     -96779.31000
     86     -52319.21000
     87      -7989.46100
     88       1261.57800
     89     -20255.36000
     90     -37487.41000
     91     -26449.75000
     92       1947.46900
     93      18223.41000
     94       8031.35900
     95     -13091.50000
     96     -21663.45000
     97     -18089.67000
     98     -21265.55000
     99     -34870.11000
    100     -43659.53000
    101     -42829.22000
    102     -41682.25000
    103     -39248.84000
    104     -27223.11000
    105     -11273.08000
    106       1618.00000
    107      23319.84000
    108      57965.11000
    109      75900.73000
    110      52549.61000
    111      11302.42000
    112     -10184.62000
    113     -13155.89000
    114     -20632.91000
    115     -32791.59000
    116     -35717.53000
    117     -30971.09000
    118     -24987.53000
    119     -12589.48000
    120       4412.43800
    121       9233.53100
    122      -2195.92200
    123     -16027.03000
    124     -30969.62000
    125     -56162.08000
    126     -77481.67000
    127     -69536.92000
    128     -39511.67000
    129     -17322.00000
    130     -10681.91000
    131      -8586.53100
    132     -11980.78000
    133     -24013.19000
    134     -29748.14000
    135     -17713.36000
    136      -3681.64100
    137      -9279.21900
    138     -30032.75000
    139     -37965.03000
    140     -12063.75000
    141      34765.78000
    142      63511.97000
    143      53326.69000
    144      26538.11000
    145      13981.58000
    146      15367.14000
    147      13590.08000
    148       4829.26600
    149      -5687.73400
    150     -16980.17000
    151     -30243.22000
    152     -49156.20000
    153     -76699.16000
    154     -97619.78000
    155     -86723.12000
    156     -49567.56000
    157     -19476.83000
    158      -2700.10900
    159      25522.84000
    160      60520.98000
    161      61188.14000
    162      17933.64000
    163     -24751.67000
    164     -28039.56000
    165      -3499.50000
    166      10486.11000
    167      -4429.59400
    168     -27889.91000
    169     -28140.00000
    170      -7417.82800
    171       1561.03100
    172     -11511.67000
    173     -22038.88000
    174     -16041.98000
    175      -5508.31200
    176        175.98440
    177      -3662.50000
    178     -27129.97000
    179     -59657.78000
    180     -64520.81000
    181     -33223.80000
    182      -4875.75000
    183      -6885.43800
    184     -22381.56000
    185     -32060.58000
    186     -41303.06000
    187     -54483.28000
    188     -61001.94000
    189     -53517.81000
    190     -37455.70000
    191     -23764.39000
    192     -21569.39000
    193     -29696.73000
    194     -34957.88000
    195     -29576.66000
    196     -22111.09000
    197     -19925.00000
    198     -15576.19000
    199      -2870.48400
    200      10409.84000
    201      16422.66000
    202      17172.91000
    203      15518.70000
    204      12231.00000
    205      11031.97000
    206      11406.27000
    207       3723.84400
    208     -15586.28000
    209     -34992.17000
    210     -42598.06000
    211     -37536.59000
    212     -24883.47000
    213     -13100.44000
    214     -13174.02000
    215     -28161.94000
    216     -47160.81000
    217     -54312.56000
    218     -41159.72000
    219     -16090.23000
    220      -3992.46900
    221     -21087.22000
    222     -49047.45000
    223     -54088.81000
    224     -30431.06000
    225      -4339.15600
    226       2057.53100
    227      -6460.64100
    228     -10252.56000
    229      -2003.85900
    230        871.51560
    231     -21775.69000
    232     -60430.00000
    233     -82221.97000
    234     -69297.09000
    235     -33080.09000
    236       4400.81200
    237      24739.89000
    238      16175.53000
    239     -18011.78000
    240     -55551.20000
    241     -70276.38000
    242     -54276.62000
    243     -24577.06000
    244      -4909.96900
    245      -1931.90600
    246      -8770.17200
    247     -27843.72000
    248     -65938.62000
    249    -105055.80000
    250    -109123.30000
    251     -69902.36000
    252     -21673.08000
    253       1090.82800
    254       1657.48400
    255       3692.64100
    256       9913.45300
    257       1513.15600
    258     -20487.80000
    259     -24320.48000
    260       5693.79700
    261      41142.62000
    262      50347.30000
    263      37248.61000
    264      20813.03000
    265       7775.51600
    266      -1059.93800
    267      -8521.82800
    268     -25309.61000
    269     -47095.58000
    270     -46536.59000
    271     -20094.34000
    272      -7835.85900
    273     -30508.97000
    274     -51750.94000
    275     -40390.45000
    276     -20758.05000
    277     -25038.88000
    278     -44055.17000
    279     -57768.25000
    280     -70614.00000
    281     -89229.94000
    282    -100527.80000
    283     -92103.47000
    284     -69808.61000
    285     -44070.77000
    286     -17098.80000
    287      11083.47000
    288      35748.75000
    289      48519.98000
    290      41217.14000
    291      13666.42000
    292     -17278.73000
    293     -25335.73000
    294      -1584.18800
    295      31328.83000
    296      42821.84000
    297      27703.45000
    298       5131.09400
    299      -9163.50000
    300     -16592.33000
    301     -26624.55000
    302     -44437.80000
    303     -63379.62000
    304     -68091.55000
    305     -53069.61000
    306     -33058.42000
    307     -24476.08000
    308     -27325.19000
    309     -36003.84000
    310     -49498.84000
    311     -60029.62000
    312     -54826.31000
    313     -41480.08000
    314     -47811.77000
    315     -81871.08000
    316    -111060.90000
    317     -97353.84000
    318     -44504.53000
    319       5492.25000
    320      22577.06000
    321      18859.59000
    322      20126.95000
    323      26140.00000
    324      18914.00000
    325      -3386.78100
    326     -23147.12000
    327     -28163.75000
    328     -24407.00000
    329     -25184.56000
    330     -32863.91000
    331     -35855.83000
    332     -30773.92000
    333     -36161.66000
    334     -62842.62000
    335     -85575.12000
    336     -77560.80000
    337     -55932.98000
    338     -52561.20000
    339     -59233.08000
    340     -48066.36000
    341     -28540.16000
    342     -33271.75000
    343     -57745.28000
    344     -63851.00000
    345     -41953.48000
    346     -24972.61000
    347     -34218.52000
    348     -48983.27000
    349     -41615.47000
    350     -15210.84000
    351       4988.01600
    352        129.92190
    353     -25871.73000
    354     -47710.02000
    355     -40791.56000
    356      -8468.59400
    357      21124.41000
    358      25152.91000
    359       2992.84400
    360     -27779.67000
    361     -43161.95000
    362     -34943.36000
    363     -23481.42000
    364     -28386.62000
    365     -34979.12000
    366     -19362.84000
    367       6348.75000
    368       8409.37500
    369     -17009.64000
    370     -35539.48000
    371     -17696.20000
    372      24359.14000
    373      47441.25000
    374      25733.81000
    375     -17990.78000
    376     -41103.56000
    377     -33872.09000
    378     -25864.11000
    379     -43898.48000
    380     -80045.11000
    381    -101507.40000
    382     -85731.69000
    383     -44536.78000
    384     -10460.22000
    385        428.34380
    386        780.53120
    387       6560.95300
    388      15865.27000
    389      17417.39000
    390       6375.76600
    391     -12786.00000
    392     -29033.69000
    393     -29788.47000
    394     -12675.75000
    395       6810.92200
    396       6557.15600
    397     -20763.56000
    398     -59147.95000
    399     -80390.30000
    400     -64886.67000
    401     -18346.33000
    402      29941.22000
    403      51387.53000
    404      42863.50000
    405      23080.03000
    406       7958.37500
    407      -2360.89100
    408     -15011.42000
    409     -31958.33000
    410     -44912.45000
    411     -41124.41000
    412     -19914.03000
    413        467.43750
    414       4367.65600
    415          7.71875
    416       3097.39100
    417      10992.95000
    418      11548.95000
    419       3180.89100
    420     -10171.00000
    421     -25498.03000
    422     -31496.22000
    423     -17993.25000
    424        827.28120
    425       1966.95300
    426      -8426.90600
    427      -5339.32800
    428      10659.52000
    429      13739.20000
    430      -3715.45300
    431     -17968.45000
    432      -8761.78100
    433      14739.12000
    434      31243.31000
    435      34488.91000
    436      30130.83000
    437      18248.02000
    438       -895.10940
    439     -12807.23000
    440      -2800.50000
    441      22084.91000
    442      44123.59000
    443      58044.78000
    444      66552.94000
    445      64898.98000
    446      47933.61000
    447      26942.52000
    448      22986.64000
    449      39371.03000
    450      52127.12000
    451      41224.00000
    452      22253.78000
    453      25602.94000
    454      53262.52000
    455      82740.92000
    456     102239.30000
    457     111655.70000
    458     104731.50000
    459      82896.19000
    460      69841.12000
    461      82136.53000
    462     101995.60000
    463     104729.80000
    464      94486.33000
    465      90218.45000
    466      94443.30000
    467      99518.25000
    468     110695.70000
    469     139033.40000
    470     176601.10000
    471     198565.00000
    472     194463.40000
    473     186689.10000
    474     208301.70000
    475     260966.70000
    476     307703.90000
    477     321516.40000
    478     327427.20000
    479     368731.80000
    480     440754.50000
    481     496305.40000
    482     515780.40000
    483     533099.20000
    484     585273.80000
    485     668714.50000
    486     757592.50000
    487     840624.20000
    488     922369.00000
    489    1000691.00000
    490    1064610.00000
    491    1113316.00000
    492    1155525.00000
    493    1186534.00000
    494    1187766.00000
    495    1153880.00000
    496    1099723.00000
    497    1041820.00000
    498     991943.80000
    499     958751.80000
    500     935524.10000
    501     900944.60000
    502     847610.20000
    503     792648.90000
    504     754085.40000
    505     736758.40000
    506     739183.20000
    507     750802.70000
    508     748830.80000
    509     721498.00000
    510     689593.60000
    511     686054.20000
    512     715867.50000
    513     750752.90000
    514     765615.90000
    515     768364.60000
    516     785016.60000
    517     824638.80000
    518     874327.40000
    519     923302.50000
    520     973429.80000
    521    1024381.00000
    522    1066201.00000
    523    1097037.00000
    524    1138525.00000
    525    1216194.00000
    526    1326130.00000
    527    1440081.00000
    528    1541172.00000
    529    1629318.00000
    530    1696459.00000
    531    1729549.00000
    532    1730173.00000
    533    1699430.00000
    534    1623552.00000
    535    1508716.00000
    536    1397349.00000
    537    1310675.00000
    538    1212397.00000
    539    1068646.00000
    540     905603.50000
    541     771215.50000
    542     675781.20000
    543     601822.50000
    544     540112.10000
    545     487699.30000
    546     435430.10000
    547     378693.80000
    548     323177.20000
    549     271957.90000
    550     226787.60000
    551     202635.10000
    552     213775.70000
    553     242329.90000
    554     247778.80000
    555     214483.10000
    556     167899.70000
    557     137669.80000
    558     124556.60000
    559     113061.30000
    560     100305.50000
    561      96994.09000
    562     105921.40000
    563     113861.90000
    564     107098.90000
    565      88205.11000
    566      73750.14000
    567      75524.39000
    568      86833.58000
    569      92175.30000
    570      87221.09000
    571      79079.12000
    572      70859.81000
    573      60117.38000
    574      49293.94000
    575      45651.84000
    576      54176.41000
    577      73849.98000
    578      93104.39000
    579      95256.80000
    580      81062.86000
    581      71868.06000
    582      75523.84000
    583      69974.12000
    584      38280.66000
    585         68.59375
    586      -9031.64100
    587      21278.89000
    588      63776.73000
    589      79220.55000
    590      53290.56000
    591       6730.53100
    592     -31552.12000
    593     -49643.03000
    594     -47024.61000
    595     -24201.42000
    596       8673.07800
    597      29349.30000
    598      25741.53000
    599      10988.97000
    600       3371.71900
    601       -140.43750
    602     -14186.70000
    603     -35217.53000
    604     -42947.12000
    605     -31145.16000
    606     -14387.73000
    607      -2465.70300
    608       8610.18800
    609      18819.86000
    610      20967.83000
    611      16427.48000
    612      11743.36000
    613        714.45310
    614     -27415.77000
    615     -62743.25000
    616     -80062.98000
    617     -70028.50000
    618     -46341.33000
    619     -25055.31000
    620     -13676.34000
    621     -12833.66000
    622     -13125.27000
    623      -4128.06200
    624       3146.85900
    625     -11598.89000
    626     -36200.14000
    627     -33020.66000
    628       5150.09400
    629      45833.06000
    630      64801.19000
    631      62970.88000
    632      42236.47000
    633       6193.48400
    634     -21811.52000
    635     -16803.03000
    636      15274.17000
    637      42816.16000
    638      41482.94000
    639      14853.75000
    640     -11040.92000
    641     -13225.94000
    642       4721.57800
    643      19144.88000
    644      14859.67000
    645      -2455.48400
    646     -19830.84000
    647     -28207.84000
    648     -19217.89000
    649      10886.20000
    650      45832.75000
    651      56050.20000
    652      34006.11000
    653       4083.10900
    654     -14434.64000
    655     -28397.28000
    656     -43578.45000
    657     -48435.23000
    658     -36509.36000
    659     -15089.41000
    660      11028.05000
    661      36884.48000
    662      45765.02000
    663      25620.39000
    664     -11427.83000
    665     -38967.56000
    666     -35381.53000
    667       2290.37500
    668      47369.25000
    669      60115.06000
    670      33160.47000
    671       3387.14100
    672       4978.85900
    673      30356.83000
    674      50004.58000
    675      51300.91000
    676      40112.59000
    677      18917.62000
    678      -9910.95300
    679     -24525.81000
    680      -2107.57800
    681      40201.27000
    682      61070.36000
    683      53306.33000
    684      42947.22000
    685      33414.31000
    686       3007.89100
    687     -42995.50000
    688     -68695.00000
    689     -57130.20000
    690     -24423.20000
    691      11916.14000
    692      46112.89000
    693      68457.88000
    694      62746.91000
    695      25990.28000
    696     -19204.19000
    697     -40990.28000
    698     -29433.69000
    699      -4345.78100
    700      13154.52000
    701      23404.86000
    702      31728.05000
    703      29201.33000
    704      11261.91000
    705      -3220.18800
    706       2961.60900
    707      17345.31000
    708      17199.50000
    709       -476.60940
    710     -25788.98000
    711     -50536.58000
    712     -61751.00000
    713     -46203.55000
    714     -13954.22000
    715       6435.09400
    716       4644.01600
    717      -2477.12500
    718      -2202.56200
    719        -27.20312
    720       2582.32800
    721      17017.11000
    722      44675.75000
    723      70712.38000
    724      86314.78000
    725      88344.34000
    726      59447.78000
    727      -7724.79700
    728     -70749.14000
    729     -74863.03000
    730     -24818.61000
    731      30631.44000
    732      65982.94000
    733      80321.94000
    734      67028.66000
    735      34432.94000
    736      17654.08000
    737      28326.67000
    738      36316.77000
    739      28070.36000
    740      30473.03000
    741      55284.69000
    742      71962.59000
    743      58333.62000
    744      38332.39000
    745      47756.92000
    746      85963.92000
    747     117421.90000
    748     110770.80000
    749      67217.44000
    750      15718.56000
    751     -13447.59000
    752     -11935.61000
    753       5590.90600
    754      20685.59000
    755      27506.03000
    756      28565.94000
    757      23442.41000
    758      12431.78000
    759       6648.65600
    760      18761.34000
    761      41386.50000
    762      50306.50000
    763      36405.94000
    764      19562.19000
    765      21213.72000
    766      38973.41000
    767      56842.53000
    768      62774.78000
    769      52255.25000
    770      34448.19000
    771      29499.28000
    772      37968.03000
    773      33435.25000
    774      10170.72000
    775       1102.81200
    776      18536.97000
    777      26476.84000
    778       5327.50000
    779     -12429.69000
    780      -4111.50000
    781       4731.62500
    782      -4392.87500
    783      -5777.28100
    784      22213.44000
    785      58522.62000
    786      73560.94000
    787      65616.62000
    788      47264.97000
    789      26467.06000
    790      12922.25000
    791      17346.00000
    792      32186.34000
    793      32120.88000
    794       6890.15600
    795     -18516.64000
    796     -11599.88000
    797      23197.56000
    798      44079.69000
    799      21468.84000
    800     -24512.44000
    801     -46777.08000
    802     -24535.84000
    803      18101.94000
    804      45563.91000
    805      49733.00000
    806      43951.00000
    807      28419.94000
    808      -8686.06200
    809     -52400.25000
    810     -63689.92000
    811     -36755.62000
    812      -9902.81200
    813      -2465.40600
    814       8963.25000
    815      35642.12000
    816      54760.09000
    817      56789.81000
    818      58272.38000
    819      58710.59000
    820      39990.75000
    821      10710.38000
    822      -2586.06200
    823      -4347.25000
    824     -19707.47000
    825     -44171.38000
    826     -51694.31000
    827     -41968.05000
    828     -36072.36000
    829     -39138.72000
    830     -45243.06000
    831     -60339.83000
    832     -84252.67000
    833     -90304.64000
    834     -56635.31000
    835      -2192.06200
    836      33033.66000
    837      32615.22000
    838      13776.53000
    839        357.50000
    840      -4651.78100
    841     -15466.31000
    842     -34665.66000
    843     -44076.41000
    844     -33595.53000
    845     -19383.72000
    846     -18271.03000
    847     -23927.11000
    848     -24484.73000
    849     -24366.62000
    850     -30451.84000
    851     -34038.75000
    852     -27223.77000
    853     -21820.28000
    854     -29527.72000
    855     -39521.58000
    856     -41093.91000
    857     -47445.16000
    858     -67736.44000
    859     -80939.77000
    860     -68289.62000
    861     -45157.70000
    862     -33073.47000
    863     -26452.44000
    864     -10148.38000
    865       9859.00000
    866      12369.88000
    867      -7646.65600
    868     -27168.47000
    869     -24417.95000
    870      -8422.78100
    871       3160.25000
    872      17151.88000
    873      40928.47000
    874      51549.22000
    875      32012.19000
    876       8863.62500
    877      12131.09000
    878      27128.50000
    879      19336.25000
    880     -15287.72000
    881     -47005.41000
    882     -50242.09000
    883     -35131.48000
    884     -33060.19000
    885     -50174.59000
    886     -59632.50000
    887     -46347.06000
    888     -24969.31000
    889      -6332.84400
    890      16108.16000
    891      40691.56000
    892      50407.69000
    893      34082.62000
    894      -1632.28100
    895     -36295.66000
    896     -47755.33000
    897     -32253.59000
    898     -10623.91000
    899      -4531.21900
    900     -12431.22000
    901     -14174.50000
    902       7767.56200
    903      50690.72000
    904      88312.88000
    905      92542.47000
    906      64627.47000
    907      33071.66000
    908      16507.59000
    909       7377.31200
    910        -91.18750
    911       8086.75000
    912      37558.38000
    913      64941.28000
    914      72311.44000
    915      79756.28000
    916     110185.10000
    917     141696.70000
    918     133732.80000
    919      88130.25000
    920      47003.69000
    921      37611.28000
    922      50197.81000
    923      63336.91000
    924      65572.16000
    925      58515.12000
    926      57517.88000
    927      78895.81000
    928     111896.20000
    929     119412.80000
    930      83462.06000
    931      32561.62000
    932       5011.28100
    933       1312.21900
    934      -5222.84400
    935     -23425.16000
    936     -35249.38000
    937     -27227.00000
    938      -8472.50000
    939       4431.37500
    940       4580.78100
    941      -4130.34400
    942     -10790.12000
    943      -5395.93800
    944       6963.15600
    945       7995.25000
    946      -8313.09400
    947     -26572.22000
    948     -35967.16000
    949     -44308.48000
    950     -54549.83000
    951     -51946.91000
    952     -30041.44000
    953      -7106.59400
    954      -2250.40600
    955     -13001.69000
    956     -24918.75000
    957     -27367.62000
    958     -17127.12000
    959      -2626.90600
    960      -2472.62500
    961     -22809.62000
    962     -40237.38000
    963     -26267.34000
    964      12405.19000
    965      36123.28000
    966      20310.28000
    967     -11803.75000
    968     -18366.28000
    969       5627.56200
    970      24378.12000
    971      14978.19000
    972      -4356.46900
    973     -10214.44000
    974      -5661.09400
    975      -1367.12500
    976       3671.37500
    977       8971.87500
    978       8494.03100
    979       6624.62500
    980      12274.41000
    981      18810.88000
    982      14595.34000
    983       5600.46900
    984       4219.65600
    985       7786.65600
    986       8244.12500
    987       7659.12500
    988       6361.15600
    989      -5972.43800
    990     -30402.28000
    991     -47826.81000
    992     -42226.72000
    993     -18637.53000
    994      10281.59000
    995      36027.66000
    996      47097.47000
    997      31796.06000
    998      -3918.56200
    999     -35541.44000
   1000     -41791.00000
   1001     -22521.75000
   1002       1320.40600
   1003       5840.09400
   1004      -9984.93800
   1005     -22733.06000
   1006     -17735.34000
   1007     -10172.53000
   1008     -19720.34000
   1009     -40377.72000
   1010     -51493.03000
   1011     -46263.34000
   1012     -34292.88000
   1013     -22506.03000
   1014      -7885.50000
   1015       8302.93800
   1016      12080.31000
   1017      -2002.03100
   1018     -11113.56000
   1019       7274.21900
   1020      32726.47000
   1021      23871.22000
   1022     -18720.66000
   1023     -50942.81000
   1024     -45248.16000
   1025     -15233.16000
   1026      14841.91000
   1027      29975.97000
   1028      22159.09000
   1029      -2149.96900
   1030     -21585.88000
   1031     -24624.66000
   1032     -21717.53000
   1033     -26298.31000
   1034     -40791.47000
   1035     -59071.12000
   1036     -66230.31000
   1037     -47622.00000
   1038     -13435.47000
   1039       4321.15600
   1040      -6858.15600
   1041     -24864.78000
   1042     -29965.31000
   1043     -29970.94000
   1044     -36987.94000
   1045     -46131.94000
   1046     -49191.81000
   1047     -46297.66000
   1048     -36698.31000
   1049     -20323.62000
   1050     -10585.22000
   1051     -20645.72000
   1052     -38657.00000
   1053     -42207.16000
   1054     -31265.69000
   1055     -21509.78000
   1056     -15695.25000
   1057      -6625.28100
   1058       4248.71900
   1059      12172.22000
   1060      20512.94000
   1061      31236.66000
   1062      33370.72000
   1063      11868.44000
   1064     -32379.28000
   1065     -73482.91000
   1066     -81333.56000
   1067     -59417.53000
   1068     -45748.44000
   1069     -61710.25000
   1070     -81458.38000
   1071     -72714.95000
   1072     -45076.53000
   1073     -32334.41000
   1074     -42355.69000
   1075     -49212.66000
   1076     -30734.41000
   1077       1647.21900
   1078      15686.22000
   1079      -1312.18800
   1080     -24025.62000
   1081     -20465.69000
   1082       7558.81200
   1083      32687.84000
   1084      39687.72000
   1085      32403.91000
   1086      17418.34000
   1087       7403.87500
   1088      21509.75000
   1089      51972.12000
   1090      56101.94000
   1091      14915.50000
   1092     -31234.66000
   1093     -40290.00000
   1094     -26179.44000
   1095     -23858.44000
   1096     -34300.88000
   1097     -38359.44000
   1098     -32009.38000
   1099     -20393.34000
   1100      -5874.21900
   1101       1913.15600
   1102      -8896.81200
   1103     -31085.66000
   1104     -47478.03000
   1105     -58416.28000
   1106     -73842.70000
   1107     -85549.66000
   1108     -74592.20000
   1109     -42590.91000
   1110     -13641.34000
   1111      -4982.68800
   1112     -10147.19000
   1113     -14250.81000
   1114     -17091.06000
   1115     -30200.16000
   1116     -51603.31000
   1117     -59897.47000
   1118     -41998.44000
   1119     -11232.41000
   1120      12150.00000
   1121      21898.75000
   1122      18828.06000
   1123       1309.53100
   1124     -26556.22000
   1125     -50042.69000
   1126     -55277.25000
   1127     -40616.19000
   1128     -17358.09000
   1129      -2506.84400
   1130      -5044.43800
   1131     -15551.34000
   1132     -17543.00000
   1133     -11075.69000
   1134     -12478.22000
   1135     -27453.31000
   1136     -42781.28000
   1137     -51348.44000
   1138     -61535.12000
   1139     -71646.09000
   1140     -63281.31000
   1141     -33672.56000
   1142      -5211.43800
   1143       8012.00000
   1144      12460.47000
   1145      10529.69000
   1146      -1775.03100
   1147     -12664.28000
   1148      -4349.46900
   1149      18130.53000
   1150      34905.97000
   1151      37784.22000
   1152      28389.34000
   1153       7194.87500
   1154     -18208.28000
   1155     -33618.19000
   1156     -39220.28000
   1157     -49075.88000
   1158     -60869.12000
   1159     -50059.59000
   1160      -6433.53100
   1161      42597.06000
   1162      59836.41000
   1163      38960.03000
   1164       4885.56200
   1165     -18807.03000
   1166     -28192.59000
   1167     -27365.31000
   1168     -17624.12000
   1169      -5515.68800
   1170      -4719.50000
   1171     -19166.22000
   1172     -38620.19000
   1173     -57788.47000
   1174     -78687.69000
   1175     -89420.34000
   1176     -72385.38000
   1177     -41415.72000
   1178     -32705.34000
   1179     -47770.38000
   1180     -47155.19000
   1181     -13195.97000
   1182      23972.91000
   1183      35652.66000
   1184      27284.00000
   1185       8973.53100
   1186     -24800.06000
   1187     -69087.75000
   1188     -95476.41000
   1189     -84288.34000
   1190     -50766.16000
   1191     -27573.62000
   1192     -30687.84000
   1193     -47077.94000
   1194     -53307.84000
   1195     -44962.50000
   1196     -40430.53000
   1197     -50361.75000
   1198     -59606.00000
   1199     -52696.91000
   1200     -38385.62000
   1201     -31538.78000
   1202     -29408.97000
   1203     -23738.16000
   1204     -18202.97000
   1205     -17271.84000
   1206     -12439.12000
   1207       6851.93800
   1208      37721.41000
   1209      66315.31000
   1210      79141.91000
   1211      71127.69000
   1212      48496.25000
   1213      23906.97000
   1214       6800.50000
   1215        706.43750
   1216       5308.40600
   1217      12323.66000
   1218       6219.87500
   1219     -16687.50000
   1220     -36453.41000
   1221     -32362.16000
   1222      -8453.40600
   1223      17707.16000
   1224      36780.91000
   1225      43701.75000
   1226      31137.38000
   1227       2624.81200
   1228     -24332.69000
   1229     -37140.09000
   1230     -36484.19000
   1231     -27600.19000
   1232     -17888.81000
   1233     -15920.19000
   1234     -20126.53000
   1235     -18927.81000
