      1     -62643.62000
      2     -41304.50000
      3       3203.04700
      4      25305.78000
      5       2973.67200
      6     -30175.72000
      7     -32866.79000
      8      -9497.39100
      9       9263.38300
     10       8824.23400
     11      -6765.62500
     12     -24092.23000
     13     -20693.55000
     14      13466.73000
     15      51540.50000
     16      53508.40000
     17      12788.91000
     18     -36498.70000
     19     -54048.27000
     20     -32019.69000
     21      -3152.44500
     22      -1593.42200
     23     -19874.12000
     24     -28003.24000
     25     -22015.20000
     26     -17834.51000
     27     -13866.45000
     28        -47.42969
     29      12950.25000
     30       9176.89800
     31      -4769.19500
     32     -11854.21000
     33      -6861.71100
     34       7596.65600
     35      27436.77000
     36      40467.62000
     37      31224.30000
     38        781.32030
     39     -28246.95000
     40     -32249.20000
     41     -11281.48000
     42       7748.47700
     43        -22.53125
     44     -23011.32000
     45     -25102.29000
     46        872.60940
     47      20686.04000
     48      14963.28000
     49       9171.18000
     50      23861.48000
     51      38434.90000
     52      34362.71000
     53      29636.59000
     54      36842.54000
     55      30982.50000
     56      -3950.47700
     57     -33768.38000
     58     -19872.50000
     59      19009.22000
     60      29896.17000
     61      -2068.12500
     62     -39689.41000
     63     -48829.51000
     64     -34924.39000
     65     -19143.23000
     66      -6959.75000
     67       4425.93800
     68       7884.18000
     69      -3416.68800
     70     -17435.84000
     71     -17973.56000
     72     -14138.38000
     73     -26522.70000
     74     -43879.61000
     75     -32176.74000
     76       5376.00000
     77      22760.95000
     78       -632.90620
     79     -31407.96000
     80     -34206.18000
     81     -10983.22000
     82      17260.62000
     83      30774.19000
     84      16562.52000
     85     -15008.91000
     86     -31283.04000
     87     -19188.41000
     88      -5027.76600
     89     -11748.90000
     90     -24780.16000
     91     -23444.32000
     92     -18303.70000
     93     -29180.55000
     94     -47495.71000
     95     -49874.19000
     96     -34630.04000
     97     -16348.70000
     98       3686.63300
     99      31533.60000
    100      55995.55000
    101      61774.84000
    102      57709.61000
    103      59468.99000
    104      55327.31000
    105      26027.90000
    106     -11676.87000
    107     -22988.21000
    108     -11705.96000
    109     -15108.03000
    110     -40317.29000
    111     -49860.02000
    112     -21846.93000
    113      14125.62000
    114      20274.38000
    115        987.82810
    116     -11360.67000
    117      -2671.02300
    118      11076.16000
    119      11009.59000
    120      -1333.28900
    121     -10375.80000
    122      -9703.12500
    123      -9626.24200
    124     -16602.79000
    125     -15796.95000
    126       8442.10900
    127      40721.76000
    128      47756.84000
    129      24450.77000
    130       1796.69500
    131       3284.16400
    132      17211.27000
    133      20387.07000
    134       9320.71100
    135      -2119.43800
    136      -3377.99200
    137       2619.41400
    138       4433.81200
    139      -5940.64100
    140     -25476.11000
    141     -44226.18000
    142     -53392.09000
    143     -47804.35000
    144     -28301.90000
    145      -4917.73400
    146      11949.97000
    147      22776.85000
    148      28339.34000
    149      16300.69000
    150     -17511.60000
    151     -44320.29000
    152     -32065.23000
    153       4916.60900
    154      19165.63000
    155      -7736.53100
    156     -44571.91000
    157     -53486.54000
    158     -32787.95000
    159     -10482.48000
    160      -5384.09400
    161      -7896.60200
    162      -3499.82000
    163       1717.68800
    164      -5035.94500
    165     -21806.14000
    166     -41930.36000
    167     -63850.04000
    168     -77805.24000
    169     -69913.75000
    170     -45816.25000
    171     -21248.60000
    172       2886.23400
    173      23640.20000
    174      16344.85000
    175     -28831.60000
    176     -74112.61000
    177     -74936.68000
    178     -33761.02000
    179      11483.84000
    180      32926.27000
    181      29330.70000
    182      12126.48000
    183     -11488.69000
    184     -41012.06000
    185     -69757.54000
    186     -78840.02000
    187     -54813.08000
    188      -7400.18000
    189      40487.03000
    190      73511.56000
    191      86099.71000
    192      72618.45000
    193      30744.95000
    194     -23153.87000
    195     -57902.45000
    196     -59677.64000
    197     -48194.25000
    198     -45366.46000
    199     -44962.79000
    200     -33375.55000
    201     -18441.90000
    202     -15083.00000
    203     -23891.41000
    204     -38603.88000
    205     -49227.71000
    206     -35480.21000
    207       9409.09400
    208      51821.46000
    209      49690.55000
    210       4801.75000
    211     -43929.24000
    212     -66157.02000
    213     -59161.53000
    214     -37398.80000
    215     -19732.99000
    216     -18679.94000
    217     -33716.50000
    218     -53268.35000
    219     -61721.43000
    220     -52072.77000
    221     -35134.09000
    222     -24659.60000
    223     -16114.98000
    224        982.57030
    225      19675.73000
    226      28564.94000
    227      30513.91000
    228      24383.72000
    229      -3617.77300
    230     -44502.59000
    231     -59987.09000
    232     -40206.85000
    233     -25814.95000
    234     -43442.17000
    235     -64501.49000
    236     -58294.63000
    237     -39799.64000
    238     -34637.80000
    239     -38009.65000
    240     -34078.41000
    241     -22096.77000
    242      -7891.72700
    243       4367.88300
    244       8991.87500
    245       5068.12500
    246      -2538.48400
    247     -17272.64000
    248     -45640.89000
    249     -72083.30000
    250     -63546.73000
    251      -8572.90600
    252      61335.85000
    253      97354.45000
    254      79557.89000
    255      33106.32000
    256      -5497.44500
    257     -24921.83000
    258     -29339.66000
    259     -17177.62000
    260       4873.29700
    261      10759.86000
    262     -12491.74000
    263     -40488.98000
    264     -43903.62000
    265     -28886.98000
    266     -22645.99000
    267     -30194.15000
    268     -32819.91000
    269     -29248.54000
    270     -43703.35000
    271     -77123.16000
    272     -89412.53000
    273     -59359.51000
    274     -23572.20000
    275     -20898.05000
    276     -34783.40000
    277     -28071.28000
    278      -3557.43800
    279       8165.31200
    280       1677.53900
    281         13.00781
    282       8651.71900
    283       3181.21100
    284     -23127.70000
    285     -34245.95000
    286      -4587.55500
    287      32365.48000
    288      28275.59000
    289     -10868.61000
    290     -40664.21000
    291     -44615.19000
    292     -43658.25000
    293     -49509.66000
    294     -45401.52000
    295     -17746.67000
    296      16903.75000
    297      28137.99000
    298       5520.77300
    299     -32610.87000
    300     -59038.49000
    301     -59646.78000
    302     -40399.02000
    303     -17469.85000
    304       1070.00800
    305      20173.38000
    306      39414.56000
    307      41968.80000
    308      17414.48000
    309     -16387.36000
    310     -33953.06000
    311     -34967.62000
    312     -36399.30000
    313     -43023.91000
    314     -48053.14000
    315     -51931.97000
    316     -56777.73000
    317     -51964.42000
    318     -29950.09000
    319      -7779.53100
    320      -8323.17200
    321     -25747.94000
    322     -32431.30000
    323     -17040.86000
    324       3900.78100
    325      11619.91000
    326       5906.68800
    327      -2242.01600
    328      -5847.79700
    329      -4588.40600
    330       -994.92190
    331       -112.14060
    332      -5669.95300
    333     -10919.34000
    334      -4715.28100
    335       5845.35900
    336      -2959.92200
    337     -33466.08000
    338     -53923.31000
    339     -43429.16000
    340     -21215.20000
    341      -8889.14100
    342       2857.04700
    343      24860.25000
    344      42295.64000
    345      40029.38000
    346      23430.78000
    347       1539.93800
    348     -21186.50000
    349     -35048.20000
    350     -33492.92000
    351     -24914.38000
    352     -19563.72000
    353     -18552.09000
    354     -22212.55000
    355     -29907.83000
    356     -32370.95000
    357     -22680.77000
    358      -8600.93800
    359      -1021.29700
    360       2117.09400
    361      13168.09000
    362      38738.56000
    363      64112.02000
    364      59754.52000
    365      18174.80000
    366     -26758.16000
    367     -39496.34000
    368     -28135.42000
    369     -24671.33000
    370     -35786.98000
    371     -41389.69000
    372     -29687.28000
    373      -7692.75000
    374      15858.56000
    375      36038.16000
    376      44085.75000
    377      32292.61000
    378       6132.76600
    379     -20369.45000
    380     -39137.94000
    381     -47636.94000
    382     -41614.86000
    383     -23833.08000
    384     -13290.67000
    385     -25570.66000
    386     -48043.25000
    387     -54376.39000
    388     -38875.22000
    389     -17481.86000
    390      -3464.53100
    391       -904.10940
    392      -7872.51600
    393     -10251.16000
    394       6150.03100
    395      26883.47000
    396      22778.98000
    397      -3309.32800
    398     -22404.19000
    399     -28245.00000
    400     -35843.12000
    401     -41418.67000
    402     -30581.73000
    403     -13363.92000
    404      -8911.39100
    405     -12030.83000
    406      -8989.95300
    407      -5917.64100
    408     -12529.50000
    409     -19842.59000
    410     -18941.88000
    411     -20671.55000
    412     -33986.17000
    413     -44674.16000
    414     -37198.34000
    415     -20090.67000
    416     -11426.86000
    417     -14539.98000
    418     -21646.94000
    419     -26694.52000
    420     -25818.41000
    421     -16507.50000
    422       -133.65620
    423      17950.03000
    424      28404.89000
    425      22737.23000
    426       5422.14100
    427     -10419.09000
    428     -24742.09000
    429     -46717.36000
    430     -67261.77000
    431     -65156.14000
    432     -43866.64000
    433     -32213.12000
    434     -43722.67000
    435     -58437.94000
    436     -50925.59000
    437     -24128.91000
    438      -5655.73400
    439      -9388.85900
    440     -14326.98000
    441       2348.81200
    442      26212.19000
    443      25993.89000
    444         48.57812
    445     -26787.84000
    446     -39247.25000
    447     -36248.25000
    448     -17916.36000
    449       3118.15600
    450       -654.78120
    451     -31805.94000
    452     -50293.33000
    453     -27968.27000
    454       6116.79700
    455       8469.93800
    456     -17256.91000
    457     -35927.66000
    458     -34850.61000
    459     -29859.67000
    460     -33987.53000
    461     -45186.28000
    462     -55986.98000
    463     -59142.53000
    464     -49318.98000
    465     -28024.78000
    466      -4524.64100
    467      11987.58000
    468      18578.02000
    469      16074.47000
    470       5917.25000
    471      -6936.42200
    472     -13505.36000
    473      -8973.90600
    474       3243.50000
    475      17770.97000
    476      29828.48000
    477      31396.05000
    478      17601.67000
    479      -1636.20300
    480     -11477.92000
    481     -13413.48000
    482     -19134.50000
    483     -26252.44000
    484     -24585.94000
    485     -22782.64000
    486     -36008.39000
    487     -50265.91000
    488     -37083.66000
    489      -2412.90600
    490      19883.83000
    491      21891.64000
    492      27814.58000
    493      46177.48000
    494      53376.61000
    495      32651.12000
    496       2651.34400
    497      -6309.65600
    498       8296.28100
    499      24165.39000
    500      32777.64000
    501      49964.39000
    502      83362.38000
    503     117675.40000
    504     141439.00000
    505     162139.50000
    506     188748.70000
    507     219213.10000
    508     247526.20000
    509     273059.40000
    510     304397.80000
    511     351944.40000
    512     411181.00000
    513     465692.80000
    514     510433.60000
    515     553481.20000
    516     595604.10000
    517     630794.60000
    518     664935.40000
    519     712878.40000
    520     780050.10000
    521     860218.80000
    522     951084.20000
    523    1066306.00000
    524    1230761.00000
    525    1463953.00000
    526    1780123.00000
    527    2222848.00000
    528    2894510.00000
    529    3903124.00000
    530    5202239.00000
    531    6462012.00000
    532    7191426.00000
    533    7097125.00000
    534    6312478.00000
    535    5230884.00000
    536    4176915.00000
    537    3288151.00000
    538    2596076.00000
    539    2083533.00000
    540    1696448.00000
    541    1389699.00000
    542    1153989.00000
    543     976817.80000
    544     826036.40000
    545     691112.30000
    546     591949.20000
    547     531320.50000
    548     479566.50000
    549     417482.30000
    550     361187.60000
    551     332889.30000
    552     327808.70000
    553     322785.00000
    554     307146.80000
    555     291680.80000
    556     287630.30000
    557     288882.10000
    558     279907.90000
    559     253704.90000
    560     217556.20000
    561     185188.10000
    562     163399.60000
    563     143924.70000
    564     114741.20000
    565      82786.03000
    566      73730.00000
    567     100156.70000
    568     139137.20000
    569     153993.90000
    570     136683.30000
    571     115881.60000
    572     115044.30000
    573     116198.70000
    574      89609.70000
    575      50230.38000
    576      43732.80000
    577      74421.67000
    578      95866.66000
    579      82946.17000
    580      62207.73000
    581      58103.58000
    582      59242.53000
    583      50866.84000
    584      37442.31000
    585      25736.75000
    586      19701.00000
    587      28076.80000
    588      48324.08000
    589      56403.67000
    590      37504.28000
    591       9895.31200
    592       -171.35940
    593      10916.72000
    594      29262.33000
    595      41021.98000
    596      38741.27000
    597      23852.95000
    598       5978.90600
    599      -4165.14100
    600       1540.70300
    601      26403.86000
    602      58885.23000
    603      72428.05000
    604      52383.92000
    605      19902.78000
    606      12767.88000
    607      39124.80000
    608      62783.92000
    609      47685.98000
    610      10213.12000
    611       1270.60900
    612      33220.23000
    613      61962.02000
    614      54950.08000
    615      31562.72000
    616      14535.75000
    617      -7094.92200
    618     -37394.89000
    619     -47211.94000
    620     -21543.58000
    621       9754.29700
    622      15586.41000
    623       1918.75000
    624      -9281.37500
    625      -6117.43800
    626      13813.55000
    627      38726.72000
    628      40297.16000
    629       6888.45300
    630     -29795.14000
    631     -31588.28000
    632      -4099.71900
    633      18686.78000
    634      21662.58000
    635      11368.06000
    636      -4975.45300
    637     -12513.33000
    638      12904.19000
    639      67504.64000
    640     106607.80000
    641      97008.05000
    642      57096.69000
    643      25170.69000
    644      15727.50000
    645      21513.00000
    646      30599.42000
    647      28718.50000
    648       5209.09400
    649     -33162.55000
    650     -61938.39000
    651     -58136.88000
    652     -23856.62000
    653      11221.25000
    654      21431.27000
    655      12673.14000
    656       3252.20300
    657      -4252.50000
    658      -9329.75000
    659       1400.93800
    660      29576.39000
    661      55926.05000
    662      73375.02000
    663      92270.02000
    664     106339.50000
    665      98244.19000
    666      77991.34000
    667      69392.28000
    668      66127.05000
    669      44048.45000
    670       5306.73400
    671     -24168.59000
    672     -27332.55000
    673      -5200.10900
    674      29091.56000
    675      54628.20000
    676      58672.48000
    677      51549.77000
    678      51984.55000
    679      62933.62000
    680      73534.25000
    681      75266.19000
    682      66674.02000
    683      53231.95000
    684      49844.14000
    685      69683.09000
    686     101434.30000
    687     111363.30000
    688      80975.39000
    689      32960.81000
    690       6373.20300
    691      13014.70000
    692      29511.77000
    693      27344.52000
    694       2782.51600
    695     -21626.23000
    696     -24866.33000
    697     -13834.42000
    698     -10273.88000
    699     -15830.09000
    700     -13059.59000
    701        834.17190
    702       9591.56200
    703       7833.68800
    704       9406.10900
    705      23188.11000
    706      38502.75000
    707      38179.28000
    708      19274.53000
    709      -1738.17200
    710      -6996.54700
    711       2813.48400
    712      15366.69000
    713      26727.14000
    714      39191.48000
    715      46059.73000
    716      37183.09000
    717      16900.61000
    718       2214.31200
    719       3205.03100
    720      12928.06000
    721      16559.34000
    722       6681.59400
    723      -9727.60900
    724     -18702.25000
    725     -15871.12000
    726     -12449.30000
    727     -16217.00000
    728     -14592.86000
    729       3946.71900
    730      22143.70000
    731      17709.89000
    732       3004.51600
    733       5639.57800
    734      25068.27000
    735      42855.25000
    736      54511.20000
    737      61073.58000
    738      54694.48000
    739      34996.67000
    740      16618.88000
    741      12071.22000
    742      22531.03000
    743      36750.47000
    744      32927.27000
    745       5676.65600
    746     -14597.30000
    747      -5156.48400
    748       5407.40600
    749     -16973.67000
    750     -48454.23000
    751     -40972.41000
    752       5009.07800
    753      47011.95000
    754      57907.12000
    755      41692.91000
    756      12135.31000
    757     -15190.23000
    758     -22402.89000
    759      -3275.78100
    760      24817.70000
    761      36229.80000
    762      25730.62000
    763      11344.22000
    764       6121.31200
    765       3599.64100
    766        216.21880
    767       9642.43800
    768      37753.69000
    769      65222.72000
    770      73565.55000
    771      68282.58000
    772      61763.45000
    773      55629.91000
    774      51747.38000
    775      57919.00000
    776      70658.73000
    777      71577.48000
    778      54165.05000
    779      40965.27000
    780      58173.19000
    781      96036.88000
    782     111348.60000
    783      77511.81000
    784      20417.66000
    785      -9410.89100
    786       5216.34400
    787      32856.59000
    788      36725.45000
    789      18848.39000
    790      10274.91000
    791      26440.53000
    792      50745.08000
    793      61738.78000
    794      57519.56000
    795      50538.72000
    796      53857.94000
    797      71602.22000
    798      91219.89000
    799      93034.70000
    800      77299.50000
    801      66396.16000
    802      70119.09000
    803      69808.61000
    804      51109.67000
    805      32513.48000
    806      41148.31000
    807      71606.88000
    808      90597.62000
    809      80450.34000
    810      57234.53000
    811      41883.92000
    812      36010.64000
    813      35443.36000
    814      43742.92000
    815      58556.80000
    816      67315.31000
    817      69081.16000
    818      77885.08000
    819      94473.02000
    820      98435.61000
    821      76871.16000
    822      40697.34000
    823      10120.97000
    824       -624.20310
    825       8492.14100
    826      16815.73000
    827       1222.50000
    828     -27687.64000
    829     -32190.75000
    830       -233.18750
    831      36489.53000
    832      44156.17000
    833      18782.77000
    834     -23368.11000
    835     -59057.81000
    836     -66021.11000
    837     -41931.80000
    838      -9083.54700
    839      13433.25000
    840      26809.02000
    841      34591.02000
    842      31353.88000
    843      17308.56000
    844       1481.96900
    845     -14037.09000
    846     -31224.48000
    847     -38211.20000
    848     -18529.28000
    849      20178.16000
    850      48545.94000
    851      50403.11000
    852      38120.14000
    853      27844.92000
    854      14041.83000
    855     -17394.50000
    856     -56482.50000
    857     -70888.42000
    858     -48205.94000
    859     -16378.95000
    860      -7660.06200
    861     -19898.91000
    862     -27273.08000
    863     -14961.44000
    864       5665.18800
    865       9613.31200
    866      -8730.82800
    867     -16392.39000
    868      17505.59000
    869      65160.25000
    870      68142.12000
    871      19532.44000
    872     -33060.12000
    873     -58975.33000
    874     -64174.89000
    875     -51928.03000
    876     -20521.72000
    877       9718.75000
    878      14688.31000
    879       1841.29700
    880      -6425.65600
    881      -8977.85900
    882     -16650.47000
    883     -23176.50000
    884     -13321.75000
    885       9194.64100
    886      22633.80000
    887      11334.91000
    888     -21452.80000
    889     -55043.34000
    890     -60303.02000
    891     -23702.23000
    892      31970.33000
    893      67109.11000
    894      66569.08000
    895      45769.56000
    896      22688.81000
    897       1835.96900
    898     -20460.56000
    899     -45439.19000
    900     -60334.94000
    901     -44881.56000
    902      -4890.39100
    903      20471.77000
    904       8204.56200
    905     -16691.55000
    906     -22293.92000
    907     -13281.33000
    908     -12521.22000
    909     -27449.34000
    910     -49508.62000
    911     -65219.73000
    912     -62988.56000
    913     -44213.28000
    914     -23796.39000
    915     -12433.28000
    916      -8302.07800
    917      -5686.93800
    918        -35.45312
    919       9122.20300
    920      11246.36000
    921      -5833.70300
    922     -32930.11000
    923     -43251.84000
    924     -26400.22000
    925      -3910.92200
    926      -2322.14100
    927     -20107.05000
    928     -32232.12000
    929     -24716.83000
    930      -9036.87500
    931        544.45310
    932       3419.21900
    933        481.46880
    934      -9922.14100
    935     -18447.41000
    936     -13578.81000
    937      -3436.10900
    938      -1573.25000
    939        603.93750
    940      18430.89000
    941      43391.11000
    942      55279.36000
    943      53642.97000
    944      57598.38000
    945      82242.41000
    946     124258.70000
    947     166137.90000
    948     194142.30000
    949     210564.00000
    950     220338.10000
    951     216112.30000
    952     195193.00000
    953     177597.70000
    954     180546.20000
    955     185975.20000
    956     161199.70000
    957     105606.20000
    958      54673.72000
    959      40088.75000
    960      60092.52000
    961      88132.64000
    962     101598.30000
    963      97380.08000
    964      82581.91000
    965      63067.72000
    966      47993.47000
    967      48995.48000
    968      60553.70000
    969      58929.14000
    970      36492.84000
    971      15938.34000
    972      12373.41000
    973       5906.92200
    974     -23781.89000
    975     -55665.89000
    976     -47412.73000
    977      10333.52000
    978      78449.34000
    979     106592.70000
    980      78616.22000
    981      25176.45000
    982      -5997.42200
    983       2859.01600
    984      23191.80000
    985      16392.19000
    986     -20167.81000
    987     -54623.25000
    988     -63346.92000
    989     -57022.88000
    990     -59633.73000
    991     -71293.36000
    992     -66495.83000
    993     -33856.33000
    994        797.56250
    995       8704.71900
    996      -2163.62500
    997      -5766.79700
    998       3010.75000
    999      14348.31000
   1000      26289.50000
   1001      36909.34000
   1002      36397.56000
   1003      24601.38000
   1004      13280.16000
   1005       3749.28100
   1006     -12917.66000
   1007     -34261.48000
   1008     -47464.41000
   1009     -45672.38000
   1010     -27867.94000
   1011       3109.50000
   1012      30194.75000
   1013      28566.34000
   1014      -4400.81200
   1015     -38949.78000
   1016     -42631.45000
   1017     -12995.38000
   1018      23472.97000
   1019      39910.16000
   1020      32012.38000
   1021      13181.97000
   1022      -6185.53100
   1023     -25104.28000
   1024     -40776.31000
   1025     -47454.02000
   1026     -49227.80000
   1027     -56404.77000
   1028     -64389.12000
   1029     -55220.86000
   1030     -26887.47000
   1031      -3165.81200
   1032      -6249.84400
   1033     -30823.41000
   1034     -50925.97000
   1035     -48756.95000
   1036     -34268.56000
   1037     -30486.33000
   1038     -38923.78000
   1039     -37338.00000
   1040     -17334.03000
   1041       1160.40600
   1042       2759.84400
   1043      -2924.71900
   1044      -3409.25000
   1045      -2673.03100
   1046     -10439.53000
   1047     -26234.14000
   1048     -37577.42000
   1049     -32344.41000
   1050     -16476.12000
   1051     -10189.03000
   1052     -18682.75000
   1053     -24356.72000
   1054     -17606.19000
   1055     -11219.00000
   1056     -13797.09000
   1057     -14688.81000
   1058      -5119.00000
   1059       7960.65600
   1060      16894.91000
   1061      24244.94000
   1062      31109.19000
   1063      27985.62000
   1064       8341.37500
   1065     -15854.92000
   1066     -27978.50000
   1067     -32875.97000
   1068     -47010.45000
   1069     -63688.34000
   1070     -58003.30000
   1071     -28711.75000
   1072      -2454.21900
   1073       4758.87500
   1074      -1200.40600
   1075     -13475.59000
   1076     -23713.80000
   1077     -14154.62000
   1078      17156.09000
   1079      41393.19000
   1080      37723.31000
   1081      23171.12000
   1082      19756.81000
   1083      22169.34000
   1084      19845.34000
   1085      18522.66000
   1086      19187.94000
   1087       5998.03100
   1088     -25448.84000
   1089     -51703.89000
   1090     -49393.66000
   1091     -24982.09000
   1092      -5317.37500
   1093      -5031.06200
   1094     -12223.03000
   1095      -9191.59400
   1096         38.06250
   1097      -2878.46900
   1098     -18587.78000
   1099     -26195.73000
   1100     -13504.09000
   1101       9573.46900
   1102      27831.25000
   1103      30555.59000
   1104       9531.06200
   1105     -28956.16000
   1106     -55916.97000
   1107     -47886.42000
   1108     -17716.03000
   1109       3840.87500
   1110       8890.00000
   1111      13347.22000
   1112      24775.69000
   1113      31768.47000
   1114      24498.31000
   1115       9089.81200
   1116      -2637.59400
   1117      -7685.87500
   1118      -9285.37500
   1119      -5693.15600
   1120       6561.12500
   1121      19164.47000
   1122      18781.50000
   1123       9935.43800
   1124       9679.56200
   1125      15172.34000
   1126       3586.09400
   1127     -28435.33000
   1128     -54103.33000
   1129     -53739.55000
   1130     -37900.77000
   1131     -28201.11000
   1132     -34901.77000
   1133     -52564.27000
   1134     -63672.84000
   1135     -53441.69000
   1136     -29808.61000
   1137     -16441.69000
   1138     -21608.06000
   1139     -30971.61000
   1140     -33821.39000
   1141     -37425.77000
   1142     -49127.80000
   1143     -58528.62000
   1144     -47366.33000
   1145     -13517.16000
   1146      21675.72000
   1147      34172.84000
   1148      22869.62000
   1149       7489.18800
   1150       1009.75000
   1151      -5121.00000
   1152     -22399.16000
   1153     -42299.61000
   1154     -44975.55000
   1155     -28319.72000
   1156     -13233.31000
   1157     -14946.75000
   1158     -22336.00000
   1159     -16313.56000
   1160       2290.93800
   1161      16655.28000
   1162      15940.28000
   1163       -389.31250
   1164     -28328.44000
   1165     -54202.83000
   1166     -58463.20000
   1167     -39591.77000
   1168     -17987.44000
   1169      -7667.56200
   1170      -6878.18800
   1171     -17467.34000
   1172     -40525.69000
   1173     -56969.25000
   1174     -51206.39000
   1175     -43955.77000
   1176     -59199.97000
   1177     -75044.00000
   1178     -55611.45000
   1179     -16660.66000
   1180      -9382.96900
   1181     -44057.83000
   1182     -74169.42000
   1183     -62023.06000
   1184     -24106.22000
   1185       2341.87500
   1186       6604.28100
   1187      -3753.56200
   1188     -29146.66000
   1189     -66051.67000
   1190     -91316.22000
   1191     -85605.61000
   1192     -55052.55000
   1193     -17527.16000
   1194      10674.75000
   1195      15814.72000
   1196        177.65620
   1197     -15256.66000
   1198     -22593.94000
   1199     -39682.97000
   1200     -74334.80000
   1201    -104724.00000
   1202    -109279.40000
   1203     -91251.23000
   1204     -67564.44000
   1205     -52541.83000
   1206     -51502.92000
   1207     -57140.33000
   1208     -55188.84000
   1209     -38740.84000
   1210     -14343.00000
   1211       4216.90600
   1212       5401.40600
   1213     -11426.06000
   1214     -33799.41000
   1215     -46153.98000
   1216     -44517.88000
   1217     -39365.59000
   1218     -41163.97000
   1219     -45884.33000
   1220     -42171.25000
   1221     -29636.69000
   1222     -16740.22000
   1223      -4924.37500
   1224       7916.25000
   1225      14586.06000
   1226       8110.75000
   1227      -3813.03100
   1228     -10558.25000
   1229     -13736.75000
   1230     -17493.28000
   1231     -17138.62000
   1232     -10492.81000
   1233     -10093.53000
   1234     -29936.38000
   1235     -60558.92000
