      1      -9667.90400
      2     -13361.24000
      3     -12972.13000
      4       -775.52930
      5      10110.42000
      6      12895.53000
      7      17054.10000
      8      23083.23000
      9      12225.65000
     10     -22082.32000
     11     -53351.50000
     12     -55212.09000
     13     -39716.15000
     14     -37415.79000
     15     -50366.25000
     16     -51655.58000
     17     -27234.82000
     18       6246.09500
     19      25380.89000
     20      23974.71000
     21      13045.29000
     22       7873.04600
     23      12848.12000
     24      15744.72000
     25       4595.32900
     26     -13198.97000
     27     -21004.02000
     28     -14553.86000
     29      -1321.03300
     30       8418.29000
     31       1102.11300
     32     -29198.78000
     33     -64284.82000
     34     -78407.24000
     35     -70085.47000
     36     -56017.55000
     37     -42391.10000
     38     -22205.87000
     39       8007.35800
     40      39663.37000
     41      55063.10000
     42      44253.27000
     43      23386.62000
     44      17465.38000
     45      23487.61000
     46      18103.28000
     47      -1620.86500
     48     -16985.64000
     49     -21641.47000
     50     -27178.05000
     51     -40071.74000
     52     -53067.92000
     53     -55378.33000
     54     -43874.51000
     55     -27765.65000
     56     -20161.52000
     57     -22311.82000
     58     -23773.21000
     59     -18499.48000
     60     -11824.75000
     61     -12079.40000
     62     -21966.17000
     63     -36822.88000
     64     -48615.62000
     65     -52552.17000
     66     -49156.75000
     67     -41789.18000
     68     -36283.38000
     69     -39468.00000
     70     -50324.61000
     71     -55502.23000
     72     -43265.34000
     73     -21262.14000
     74      -9350.50600
     75     -12255.43000
     76     -14852.73000
     77     -11576.50000
     78     -18462.46000
     79     -41208.23000
     80     -57121.47000
     81     -50434.52000
     82     -39078.29000
     83     -42502.47000
     84     -47893.43000
     85     -33204.79000
     86      -4684.12300
     87      11787.26000
     88       6694.89800
     89      -5155.34000
     90     -12937.36000
     91     -28180.69000
     92     -61422.21000
     93     -93777.66000
     94     -96420.56000
     95     -72098.27000
     96     -50725.95000
     97     -47257.78000
     98     -48504.93000
     99     -39320.48000
    100     -20706.81000
    101      -2345.86500
    102       9189.89600
    103      13857.91000
    104      15037.20000
    105      13234.43000
    106       3998.50400
    107     -13770.49000
    108     -29262.44000
    109     -27115.31000
    110      -6200.88900
    111      15625.06000
    112      20271.20000
    113       6015.42500
    114     -17188.50000
    115     -37539.74000
    116     -43555.70000
    117     -31601.69000
    118     -14863.68000
    119     -10366.45000
    120     -17927.72000
    121     -26286.52000
    122     -33797.29000
    123     -44731.53000
    124     -51253.80000
    125     -39428.94000
    126     -13300.06000
    127       4550.23500
    128       2215.71500
    129      -5444.08500
    130        340.70560
    131      15075.31000
    132      21556.79000
    133      17477.24000
    134      14038.94000
    135      13610.14000
    136       7294.36600
    137      -7672.15600
    138     -23214.39000
    139     -33122.85000
    140     -40310.21000
    141     -49626.30000
    142     -59824.94000
    143     -64627.24000
    144     -56617.77000
    145     -30990.60000
    146       4704.41400
    147      25666.86000
    148      12150.50000
    149     -21578.43000
    150     -40519.54000
    151     -33274.19000
    152     -21662.24000
    153     -25268.91000
    154     -38841.87000
    155     -47423.02000
    156     -46087.57000
    157     -40685.34000
    158     -38897.77000
    159     -42474.26000
    160     -45623.93000
    161     -42840.86000
    162     -36799.79000
    163     -33466.68000
    164     -32316.39000
    165     -29813.94000
    166     -28345.30000
    167     -29367.73000
    168     -23387.09000
    169      -4269.58200
    170      12808.65000
    171       9746.09700
    172      -6452.42300
    173     -17341.44000
    174     -21940.15000
    175     -27978.14000
    176     -31331.85000
    177     -27759.24000
    178     -26768.83000
    179     -36092.50000
    180     -50536.59000
    181     -65094.48000
    182     -79517.34000
    183     -88098.09000
    184     -83087.10000
    185     -66533.59000
    186     -47868.17000
    187     -36496.54000
    188     -39467.94000
    189     -52631.67000
    190     -56559.10000
    191     -39021.99000
    192     -16397.67000
    193     -13985.75000
    194     -31465.87000
    195     -45769.08000
    196     -41773.16000
    197     -26042.71000
    198     -15079.39000
    199     -18187.50000
    200     -28965.43000
    201     -33800.98000
    202     -31544.62000
    203     -34986.77000
    204     -47737.41000
    205     -55881.21000
    206     -51623.89000
    207     -45497.85000
    208     -43278.40000
    209     -32652.36000
    210      -9744.44100
    211       2695.78900
    212     -12744.29000
    213     -36024.29000
    214     -37442.93000
    215     -23953.11000
    216     -26641.06000
    217     -50786.99000
    218     -68666.91000
    219     -58542.47000
    220     -29671.43000
    221     -10821.85000
    222     -21805.40000
    223     -50526.11000
    224     -64151.60000
    225     -51994.15000
    226     -36601.73000
    227     -31079.16000
    228     -20525.24000
    229      -2455.10500
    230      -2446.59600
    231     -27740.87000
    232     -45764.86000
    233     -30696.44000
    234       -509.95900
    235      10173.37000
    236      -6192.93600
    237     -27666.39000
    238     -36058.70000
    239     -37290.66000
    240     -40763.80000
    241     -34461.48000
    242      -5071.99600
    243      29669.30000
    244      40474.15000
    245      26100.63000
    246       4259.73400
    247     -17499.66000
    248     -33754.77000
    249     -30759.20000
    250     -11411.44000
    251      -3559.30100
    252     -22103.26000
    253     -47586.72000
    254     -56148.43000
    255     -48420.88000
    256     -39321.25000
    257     -35090.70000
    258     -29140.60000
    259     -16591.12000
    260      -4667.79700
    261      -1496.94300
    262      -2211.80700
    263       -811.20120
    264      -4827.78300
    265     -19210.33000
    266     -31021.92000
    267     -31416.31000
    268     -33338.46000
    269     -46458.86000
    270     -57614.78000
    271     -54675.58000
    272     -44506.45000
    273     -32233.19000
    274     -12789.39000
    275       2838.96100
    276     -10601.53000
    277     -46984.11000
    278     -64540.45000
    279     -48672.77000
    280     -35505.70000
    281     -48483.34000
    282     -60578.08000
    283     -48894.10000
    284     -36754.03000
    285     -48943.99000
    286     -70931.04000
    287     -79922.84000
    288     -74841.67000
    289     -58233.44000
    290     -30087.99000
    291      -9622.23400
    292     -21017.50000
    293     -52363.50000
    294     -68476.20000
    295     -63579.13000
    296     -60077.62000
    297     -60883.58000
    298     -49247.91000
    299     -31927.27000
    300     -34846.98000
    301     -56997.62000
    302     -72501.98000
    303     -74309.95000
    304     -75492.50000
    305     -75473.73000
    306     -63320.29000
    307     -45420.00000
    308     -37737.89000
    309     -40418.23000
    310     -41298.37000
    311     -31867.55000
    312      -8264.10200
    313      25708.50000
    314      50019.83000
    315      42790.71000
    316       7547.57000
    317     -30134.23000
    318     -52529.88000
    319     -59739.46000
    320     -53428.63000
    321     -30976.65000
    322       -160.76950
    323      16630.55000
    324       4948.47300
    325     -20062.05000
    326     -26930.04000
    327      -6435.99200
    328      14970.11000
    329      10212.62000
    330     -11939.64000
    331     -23659.95000
    332     -22071.31000
    333     -30358.74000
    334     -56771.57000
    335     -79647.69000
    336     -78458.33000
    337     -56624.85000
    338     -28360.91000
    339      -5249.92600
    340        245.64840
    341     -17440.43000
    342     -39583.98000
    343     -38666.60000
    344     -17411.02000
    345      -6599.32400
    346     -18486.34000
    347     -30798.75000
    348     -25890.86000
    349     -16855.35000
    350     -20875.93000
    351     -30528.04000
    352     -29444.78000
    353     -20044.74000
    354     -17503.54000
    355     -25431.16000
    356     -34097.18000
    357     -37535.79000
    358     -37774.34000
    359     -37060.98000
    360     -38188.60000
    361     -44987.00000
    362     -51191.52000
    363     -41738.76000
    364     -16780.18000
    365       3461.11300
    366       7792.37500
    367       4774.44900
    368      -3255.53900
    369     -24839.25000
    370     -48546.52000
    371     -44008.00000
    372      -7365.56200
    373      26090.67000
    374      26497.37000
    375        492.34770
    376     -27428.45000
    377     -41467.88000
    378     -39653.90000
    379     -29024.29000
    380     -18686.63000
    381     -13260.43000
    382     -14911.14000
    383     -24896.03000
    384     -35258.93000
    385     -30606.04000
    386      -8271.94100
    387      16647.95000
    388      32298.27000
    389      39024.00000
    390      35934.64000
    391      19818.49000
    392       -402.50000
    393      -8665.80100
    394      -2703.97700
    395       5919.31600
    396       9607.82800
    397       7822.84000
    398      -1837.55900
    399     -19718.89000
    400     -36599.82000
    401     -43122.80000
    402     -40554.82000
    403     -34036.94000
    404     -26535.52000
    405     -25721.85000
    406     -38578.00000
    407     -51678.20000
    408     -37996.85000
    409       5496.22300
    410      44764.17000
    411      43257.34000
    412       -458.21090
    413     -52149.26000
    414     -72130.97000
    415     -49434.18000
    416     -10668.73000
    417      12015.32000
    418      18418.80000
    419      29164.43000
    420      44166.35000
    421      42124.11000
    422      20980.87000
    423       4559.47700
    424       4457.80100
    425       6785.17600
    426        866.40620
    427      -8111.77000
    428     -17151.95000
    429     -28458.12000
    430     -32996.58000
    431     -15530.60000
    432      19587.07000
    433      46598.61000
    434      48650.43000
    435      36035.82000
    436      27176.77000
    437      24726.88000
    438      22269.67000
    439      21085.74000
    440      25138.12000
    441      31364.26000
    442      38726.99000
    443      53746.94000
    444      77799.14000
    445     101939.30000
    446     116189.80000
    447     112323.50000
    448      84959.78000
    449      44171.17000
    450      16645.80000
    451      21528.75000
    452      50944.73000
    453      78217.84000
    454      81719.00000
    455      63514.42000
    456      46926.53000
    457      51123.07000
    458      72213.30000
    459      95534.25000
    460     116009.70000
    461     136075.30000
    462     153384.00000
    463     163553.60000
    464     169177.70000
    465     174964.40000
    466     176544.20000
    467     165950.20000
    468     148668.00000
    469     143560.00000
    470     161394.00000
    471     192297.10000
    472     220106.60000
    473     241825.50000
    474     265795.50000
    475     294257.80000
    476     320300.10000
    477     345904.00000
    478     387001.00000
    479     450716.50000
    480     525037.00000
    481     603651.60000
    482     700944.90000
    483     833103.40000
    484    1008088.00000
    485    1242467.00000
    486    1568704.00000
    487    2016591.00000
    488    2580992.00000
    489    3178446.00000
    490    3632842.00000
    491    3757160.00000
    492    3492849.00000
    493    2960359.00000
    494    2358446.00000
    495    1826829.00000
    496    1407767.00000
    497    1098584.00000
    498     892559.10000
    499     768024.30000
    500     679889.20000
    501     588135.20000
    502     486272.60000
    503     395616.20000
    504     338823.30000
    505     317967.80000
    506     312595.00000
    507     300823.20000
    508     280189.50000
    509     264744.40000
    510     268834.70000
    511     293415.90000
    512     317960.70000
    513     313753.50000
    514     278411.00000
    515     244291.30000
    516     241598.50000
    517     267954.30000
    518     297683.80000
    519     306018.10000
    520     289310.60000
    521     271692.40000
    522     278661.70000
    523     303337.60000
    524     321358.30000
    525     332040.70000
    526     355347.60000
    527     395728.00000
    528     435736.20000
    529     459347.30000
    530     463292.90000
    531     451470.80000
    532     431977.80000
    533     420257.80000
    534     433921.80000
    535     471203.60000
    536     499824.20000
    537     487659.00000
    538     441024.90000
    539     390593.60000
    540     349832.10000
    541     313128.20000
    542     279644.90000
    543     251467.30000
    544     222028.90000
    545     187383.30000
    546     157084.20000
    547     142652.50000
    548     144740.60000
    549     154355.30000
    550     160310.40000
    551     157038.20000
    552     146793.30000
    553     131909.90000
    554     109859.60000
    555      80625.98000
    556      53171.31000
    557      38421.04000
    558      36618.98000
    559      36611.80000
    560      32238.47000
    561      32393.81000
    562      42892.20000
    563      49554.08000
    564      38616.46000
    565      20401.00000
    566      12426.93000
    567      16046.57000
    568      25736.82000
    569      40336.85000
    570      55140.40000
    571      63124.36000
    572      65388.66000
    573      65050.27000
    574      59811.09000
    575      50984.50000
    576      44516.29000
    577      38918.49000
    578      29250.70000
    579      21185.52000
    580      23926.41000
    581      32286.58000
    582      29429.29000
    583       8412.70300
    584     -15104.86000
    585     -17817.65000
    586       1473.66400
    587      16826.23000
    588       8134.74200
    589     -12322.66000
    590     -17497.27000
    591        185.46880
    592      23020.01000
    593      30420.43000
    594      19501.68000
    595       6278.58600
    596       9742.24200
    597      32145.27000
    598      53186.59000
    599      48230.07000
    600      16321.92000
    601     -16326.03000
    602     -27168.25000
    603     -22231.84000
    604     -19488.10000
    605     -19062.94000
    606      -7567.39800
    607      15215.51000
    608      33291.64000
    609      37507.12000
    610      35329.06000
    611      35029.42000
    612      34183.59000
    613      28857.13000
    614      20790.33000
    615      10319.71000
    616      -3322.32800
    617     -11460.98000
    618      -4336.24200
    619       7542.30500
    620       2750.28100
    621     -18112.44000
    622     -31336.27000
    623     -23158.88000
    624      -3966.15600
    625       9692.43000
    626      11249.02000
    627       5174.40600
    628       1819.67200
    629       6861.39800
    630      14366.37000
    631      18995.95000
    632      28982.31000
    633      49694.05000
    634      62439.01000
    635      45012.05000
    636      10202.07000
    637      -4597.28900
    638      11617.14000
    639      29901.08000
    640      23975.66000
    641       1093.57000
    642     -15841.75000
    643     -13676.67000
    644       7556.35200
    645      35125.51000
    646      47910.55000
    647      40786.31000
    648      36172.05000
    649      48228.75000
    650      52162.08000
    651      19082.78000
    652     -34021.38000
    653     -60587.66000
    654     -40851.39000
    655       1864.88300
    656      33459.07000
    657      40383.33000
    658      31035.38000
    659      17176.87000
    660       3205.81200
    661      -3872.67200
    662       9314.61700
    663      39907.32000
    664      59655.75000
    665      51128.56000
    666      35776.84000
    667      39211.93000
    668      46897.00000
    669      28306.56000
    670      -6483.33600
    671     -14161.96000
    672      17021.94000
    673      48479.52000
    674      47718.23000
    675      27552.37000
    676      13510.14000
    677       7975.12500
    678       5392.44500
    679       9654.67200
    680      19150.36000
    681      24018.23000
    682      26534.76000
    683      33895.92000
    684      32335.83000
    685       3929.99200
    686     -33405.29000
    687     -38072.22000
    688       1651.50000
    689      51566.99000
    690      69671.67000
    691      45818.53000
    692       5134.46900
    693     -20004.01000
    694     -20390.10000
    695     -10592.47000
    696      -2304.62500
    697       8521.75800
    698      25763.96000
    699      41068.95000
    700      43519.27000
    701      30827.79000
    702      11815.17000
    703       4463.98400
    704      21601.34000
    705      50864.12000
    706      62882.12000
    707      46190.98000
    708      18688.54000
    709       1399.00800
    710      -2550.07800
    711      -1151.77300
    712       -822.72660
    713      -2391.21900
    714       -992.73440
    715       8547.58600
    716      21707.65000
    717      24403.19000
    718       9399.48400
    719     -10195.96000
    720     -12952.34000
    721       2588.67200
    722      12900.25000
    723       2639.41400
    724     -10488.85000
    725      -1344.31200
    726      23863.52000
    727      36415.27000
    728      24878.12000
    729       5139.93800
    730      -5245.35200
    731      -6084.28900
    732      -7440.98400
    733     -11356.51000
    734      -4367.77300
    735      24037.33000
    736      55055.36000
    737      54454.41000
    738      23216.77000
    739       4487.04700
    740      20573.73000
    741      38631.02000
    742      25734.54000
    743         72.98438
    744      -4394.95300
    745      11076.35000
    746      23699.24000
    747      22244.80000
    748       6331.35900
    749     -18662.40000
    750     -36145.87000
    751     -32904.62000
    752     -18798.12000
    753     -12231.66000
    754     -15563.89000
    755     -18678.42000
    756     -13099.52000
    757       4596.97700
    758      29798.44000
    759      50119.53000
    760      55594.98000
    761      41425.54000
    762       5062.17200
    763     -40818.61000
    764     -64091.40000
    765     -48962.64000
    766     -21742.72000
    767     -14815.85000
    768     -23701.29000
    769     -24194.25000
    770     -11040.38000
    771       2677.04700
    772       6823.28900
    773        163.84380
    774     -10508.12000
    775     -10489.68000
    776       9836.64800
    777      38669.67000
    778      51249.78000
    779      38029.98000
    780      16105.20000
    781       6956.93800
    782       9102.20300
    783       3374.30500
    784     -17690.16000
    785     -41191.78000
    786     -53112.48000
    787     -48182.65000
    788     -24440.94000
    789      10466.19000
    790      34314.45000
    791      35639.55000
    792      33081.72000
    793      44678.08000
    794      54000.87000
    795      36041.64000
    796       2844.79700
    797      -7451.26600
    798      18587.05000
    799      53448.10000
    800      63256.06000
    801      42999.98000
    802      14162.35000
    803      -2201.85200
    804      -3196.12500
    805        292.80470
    806      -2876.58600
    807     -14829.06000
    808     -26164.69000
    809     -22344.35000
    810       -556.22660
    811      17259.61000
    812        872.30470
    813     -48080.49000
    814     -85546.39000
    815     -73965.98000
    816     -29297.57000
    817       4869.75800
    818      15438.52000
    819      21743.37000
    820      33650.43000
    821      41327.73000
    822      38639.94000
    823      31676.36000
    824      28592.95000
    825      31511.74000
    826      32164.16000
    827      18432.68000
    828      -5709.89800
    829     -19775.23000
    830     -15735.73000
    831      -7618.00800
    832      -3732.07000
    833       4769.34400
    834      17511.84000
    835      14978.00000
    836     -10677.14000
    837     -37244.09000
    838     -40956.19000
    839     -27020.92000
    840     -15774.41000
    841     -10995.83000
    842      -1896.32800
    843      10266.78000
    844      11281.62000
    845       1165.56200
    846      -1178.95300
    847      11084.09000
    848      18894.86000
    849       6891.21900
    850     -13036.83000
    851     -23219.02000
    852     -27186.64000
    853     -37014.78000
    854     -47446.38000
    855     -41023.95000
    856     -14300.89000
    857      13166.20000
    858      19257.28000
    859       6761.92200
    860       1531.23400
    861      15190.00000
    862      24802.58000
    863       7743.95300
    864     -21469.14000
    865     -35477.89000
    866     -36985.52000
    867     -46064.12000
    868     -59137.69000
    869     -52980.92000
    870     -23753.55000
    871       4524.70300
    872      10529.09000
    873      -3299.01600
    874     -21883.28000
    875     -35889.86000
    876     -44875.88000
    877     -50779.67000
    878     -52446.41000
    879     -44516.47000
    880     -23223.14000
    881       5343.56200
    882      28274.72000
    883      38107.41000
    884      35289.75000
    885      20480.66000
    886      -5969.67200
    887     -37032.23000
    888     -58891.41000
    889     -59193.42000
    890     -36095.16000
    891      -2869.79700
    892      19508.20000
    893      20983.92000
    894      11785.19000
    895       7383.50000
    896       9015.21900
    897       9259.79700
    898      12125.17000
    899      28070.31000
    900      47836.80000
    901      46706.30000
    902      21788.77000
    903      -2342.76600
    904     -11921.38000
    905     -16904.45000
    906     -21754.97000
    907     -16783.70000
    908      -1359.93800
    909      13263.84000
    910      21980.58000
    911      24666.66000
    912      18220.23000
    913       7605.59400
    914       8531.04700
    915      23532.94000
    916      32133.59000
    917      17484.62000
    918     -12985.16000
    919     -42312.17000
    920     -62518.34000
    921     -70151.08000
    922     -62460.11000
    923     -48807.12000
    924     -47267.56000
    925     -60038.77000
    926     -70124.25000
    927     -66983.59000
    928     -54356.02000
    929     -33886.89000
    930      -5604.04700
    931      19007.67000
    932      28191.11000
    933      28245.58000
    934      32434.95000
    935      40641.48000
    936      41509.59000
    937      25356.81000
    938      -7756.31200
    939     -42132.98000
    940     -54257.83000
    941     -39238.80000
    942     -19635.41000
    943     -15955.00000
    944     -21361.28000
    945     -18227.91000
    946      -5507.90600
    947       3976.64100
    948       1982.54700
    949     -10696.98000
    950     -29485.22000
    951     -47924.84000
    952     -60324.36000
    953     -63949.64000
    954     -54775.38000
    955     -28970.06000
    956       4983.32800
    957      28496.67000
    958      35576.75000
    959      38035.55000
    960      41270.17000
    961      33671.44000
    962       9817.89100
    963     -12768.25000
    964     -11660.70000
    965      14459.56000
    966      45167.98000
    967      59428.19000
    968      52682.48000
    969      34555.44000
    970      14389.92000
    971      -6324.10900
    972     -27198.27000
    973     -40680.02000
    974     -37688.33000
    975     -23109.03000
    976     -17146.83000
    977     -32170.34000
    978     -53650.89000
    979     -56363.67000
    980     -36140.42000
    981     -13369.34000
    982      -7820.89100
    983     -18380.72000
    984     -25047.66000
    985     -10023.39000
    986      18506.59000
    987      32778.92000
    988      22604.38000
    989       6332.95300
    990      -4277.45300
    991     -18995.20000
    992     -36619.17000
    993     -36345.34000
    994     -16746.34000
    995      -5596.18800
    996     -18230.09000
    997     -38875.05000
    998     -48638.22000
    999     -44712.84000
   1000     -33292.33000
   1001     -22814.92000
   1002     -18680.72000
   1003     -15350.19000
   1004      -3108.10900
   1005      15915.95000
   1006      29507.41000
   1007      30945.16000
   1008      24602.39000
   1009      17336.92000
   1010       7973.09400
   1011     -11269.91000
   1012     -39831.55000
   1013     -62745.23000
   1014     -66129.53000
   1015     -49158.03000
   1016     -20430.14000
   1017       2524.54700
   1018       -194.07810
   1019     -22065.16000
   1020     -26093.58000
   1021       4405.59400
   1022      35865.06000
   1023      31473.42000
   1024        826.07810
   1025     -21029.73000
   1026     -19710.78000
   1027      -7475.98400
   1028       1812.56200
   1029       8819.46900
   1030      19405.94000
   1031      26654.22000
   1032      15729.78000
   1033     -12513.44000
   1034     -39523.14000
   1035     -50588.50000
   1036     -44715.44000
   1037     -31708.25000
   1038     -28811.17000
   1039     -43744.72000
   1040     -59559.66000
   1041     -57723.47000
   1042     -44301.03000
   1043     -29533.00000
   1044      -8170.20300
   1045      14347.67000
   1046      14252.83000
   1047      -6573.64100
   1048     -10871.30000
   1049      16920.77000
   1050      42067.94000
   1051      28197.75000
   1052     -13404.20000
   1053     -40373.72000
   1054     -32360.88000
   1055     -12513.52000
   1056     -11784.92000
   1057     -25431.58000
   1058     -25757.97000
   1059     -10512.02000
   1060      -8669.51600
   1061     -36692.53000
   1062     -74021.89000
   1063     -86999.05000
   1064     -64783.28000
   1065     -29044.00000
   1066      -9260.26600
   1067      -8916.31200
   1068      -7536.39100
   1069       1121.23400
   1070      -3320.21900
   1071     -30992.86000
   1072     -58128.81000
   1073     -57359.05000
   1074     -31124.47000
   1075       -778.87500
   1076      18600.14000
   1077      20358.80000
   1078       2853.46900
   1079     -22850.09000
   1080     -37596.47000
   1081     -36212.84000
   1082     -30785.50000
   1083     -26998.02000
   1084     -15659.47000
   1085       5609.89100
   1086      19902.92000
   1087      10667.25000
   1088     -15113.39000
   1089     -33296.14000
   1090     -32401.55000
   1091     -28771.44000
   1092     -41034.80000
   1093     -56339.97000
   1094     -45307.28000
   1095     -10068.66000
   1096      11281.70000
   1097      -4491.35900
   1098     -34804.56000
   1099     -41103.09000
   1100     -15571.19000
   1101      12444.08000
   1102      15828.72000
   1103       5227.98400
   1104       8615.07800
   1105      22575.17000
   1106      16929.30000
   1107     -12453.20000
   1108     -34712.39000
   1109     -32032.56000
   1110     -20171.73000
   1111     -18517.00000
   1112     -29447.50000
   1113     -46313.86000
   1114     -60779.02000
   1115     -64601.98000
   1116     -54721.64000
   1117     -34899.17000
   1118     -14132.30000
   1119      -4808.96900
   1120     -11342.56000
   1121     -20496.31000
   1122     -18022.45000
   1123     -11630.12000
   1124     -18397.02000
   1125     -33798.73000
   1126     -35943.22000
   1127     -21643.31000
   1128     -16165.25000
   1129     -35818.45000
   1130     -58259.81000
   1131     -50619.27000
   1132     -16469.73000
   1133      11417.44000
   1134      16744.70000
   1135       8561.21900
   1136      -6264.40600
   1137     -27210.92000
   1138     -45270.17000
   1139     -51598.52000
   1140     -49154.12000
   1141     -39437.50000
   1142     -20939.73000
   1143      -9896.06200
   1144     -27094.22000
   1145     -56666.62000
   1146     -58997.84000
   1147     -29434.39000
   1148      -3446.03100
   1149      -1478.01600
   1150      -5661.15600
   1151       7123.89100
   1152      35047.89000
   1153      53976.86000
   1154      41241.88000
   1155       2998.92200
   1156     -25889.78000
   1157     -20941.38000
   1158       4159.60900
   1159      19593.78000
   1160      13242.97000
   1161      -5589.98400
   1162     -20882.62000
   1163     -25546.12000
   1164     -31370.52000
   1165     -53734.73000
   1166     -81417.27000
   1167     -83343.58000
   1168     -52928.36000
   1169     -20447.39000
   1170     -11248.81000
   1171     -15485.14000
   1172     -12109.27000
   1173      -4052.00000
   1174     -10805.28000
   1175     -34094.94000
   1176     -51367.00000
   1177     -45563.17000
   1178     -24680.34000
   1179      -6412.42200
   1180       1644.90600
   1181       1148.00000
   1182      -4396.90600
   1183     -10674.08000
   1184     -13332.28000
   1185     -10539.11000
   1186      -4762.73400
   1187      -5314.62500
   1188     -23819.55000
   1189     -57938.22000
   1190     -84619.97000
   1191     -79981.34000
   1192     -43571.42000
   1193       1100.39100
   1194      26805.02000
   1195      24858.58000
   1196      10100.55000
   1197         -0.01562
   1198      -6403.31200
   1199     -17181.16000
   1200     -26797.38000
   1201     -26448.36000
   1202     -21599.64000
   1203     -19958.78000
   1204     -18381.25000
   1205     -15264.16000
   1206     -14905.09000
   1207     -14498.97000
   1208     -10208.39000
   1209     -10583.92000
   1210     -21395.22000
   1211     -32378.78000
   1212     -37135.17000
   1213     -42877.30000
   1214     -50667.81000
   1215     -54238.44000
   1216     -59849.52000
   1217     -76915.42000
   1218     -91977.47000
   1219     -79031.23000
   1220     -33830.77000
   1221      17735.14000
   1222      44715.28000
   1223      38950.19000
   1224      17068.28000
   1225      -3314.07800
   1226     -19813.61000
   1227     -34564.38000
   1228     -42436.89000
   1229     -36772.52000
   1230     -17071.03000
   1231       8335.92200
   1232      20898.70000
   1233       4105.62500
   1234     -34209.09000
   1235     -63238.66000
