      1     237838.60000
      2     273067.80000
      3     242545.40000
      4     211217.40000
      5     164878.70000
      6     112944.50000
      7      69857.69000
      8      61721.91000
      9     106923.30000
     10     140096.30000
     11     196908.50000
     12     279861.70000
     13     279730.00000
     14     209509.80000
     15     144499.80000
     16     146455.80000
     17     171115.20000
     18     203481.50000
     19     232057.90000
     20     180725.60000
     21     150271.90000
     22     199543.90000
     23     240043.00000
     24     215613.30000
     25     179695.40000
     26     178370.80000
     27     150307.80000
     28     144264.10000
     29     175827.60000
     30     181799.20000
     31     129580.40000
     32      87280.94000
     33     132842.90000
     34     193279.10000
     35     213367.70000
     36     248050.20000
     37     296986.30000
     38     253957.30000
     39     197557.40000
     40     210749.50000
     41     210064.70000
     42     185865.20000
     43     210255.60000
     44     247059.90000
     45     233060.80000
     46     241223.20000
     47     232132.60000
     48     179514.40000
     49     221012.40000
     50     282722.00000
     51     224754.70000
     52     176559.90000
     53     202260.50000
     54     233674.50000
     55     232843.40000
     56     190914.70000
     57     188681.40000
     58     276429.20000
     59     332299.20000
     60     286878.40000
     61     239065.70000
     62     226170.60000
     63     210607.90000
     64     199070.40000
     65     252922.50000
     66     301403.70000
     67     308523.20000
     68     284250.20000
     69     238747.60000
     70     270225.80000
     71     285172.50000
     72     235631.20000
     73     230117.20000
     74     228614.60000
     75     252777.50000
     76     284146.30000
     77     249547.90000
     78     255935.20000
     79     295262.50000
     80     340426.50000
     81     383677.30000
     82     405757.20000
     83     426794.10000
     84     335856.90000
     85     217216.20000
     86     279237.10000
     87     359774.20000
     88     336079.80000
     89     339767.80000
     90     331534.30000
     91     278564.80000
     92     244175.40000
     93     245909.80000
     94     289132.20000
     95     329253.50000
     96     341833.20000
     97     342426.20000
     98     400393.90000
     99     427866.80000
    100     374694.10000
    101     367230.80000
    102     346002.10000
    103     300110.20000
    104     333912.10000
    105     402652.70000
    106     460374.90000
    107     459025.90000
    108     424689.20000
    109     415848.90000
    110     398652.50000
    111     439037.00000
    112     502290.30000
    113     495747.50000
    114     459317.40000
    115     474283.90000
    116     568849.10000
    117     658029.60000
    118     685341.80000
    119     700386.90000
    120     776052.40000
    121     885325.80000
    122     961129.10000
    123    1010793.00000
    124    1024776.00000
    125    1117161.00000
    126    1259027.00000
    127    1365732.00000
    128    1641258.00000
    129    1940616.00000
    130    1985634.00000
    131    1813868.00000
    132    1709648.00000
    133    1836939.00000
    134    1953323.00000
    135    2006495.00000
    136    2106042.00000
    137    2321236.00000
    138    2651416.00000
    139    3117835.00000
    140    3729655.00000
    141    4543434.00000
    142    5635627.00000
    143    7378542.00000
    144    10681320.00000
    145    17244320.00000
    146    32501180.00000
    147    66820890.00000
    148    103974400.00000
    149    102433500.00000
    150    72010540.00000
    151    59883340.00000
    152    76447090.00000
    153    93024170.00000
    154    80931790.00000
    155    50763730.00000
    156    28480730.00000
    157    17782470.00000
    158    12428290.00000
    159    9310867.00000
    160    7421198.00000
    161    6238844.00000
    162    5422512.00000
    163    4813452.00000
    164    4350040.00000
    165    3980371.00000
    166    3681583.00000
    167    3501366.00000
    168    3475878.00000
    169    3466382.00000
    170    3452092.00000
    171    3575413.00000
    172    3869730.00000
    173    4343006.00000
    174    5052720.00000
    175    6090806.00000
    176    7601673.00000
    177    9854538.00000
    178    13401500.00000
    179    19826820.00000
    180    32970280.00000
    181    55131860.00000
    182    73412930.00000
    183    68580910.00000
    184    46396850.00000
    185    26941630.00000
    186    16181080.00000
    187    10738980.00000
    188    7942808.00000
    189    6323860.00000
    190    5261602.00000
    191    4428839.00000
    192    3718930.00000
    193    3229657.00000
    194    2862390.00000
    195    2597031.00000
    196    2503356.00000
    197    2382624.00000
    198    2165908.00000
    199    2029670.00000
    200    1945644.00000
    201    1775886.00000
    202    1591915.00000
    203    1426965.00000
    204    1253808.00000
    205    1211621.00000
    206    1219930.00000
    207    1180187.00000
    208    1128266.00000
    209    1086346.00000
    210    1089098.00000
    211    1049344.00000
    212     985157.60000
    213     987953.20000
    214    1031466.00000
    215    1032205.00000
    216     977582.20000
    217     973549.80000
    218    1045103.00000
    219    1068976.00000
    220    1032435.00000
    221     960057.40000
    222     885703.00000
    223     888472.80000
    224     868322.90000
    225     773012.00000
    226     698730.40000
    227     693499.90000
    228     707316.20000
    229     658293.60000
    230     585084.60000
    231     530109.60000
    232     541857.10000
    233     577729.30000
    234     565261.00000
    235     566313.20000
    236     602422.00000
    237     628744.90000
    238     615994.90000
    239     658184.10000
    240     693421.50000
    241     652536.90000
    242     620270.00000
    243     570453.70000
    244     486088.20000
    245     434074.70000
    246     438482.00000
    247     431539.10000
    248     422978.30000
    249     446305.10000
    250     440491.80000
    251     387169.90000
    252     391865.80000
    253     479347.00000
    254     512911.10000
    255     437824.90000
    256     359478.20000
    257     392399.70000
    258     449429.00000
    259     461760.20000
    260     480080.30000
    261     389046.20000
    262     311998.50000
    263     381565.40000
    264     437999.10000
    265     437223.10000
    266     376053.10000
    267     369806.70000
    268     429526.60000
    269     399792.30000
    270     349085.60000
    271     344072.90000
    272     313166.70000
    273     338747.10000
    274     370195.40000
    275     369722.60000
    276     411936.00000
    277     361288.50000
    278     378022.40000
    279     487500.00000
    280     473771.80000
    281     437044.20000
    282     446665.90000
    283     415823.40000
    284     393137.70000
    285     460318.10000
    286     485594.70000
    287     467736.30000
    288     504675.80000
    289     540673.80000
    290     519905.40000
    291     474676.80000
    292     435261.90000
    293     470180.20000
    294     600899.80000
    295     700200.40000
    296     732095.60000
    297     769754.60000
    298     877109.50000
    299     933963.10000
    300     930307.60000
    301    1027015.00000
    302    1133675.00000
    303    1184542.00000
    304    1335816.00000
    305    1613055.00000
    306    1871045.00000
    307    2109176.00000
    308    2374996.00000
    309    2724751.00000
    310    3354264.00000
    311    4327217.00000
    312    5612428.00000
    313    7633913.00000
    314    11051420.00000
    315    17071630.00000
    316    28170880.00000
    317    46034480.00000
    318    63985300.00000
    319    68092730.00000
    320    56026070.00000
    321    39298100.00000
    322    26043500.00000
    323    17419720.00000
    324    12297830.00000
    325    9174084.00000
    326    7190801.00000
    327    5887318.00000
    328    4923173.00000
    329    4181295.00000
    330    3703751.00000
    331    3389032.00000
    332    3005185.00000
    333    2675299.00000
    334    2506142.00000
    335    2340893.00000
    336    2288707.00000
    337    2318755.00000
    338    2246238.00000
    339    2215650.00000
    340    2348366.00000
    341    2516280.00000
    342    2615454.00000
    343    2835639.00000
    344    3263708.00000
    345    3485590.00000
    346    3394711.00000
    347    3327944.00000
    348    3498964.00000
    349    3882142.00000
    350    4294783.00000
    351    4747698.00000
    352    5582989.00000
    353    6811588.00000
    354    8526161.00000
    355    11288380.00000
    356    16369000.00000
    357    27510630.00000
    358    53455080.00000
    359    88033060.00000
    360    99435480.00000
    361    86569410.00000
    362    84012550.00000
    363    93282590.00000
    364    89085570.00000
    365    68190060.00000
    366    46342290.00000
    367    31242470.00000
    368    21638540.00000
    369    15908720.00000
    370    12558510.00000
    371    10712940.00000
    372    9803934.00000
    373    9344752.00000
    374    9114009.00000
    375    9099599.00000
    376    9592605.00000
    377    11250900.00000
    378    14577010.00000
    379    20749860.00000
    380    32613570.00000
    381    51831580.00000
    382    69037280.00000
    383    68317910.00000
    384    52083560.00000
    385    35535520.00000
    386    23886820.00000
    387    16160890.00000
    388    11636600.00000
    389    9054667.00000
    390    7409131.00000
    391    6239036.00000
    392    5347852.00000
    393    4711786.00000
    394    4263012.00000
    395    3862274.00000
    396    3594380.00000
    397    3402530.00000
    398    3192286.00000
    399    2997472.00000
    400    2816660.00000
    401    2733021.00000
    402    2685632.00000
    403    2585121.00000
    404    2479870.00000
    405    2306588.00000
    406    2166795.00000
    407    2134858.00000
    408    2078448.00000
    409    1979540.00000
    410    1846398.00000
    411    1735532.00000
    412    1738144.00000
    413    1731886.00000
    414    1606990.00000
    415    1510084.00000
    416    1552363.00000
    417    1602146.00000
    418    1579854.00000
    419    1549277.00000
    420    1507325.00000
    421    1476782.00000
    422    1474046.00000
    423    1398916.00000
    424    1329392.00000
    425    1330846.00000
    426    1352697.00000
    427    1357557.00000
    428    1385322.00000
    429    1437617.00000
    430    1365990.00000
    431    1270055.00000
    432    1260200.00000
    433    1239812.00000
    434    1214366.00000
    435    1171247.00000
    436    1098210.00000
    437    1069718.00000
    438     994609.50000
    439     935790.40000
    440    1038470.00000
    441    1043251.00000
    442     952950.40000
    443     986552.90000
    444    1011833.00000
    445    1006681.00000
    446     973519.60000
    447     854943.90000
    448     831391.40000
    449     974760.40000
    450    1083171.00000
    451    1050090.00000
    452     966087.00000
    453     924687.40000
    454     979993.60000
    455    1046924.00000
    456    1019197.00000
    457     980187.70000
    458     949695.40000
    459     953697.80000
    460     971776.10000
    461     923349.40000
    462     936837.20000
    463     987157.50000
    464     925865.60000
    465     864060.20000
    466     860806.80000
    467     905191.60000
    468     901175.70000
    469     840270.10000
    470     869703.20000
    471     871090.20000
    472     868590.80000
    473     908338.20000
    474     906244.20000
    475     902351.40000
    476     914117.70000
    477     945519.10000
    478     975438.80000
    479     974607.30000
    480     931104.10000
    481     888077.00000
    482     891933.40000
    483     854347.80000
    484     790467.10000
    485     834783.40000
    486     896289.20000
    487     850544.20000
    488     814882.40000
    489     793627.60000
    490     824827.50000
    491     949559.00000
    492     940512.40000
    493     840211.50000
    494     842682.90000
    495     894363.50000
    496     894704.90000
    497     845551.20000
    498     869426.10000
    499     934003.30000
    500     888625.80000
    501     809832.20000
    502     794974.90000
    503     859112.10000
    504     940480.10000
    505     890595.90000
    506     798271.80000
    507     842558.70000
    508     890199.60000
    509     843111.20000
    510     794180.60000
    511     818459.20000
    512     869226.90000
    513     843911.00000
    514     761703.80000
    515     741077.30000
    516     815739.30000
    517     833784.10000
    518     783643.10000
    519     808280.50000
    520     893905.90000
    521     901727.40000
    522     829707.10000
    523     838134.80000
    524     865674.90000
    525     829567.00000
    526     833724.10000
    527     849445.30000
    528     816050.40000
    529     793332.10000
    530     815650.10000
    531     817949.30000
    532     805886.40000
    533     820057.60000
    534     780340.20000
    535     733033.80000
    536     773063.80000
    537     792229.20000
    538     805822.80000
    539     875827.70000
    540     912550.20000
    541     924475.20000
    542     901971.30000
    543     845145.00000
    544     841287.90000
    545     884094.60000
    546     850634.10000
    547     747936.90000
    548     750168.00000
    549     852222.10000
    550     904838.60000
    551     831062.30000
    552     795630.20000
    553     844119.90000
    554     788266.00000
    555     697505.10000
    556     721294.90000
    557     757559.40000
    558     782069.80000
    559     805269.20000
    560     812211.60000
    561     830669.00000
    562     818767.40000
    563     803149.70000
    564     780946.20000
    565     758216.10000
    566     734642.10000
    567     668124.10000
    568     643535.90000
    569     743120.10000
    570     827701.70000
    571     818038.20000
    572     772208.20000
    573     704308.20000
    574     711991.70000
    575     787851.80000
    576     806171.10000
    577     715093.80000
    578     566099.20000
    579     624331.40000
    580     730006.60000
    581     655893.40000
    582     692701.20000
    583     787729.80000
    584     752706.10000
    585     694675.10000
    586     666976.10000
    587     745662.20000
    588     790650.10000
    589     690603.20000
    590     646917.70000
    591     678004.20000
    592     719934.60000
    593     712289.60000
    594     680799.20000
    595     683813.80000
    596     677932.20000
    597     659415.10000
    598     680531.10000
    599     729765.80000
    600     732301.10000
    601     733392.10000
    602     754389.60000
    603     767353.20000
    604     796638.10000
    605     776049.50000
    606     770451.80000
    607     873505.10000
    608     956178.90000
    609    1041195.00000
    610    1245657.00000
    611    1434220.00000
    612    1583536.00000
    613    1758160.00000
    614    1832911.00000
    615    1807176.00000
    616    1874170.00000
    617    1995430.00000
    618    2121084.00000
    619    2402757.00000
    620    2882321.00000
    621    3507722.00000
    622    4622845.00000
    623    6753110.00000
    624    11484120.00000
    625    24385410.00000
    626    59507520.00000
    627    106350900.00000
    628    114146600.00000
    629    75855400.00000
    630    37954440.00000
    631    19655450.00000
    632    12342450.00000
    633    9113422.00000
    634    7329558.00000
    635    6217870.00000
    636    5563904.00000
    637    5686377.00000
    638    6411492.00000
    639    6668855.00000
    640    5795176.00000
    641    4382098.00000
    642    3328294.00000
    643    2740515.00000
    644    2368858.00000
    645    2138601.00000
    646    1908305.00000
    647    1764793.00000
    648    1740944.00000
    649    1738658.00000
    650    1712980.00000
    651    1614387.00000
    652    1550431.00000
    653    1526367.00000
    654    1445177.00000
    655    1361945.00000
    656    1285468.00000
    657    1223250.00000
    658    1196321.00000
    659    1216721.00000
    660    1253016.00000
    661    1271934.00000
    662    1293536.00000
    663    1282451.00000
    664    1262338.00000
    665    1247975.00000
    666    1220351.00000
    667    1223917.00000
    668    1236586.00000
    669    1204666.00000
    670    1179018.00000
    671    1227031.00000
    672    1210049.00000
    673    1132698.00000
    674    1153114.00000
    675    1255030.00000
    676    1347870.00000
    677    1399757.00000
    678    1410948.00000
    679    1413806.00000
    680    1431941.00000
    681    1428962.00000
    682    1407878.00000
    683    1368110.00000
    684    1346691.00000
    685    1311760.00000
    686    1272486.00000
    687    1335542.00000
    688    1423993.00000
    689    1430896.00000
    690    1385315.00000
    691    1362297.00000
    692    1365432.00000
    693    1349831.00000
    694    1363088.00000
    695    1353425.00000
    696    1274469.00000
    697    1264086.00000
    698    1326220.00000
    699    1352249.00000
    700    1345116.00000
    701    1391808.00000
    702    1408408.00000
    703    1368098.00000
    704    1428878.00000
    705    1530750.00000
    706    1518181.00000
    707    1388573.00000
    708    1284280.00000
    709    1272126.00000
    710    1254704.00000
    711    1218661.00000
    712    1306499.00000
    713    1393750.00000
    714    1425375.00000
    715    1499008.00000
    716    1548332.00000
    717    1614670.00000
    718    1656001.00000
    719    1674705.00000
    720    1760443.00000
    721    1895828.00000
    722    1956209.00000
    723    1953181.00000
    724    2017714.00000
    725    2088138.00000
    726    2166201.00000
    727    2217234.00000
    728    2123274.00000
    729    2070479.00000
    730    2116037.00000
    731    2107336.00000
    732    2073921.00000
    733    2066455.00000
    734    2093371.00000
    735    2078020.00000
    736    1983907.00000
    737    1919312.00000
    738    1978097.00000
    739    2123402.00000
    740    2244409.00000
    741    2301414.00000
    742    2312154.00000
    743    2401432.00000
    744    2516874.00000
    745    2528307.00000
    746    2581314.00000
    747    2629984.00000
    748    2626185.00000
    749    2735418.00000
    750    2893828.00000
    751    2990496.00000
    752    3030967.00000
    753    3076193.00000
    754    3155641.00000
    755    3231982.00000
    756    3279688.00000
    757    3292500.00000
    758    3350575.00000
    759    3527586.00000
    760    3711173.00000
    761    3710350.00000
    762    3704103.00000
    763    3845026.00000
    764    3996648.00000
    765    4157520.00000
    766    4345312.00000
    767    4510524.00000
    768    4638364.00000
    769    4738429.00000
    770    4884340.00000
    771    5201130.00000
    772    5610472.00000
    773    5991062.00000
    774    6379058.00000
    775    6852930.00000
    776    7452690.00000
    777    8160864.00000
    778    8913541.00000
    779    9724842.00000
    780    10659210.00000
    781    11658580.00000
    782    12641850.00000
    783    13536710.00000
    784    14234740.00000
    785    14550110.00000
    786    14436910.00000
    787    14001360.00000
    788    13295000.00000
    789    12383780.00000
    790    11381910.00000
    791    10337900.00000
    792    9260948.00000
    793    8275905.00000
    794    7454167.00000
    795    6740802.00000
    796    6052623.00000
    797    5455368.00000
    798    4995112.00000
    799    4605760.00000
    800    4288063.00000
    801    4018144.00000
    802    3832533.00000
    803    3681060.00000
    804    3510972.00000
    805    3380004.00000
    806    3245684.00000
    807    3055323.00000
    808    2906634.00000
    809    2828038.00000
    810    2669678.00000
    811    2502066.00000
    812    2394176.00000
    813    2317959.00000
    814    2315931.00000
    815    2295096.00000
    816    2256761.00000
    817    2282682.00000
    818    2296080.00000
    819    2267705.00000
    820    2257422.00000
    821    2229173.00000
    822    2117686.00000
    823    2013805.00000
    824    1911609.00000
    825    1802818.00000
    826    1815939.00000
    827    1835630.00000
    828    1759546.00000
    829    1645166.00000
    830    1566476.00000
    831    1492238.00000
    832    1415976.00000
    833    1483051.00000
    834    1566306.00000
    835    1547998.00000
    836    1500209.00000
    837    1413306.00000
    838    1393623.00000
    839    1396710.00000
    840    1311814.00000
    841    1301582.00000
    842    1372454.00000
    843    1396439.00000
    844    1336014.00000
    845    1286652.00000
    846    1329144.00000
    847    1335478.00000
    848    1329270.00000
    849    1391389.00000
    850    1349196.00000
    851    1249652.00000
    852    1282874.00000
    853    1331313.00000
    854    1265941.00000
    855    1196241.00000
    856    1241646.00000
    857    1308488.00000
    858    1305614.00000
    859    1257291.00000
    860    1267414.00000
    861    1344746.00000
    862    1351818.00000
    863    1305883.00000
    864    1279187.00000
    865    1220136.00000
    866    1124382.00000
    867    1160383.00000
    868    1251377.00000
    869    1261612.00000
    870    1310124.00000
    871    1351168.00000
    872    1365653.00000
    873    1411651.00000
    874    1382195.00000
    875    1311266.00000
    876    1354091.00000
    877    1400243.00000
    878    1383922.00000
    879    1445953.00000
    880    1480902.00000
    881    1443621.00000
    882    1497608.00000
    883    1646196.00000
    884    1746076.00000
    885    1749742.00000
    886    1862599.00000
    887    2155832.00000
    888    2425644.00000
    889    2570700.00000
    890    2588982.00000
    891    2495957.00000
    892    2402265.00000
    893    2388552.00000
    894    2426592.00000
    895    2377178.00000
    896    2192161.00000
    897    2020201.00000
    898    1949489.00000
    899    1988398.00000
    900    2067532.00000
    901    2098870.00000
    902    2082042.00000
    903    1921093.00000
    904    1745217.00000
    905    1691606.00000
    906    1628781.00000
    907    1674671.00000
    908    1807590.00000
    909    1838297.00000
    910    1810044.00000
    911    1767351.00000
    912    1784396.00000
    913    1932290.00000
    914    2169395.00000
    915    2457308.00000
    916    2672522.00000
    917    2818532.00000
    918    2934624.00000
    919    2898602.00000
    920    2828825.00000
    921    2815985.00000
    922    2813511.00000
    923    2907080.00000
    924    3108244.00000
    925    3358831.00000
    926    3646784.00000
    927    4028812.00000
    928    4558216.00000
    929    5321666.00000
    930    6415157.00000
    931    8102586.00000
    932    10923710.00000
    933    15853880.00000
    934    25008180.00000
    935    40599660.00000
    936    58623000.00000
    937    65785200.00000
    938    55617290.00000
    939    39191540.00000
    940    27556970.00000
    941    20255700.00000
    942    14310290.00000
    943    9718039.00000
    944    6825959.00000
    945    5175726.00000
    946    4193974.00000
    947    3485810.00000
    948    2940592.00000
    949    2546422.00000
    950    2292038.00000
    951    2115516.00000
    952    1926065.00000
    953    1811422.00000
    954    1723662.00000
    955    1610668.00000
    956    1501866.00000
    957    1398447.00000
    958    1443313.00000
    959    1494902.00000
    960    1436744.00000
    961    1348149.00000
    962    1295612.00000
    963    1231198.00000
    964    1159605.00000
    965    1156670.00000
    966    1107078.00000
    967    1121548.00000
    968    1184913.00000
    969    1137379.00000
    970    1151852.00000
    971    1169420.00000
    972    1076912.00000
    973    1029997.00000
    974    1034187.00000
    975    1039762.00000
    976    1049374.00000
    977    1061865.00000
    978     994123.10000
    979     937061.50000
    980    1010272.00000
    981    1033902.00000
    982    1024313.00000
    983    1053499.00000
    984    1060227.00000
    985    1042062.00000
    986     968970.60000
    987     958394.90000
    988     980101.30000
    989     948863.40000
    990     919926.40000
    991     886316.90000
    992     941449.80000
    993    1001735.00000
    994    1002853.00000
    995    1062517.00000
    996    1059360.00000
    997     948951.70000
    998     909641.40000
    999     896215.00000
   1000     883298.70000
   1001     908724.80000
   1002     924632.90000
   1003     948284.90000
   1004     980297.80000
   1005    1001427.00000
   1006     971088.40000
   1007     922356.80000
   1008     956502.20000
   1009    1057765.00000
   1010    1081292.00000
   1011    1031031.00000
   1012     969679.40000
   1013     869854.40000
   1014     869027.20000
   1015     973622.00000
   1016     998817.90000
   1017     946609.10000
   1018     951602.90000
   1019     984344.30000
   1020     900563.10000
   1021     871382.50000
   1022     967142.80000
   1023     998049.20000
   1024    1024685.00000
   1025    1074077.00000
   1026    1044892.00000
   1027     986472.80000
   1028    1001333.00000
