      1      -3453.75000
      2     -27978.06000
      3      -8001.50000
      4      19855.50000
      5      40081.00000
      6      62114.62000
      7      65288.62000
      8      38359.25000
      9      30305.38000
     10      59254.88000
     11      67397.38000
     12      60410.00000
     13      92141.88000
     14     114040.80000
     15      78783.00000
     16      44897.38000
     17      38453.12000
     18      37510.75000
     19      44458.62000
     20      43864.12000
     21      34998.25000
     22      32372.12000
     23      15920.12000
     24       6069.75000
     25      20909.75000
     26      20450.50000
     27      16558.50000
     28      43614.38000
     29      75359.25000
     30      79404.00000
     31      61249.25000
     32      46612.12000
     33      41074.38000
     34      34645.12000
     35      34503.88000
     36      41401.62000
     37      35092.38000
     38      22005.75000
     39      32474.88000
     40      54186.75000
     41      52934.62000
     42      36234.25000
     43      26864.00000
     44      23643.50000
     45      15664.00000
     46      10546.88000
     47      23046.88000
     48      37117.62000
     49      32480.88000
     50      38897.50000
     51      76541.75000
     52      95433.25000
     53      65268.00000
     54      17429.38000
     55     -15156.88000
     56      -6595.75000
     57      30198.00000
     58      35077.75000
     59       1187.12500
     60      -8189.75000
     61      22160.50000
     62      40964.50000
     63      42399.12000
     64      56452.88000
     65      70835.00000
     66      81223.88000
     67     108769.40000
     68     130514.00000
     69     117458.90000
     70     116238.20000
     71     159682.40000
     72     194326.80000
     73     206854.50000
     74     256227.00000
     75     344339.00000
     76     404328.20000
     77     410861.00000
     78     403819.00000
     79     423460.00000
     80     495780.00000
     81     616074.80000
     82     750404.50000
     83     871026.50000
     84     926441.00000
     85     868138.80000
     86     741432.20000
     87     647307.20000
     88     624508.80000
     89     657580.50000
     90     737169.50000
     91     850055.50000
     92     994344.50000
     93    1149729.00000
     94    1347330.00000
     95    1674142.00000
     96    2181961.00000
     97    3037112.00000
     98    4414320.00000
     99    7575640.00000
    100    14448410.00000
    101    21327350.00000
    102    20552550.00000
    103    13470350.00000
    104    8315241.00000
    105    7990310.00000
    106    12507240.00000
    107    20007160.00000
    108    22236830.00000
    109    15575050.00000
    110    7693082.00000
    111    4159572.00000
    112    2995233.00000
    113    2226732.00000
    114    1789562.00000
    115    1541037.00000
    116    1343331.00000
    117    1199013.00000
    118    1118148.00000
    119    1047680.00000
    120     928289.60000
    121     788815.60000
    122     665428.90000
    123     600137.80000
    124     589499.90000
    125     579822.20000
    126     558671.00000
    127     526193.10000
    128     473935.40000
    129     415761.10000
    130     405126.40000
    131     455544.80000
    132     507211.10000
    133     572496.80000
    134     666599.10000
    135     668648.20000
    136     562521.90000
    137     502544.50000
    138     504634.00000
    139     464806.40000
    140     384612.90000
    141     340890.90000
    142     365682.40000
    143     395937.20000
    144     367185.20000
    145     317778.70000
    146     294449.20000
    147     284215.00000
    148     262292.40000
    149     230418.70000
    150     226536.90000
    151     247716.00000
    152     245640.10000
    153     241027.60000
    154     257313.50000
    155     251039.40000
    156     221921.90000
    157     199055.20000
    158     191419.10000
    159     217764.20000
    160     260484.50000
    161     279742.00000
    162     271912.80000
    163     247112.10000
    164     209940.40000
    165     168966.90000
    166     147910.20000
    167     161153.90000
    168     184810.50000
    169     181883.60000
    170     157111.20000
    171     160738.50000
    172     197407.80000
    173     223655.00000
    174     248670.20000
    175     297612.80000
    176     326208.20000
    177     324579.50000
    178     373526.20000
    179     468009.00000
    180     522526.20000
    181     551696.50000
    182     606114.00000
    183     657937.20000
    184     677492.20000
    185     731810.00000
    186     899306.20000
    187    1123878.00000
    188    1296502.00000
    189    1438967.00000
    190    1653877.00000
    191    1964262.00000
    192    2365326.00000
    193    2962719.00000
    194    3992510.00000
    195    5745180.00000
    196    8896099.00000
    197    14458850.00000
    198    21015120.00000
    199    23647340.00000
    200    19829060.00000
    201    13149020.00000
    202    8067605.00000
    203    5456218.00000
    204    4355432.00000
    205    4043430.00000
    206    4071889.00000
    207    4238359.00000
    208    4459234.00000
    209    4704466.00000
    210    5157120.00000
    211    6050728.00000
    212    7624642.00000
    213    10234110.00000
    214    15899150.00000
    215    27089110.00000
    216    38723540.00000
    217    40234990.00000
    218    30822460.00000
    219    19760580.00000
    220    12820580.00000
    221    9707385.00000
    222    8827686.00000
    223    9681140.00000
    224    14136470.00000
    225    21705590.00000
    226    25611850.00000
    227    21721660.00000
    228    14601470.00000
    229    9591192.00000
    230    7524824.00000
    231    7944356.00000
    232    11744880.00000
    233    18276010.00000
    234    21900680.00000
    235    18461350.00000
    236    11673110.00000
    237    6608085.00000
    238    4034646.00000
    239    2937142.00000
    240    2473905.00000
    241    2195706.00000
    242    2044206.00000
    243    1939483.00000
    244    1809141.00000
    245    1671509.00000
    246    1543691.00000
    247    1415388.00000
    248    1300279.00000
    249    1248556.00000
    250    1237724.00000
    251    1195298.00000
    252    1108546.00000
    253    1009123.00000
    254     930599.00000
    255     887346.10000
    256     847889.40000
    257     799925.90000
    258     786775.20000
    259     796421.50000
    260     785223.90000
    261     776510.20000
    262     777782.50000
    263     745140.20000
    264     707821.10000
    265     712737.50000
    266     697051.10000
    267     652966.90000
    268     657852.40000
    269     681188.20000
    270     661881.60000
    271     628837.80000
    272     640154.80000
    273     686515.40000
    274     687543.00000
    275     649732.10000
    276     653377.80000
    277     665280.10000
    278     610967.80000
    279     537565.90000
    280     521233.70000
    281     561792.40000
    282     624734.80000
    283     657333.30000
    284     634672.80000
    285     585677.40000
    286     531701.10000
    287     519878.10000
    288     585926.20000
    289     645431.20000
    290     627026.90000
    291     604772.00000
    292     634780.80000
    293     645980.60000
    294     605069.00000
    295     558611.80000
    296     514626.20000
    297     493220.90000
    298     544569.80000
    299     626449.80000
    300     653935.10000
    301     654476.60000
    302     695758.10000
    303     747359.90000
    304     773007.20000
    305     796806.40000
    306     822366.40000
    307     847225.00000
    308     888068.60000
    309     937756.80000
    310     978246.10000
    311     995173.70000
    312     976959.90000
    313     967094.90000
    314    1011839.00000
    315    1059233.00000
    316    1089802.00000
    317    1165033.00000
    318    1252995.00000
    319    1311748.00000
    320    1395367.00000
    321    1490081.00000
    322    1558154.00000
    323    1661681.00000
    324    1813304.00000
    325    1942752.00000
    326    2033991.00000
    327    2115722.00000
    328    2185566.00000
    329    2230428.00000
    330    2284638.00000
    331    2343112.00000
    332    2318477.00000
    333    2236215.00000
    334    2194131.00000
    335    2150099.00000
    336    2048738.00000
    337    1930720.00000
    338    1813723.00000
    339    1698841.00000
    340    1611379.00000
    341    1532193.00000
    342    1428440.00000
    343    1319600.00000
    344    1224478.00000
    345    1152383.00000
    346    1107882.00000
    347    1056434.00000
    348     991077.20000
    349     945677.90000
    350     931006.80000
    351     936824.10000
    352     927296.20000
    353     876293.40000
    354     816960.20000
    355     785954.20000
    356     780622.60000
    357     777105.10000
    358     746555.60000
    359     694424.80000
    360     669060.90000
    361     670279.90000
    362     649117.90000
    363     620300.40000
    364     613140.20000
    365     597564.00000
    366     571814.10000
    367     572835.50000
    368     594092.60000
    369     598795.50000
    370     577219.80000
    371     551645.90000
    372     545444.60000
    373     554582.70000
    374     555761.50000
    375     535868.80000
    376     495796.00000
    377     456530.30000
    378     444200.40000
    379     444563.20000
    380     448019.90000
    381     477725.10000
    382     508501.20000
    383     493482.40000
    384     453698.90000
    385     442437.30000
    386     476668.00000
    387     513396.50000
    388     504094.00000
    389     478602.20000
    390     483803.70000
    391     496065.10000
    392     478339.90000
    393     452054.10000
    394     477996.30000
    395     536083.50000
    396     517430.20000
    397     447043.60000
    398     452211.10000
    399     497995.70000
    400     496520.40000
    401     495317.10000
    402     528113.40000
    403     543294.50000
    404     535195.10000
    405     543012.60000
    406     556832.90000
    407     547159.50000
    408     514121.20000
    409     460541.60000
    410     406996.90000
    411     384831.80000
    412     389813.10000
    413     413075.20000
    414     429828.20000
    415     417420.80000
    416     429648.70000
    417     473664.20000
    418     472803.40000
    419     436085.30000
    420     415078.80000
    421     408398.50000
    422     422783.40000
    423     460073.50000
    424     481522.10000
    425     472651.20000
    426     471542.70000
    427     495120.40000
    428     515563.90000
    429     535740.00000
    430     583260.60000
    431     631603.20000
    432     636683.00000
    433     622086.50000
    434     617931.00000
    435     591198.80000
    436     540320.90000
    437     510064.50000
    438     491188.20000
    439     461139.10000
    440     452048.00000
    441     486983.70000
    442     519783.70000
    443     526519.20000
    444     563339.40000
    445     611841.70000
    446     596825.60000
    447     560161.80000
    448     561782.10000
    449     592645.30000
    450     626956.40000
    451     627247.30000
    452     618170.10000
    453     648572.60000
    454     682242.50000
    455     709241.20000
    456     774497.90000
    457     839887.80000
    458     836297.30000
    459     808704.10000
    460     838358.40000
    461     910496.00000
    462     988009.10000
    463    1063523.00000
    464    1125674.00000
    465    1195495.00000
    466    1292901.00000
    467    1401011.00000
    468    1516102.00000
    469    1627337.00000
    470    1732521.00000
    471    1860878.00000
    472    1991598.00000
    473    2099114.00000
    474    2230209.00000
    475    2406955.00000
    476    2603190.00000
    477    2812937.00000
    478    3059662.00000
    479    3388065.00000
    480    3779923.00000
    481    4164598.00000
    482    4577650.00000
    483    5058017.00000
    484    5507443.00000
    485    5849426.00000
    486    6060340.00000
    487    6039242.00000
    488    5696108.00000
    489    5097974.00000
    490    4411922.00000
    491    3763352.00000
    492    3190002.00000
    493    2693422.00000
    494    2273356.00000
    495    1923929.00000
    496    1661319.00000
    497    1501082.00000
    498    1394245.00000
    499    1292780.00000
    500    1195692.00000
    501    1096901.00000
    502    1008554.00000
    503     964797.40000
    504     950722.60000
    505     915877.90000
    506     857791.80000
    507     821810.80000
    508     825287.50000
    509     855166.50000
    510     883341.00000
    511     868729.90000
    512     818342.90000
    513     764676.50000
    514     718309.10000
    515     710113.80000
    516     734155.60000
    517     725095.20000
    518     692586.90000
    519     690541.60000
    520     708180.70000
    521     727458.60000
    522     736507.20000
    523     722947.80000
    524     723108.50000
    525     740552.00000
    526     734706.00000
    527     729862.00000
    528     745349.60000
    529     742790.60000
    530     728627.90000
    531     737437.90000
    532     752476.60000
    533     757923.10000
    534     776479.00000
    535     812905.60000
    536     855533.60000
    537     905648.50000
    538     962082.80000
    539    1024137.00000
    540    1094613.00000
    541    1187290.00000
    542    1315481.00000
    543    1449239.00000
    544    1580575.00000
    545    1766214.00000
    546    2023886.00000
    547    2350572.00000
    548    2811721.00000
    549    3477280.00000
    550    4373160.00000
    551    5438588.00000
    552    6382782.00000
    553    6738464.00000
    554    6237733.00000
    555    5125194.00000
    556    3934774.00000
    557    2964566.00000
    558    2241080.00000
    559    1773384.00000
    560    1493114.00000
    561    1273236.00000
    562    1108650.00000
    563    1013815.00000
    564     934653.50000
    565     863855.90000
    566     820063.00000
    567     784802.20000
    568     748921.00000
    569     693541.10000
    570     604423.90000
    571     545487.60000
    572     547930.80000
    573     540041.40000
    574     508668.20000
    575     515682.20000
    576     555805.80000
    577     575659.20000
    578     552874.40000
    579     503226.70000
    580     480964.90000
    581     510143.60000
    582     516001.80000
    583     454972.40000
    584     413094.60000
    585     422764.70000
    586     403617.10000
    587     368802.40000
    588     386907.40000
    589     417994.90000
    590     414951.20000
    591     401366.70000
    592     402266.70000
    593     407025.10000
    594     383126.90000
    595     340160.30000
    596     322154.30000
    597     335241.40000
    598     360899.40000
    599     376434.60000
    600     365720.30000
    601     354894.00000
    602     375395.10000
    603     392872.70000
    604     357080.20000
    605     309113.60000
    606     319319.90000
    607     356822.20000
    608     364769.20000
    609     371224.80000
    610     393068.50000
    611     383220.50000
    612     354016.20000
    613     365061.40000
    614     405513.20000
    615     427148.70000
    616     409858.70000
    617     368578.40000
    618     339512.80000
    619     332354.40000
    620     329707.70000
    621     335259.80000
    622     356950.10000
    623     365555.00000
    624     349537.30000
    625     346016.30000
    626     358401.80000
    627     367203.60000
    628     370694.90000
    629     343152.40000
    630     298442.80000
    631     300660.70000
    632     337343.10000
    633     356879.80000
    634     361178.00000
    635     363492.90000
    636     354055.70000
    637     332390.70000
    638     331809.40000
    639     355930.60000
    640     356095.50000
    641     352304.20000
    642     397121.40000
    643     433421.70000
    644     408691.60000
    645     374538.60000
