      1     170357.30000
      2     224260.40000
      3     218545.40000
      4     227528.30000
      5     249776.90000
      6     252556.70000
      7     261130.70000
      8     237647.90000
      9     249991.50000
     10     300531.70000
     11     321669.80000
     12     318785.60000
     13     263318.30000
     14     243145.80000
     15     276994.50000
     16     294370.50000
     17     289904.70000
     18     300270.20000
     19     352988.20000
     20     327097.80000
     21     279808.40000
     22     301432.90000
     23     262862.80000
     24     217420.70000
     25     252546.40000
     26     274856.10000
     27     315061.40000
     28     304165.00000
     29     226834.40000
     30     244468.40000
     31     297324.00000
     32     336376.30000
     33     371075.60000
     34     364289.90000
     35     294690.30000
     36     233335.80000
     37     221766.60000
     38     274768.80000
     39     317972.50000
     40     296849.90000
     41     252798.60000
     42     236583.70000
     43     290557.20000
     44     307780.10000
     45     286459.00000
     46     340087.30000
     47     375079.80000
     48     341670.00000
     49     355986.50000
     50     356149.50000
     51     275884.80000
     52     222608.40000
     53     256974.50000
     54     291987.10000
     55     301981.20000
     56     287160.00000
     57     261788.70000
     58     268544.80000
     59     206312.10000
     60     182835.80000
     61     265002.40000
     62     355352.60000
     63     388553.70000
     64     291627.30000
     65     232196.90000
     66     256720.00000
     67     254627.90000
     68     295168.60000
     69     339569.80000
     70     246701.90000
     71     218356.60000
     72     269710.40000
     73     317558.80000
     74     399073.00000
     75     359445.00000
     76     276290.80000
     77     249043.60000
     78     280661.90000
     79     358083.90000
     80     341366.40000
     81     355576.10000
     82     411700.80000
     83     348340.00000
     84     352990.40000
     85     394245.80000
     86     311033.20000
     87     289996.80000
     88     371650.10000
     89     401387.00000
     90     390266.10000
     91     363503.50000
     92     357319.80000
     93     354266.50000
     94     307171.20000
     95     276805.40000
     96     272134.50000
     97     263921.40000
     98     283527.90000
     99     294338.30000
    100     298666.80000
    101     351728.70000
    102     346373.80000
    103     288215.90000
    104     314475.30000
    105     380143.20000
    106     413961.20000
    107     445860.20000
    108     470482.00000
    109     394015.30000
    110     347226.20000
    111     412818.20000
    112     446939.90000
    113     451993.80000
    114     506166.50000
    115     568852.50000
    116     546597.30000
    117     541728.30000
    118     590537.80000
    119     602703.30000
    120     616523.40000
    121     632971.00000
    122     649957.90000
    123     701668.90000
    124     734672.20000
    125     740952.80000
    126     740892.90000
    127     818363.40000
    128     929396.90000
    129    1014767.00000
    130    1073365.00000
    131    1114992.00000
    132    1117546.00000
    133    1128260.00000
    134    1306182.00000
    135    1553216.00000
    136    1663540.00000
    137    1559140.00000
    138    1342394.00000
    139    1270372.00000
    140    1360792.00000
    141    1503523.00000
    142    1574289.00000
    143    1606738.00000
    144    1742876.00000
    145    1861214.00000
    146    1973350.00000
    147    2251888.00000
    148    2584391.00000
    149    2945811.00000
    150    3407820.00000
    151    3972351.00000
    152    4720472.00000
    153    5864819.00000
    154    7903810.00000
    155    11656780.00000
    156    18965740.00000
    157    38954650.00000
    158    80322340.00000
    159    108181200.00000
    160    84730820.00000
    161    44288420.00000
    162    24637790.00000
    163    20165510.00000
    164    23930680.00000
    165    42825570.00000
    166    83565610.00000
    167    109989000.00000
    168    84738190.00000
    169    42351010.00000
    170    20291150.00000
    171    12223510.00000
    172    8449157.00000
    173    6364814.00000
    174    4966532.00000
    175    4014871.00000
    176    3392606.00000
    177    2954936.00000
    178    2589750.00000
    179    2204960.00000
    180    1858597.00000
    181    1586535.00000
    182    1442596.00000
    183    1446266.00000
    184    1415311.00000
    185    1351107.00000
    186    1367624.00000
    187    1366990.00000
    188    1288104.00000
    189    1176323.00000
    190    1081631.00000
    191    1029773.00000
    192     903893.10000
    193     765044.10000
    194     738570.60000
    195     737755.50000
    196     692358.80000
    197     687173.50000
    198     657730.40000
    199     584844.10000
    200     555501.80000
    201     602471.20000
    202     678154.40000
    203     711184.40000
    204     680487.20000
    205     613244.40000
    206     582032.50000
    207     614469.80000
    208     652333.20000
    209     670964.40000
    210     726204.90000
    211     764528.10000
    212     714379.60000
    213     674418.40000
    214     648125.30000
    215     611549.80000
    216     584513.80000
    217     544488.70000
    218     473403.20000
    219     428179.20000
    220     428008.80000
    221     412358.60000
    222     436878.20000
    223     538841.50000
    224     666011.10000
    225     714570.20000
    226     683674.40000
    227     670114.00000
    228     573741.10000
    229     466893.20000
    230     456571.80000
    231     398349.60000
    232     394530.90000
    233     422203.40000
    234     354343.20000
    235     382920.90000
    236     429190.50000
    237     369501.60000
    238     332262.10000
    239     347721.40000
    240     418622.20000
    241     387863.30000
    242     318313.50000
    243     373477.20000
    244     389268.20000
    245     318759.40000
    246     338410.00000
    247     393761.40000
    248     369532.40000
    249     326424.90000
    250     323787.40000
    251     427344.50000
    252     452860.60000
    253     378645.90000
    254     416659.40000
    255     451735.10000
    256     363457.90000
    257     299391.50000
    258     350929.40000
    259     433349.20000
    260     472731.00000
    261     457834.00000
    262     424457.50000
    263     410329.20000
    264     408261.50000
    265     383307.40000
    266     316735.20000
    267     275783.00000
    268     293573.60000
    269     308778.10000
    270     313530.10000
    271     347354.40000
    272     384176.30000
    273     396121.40000
    274     403549.60000
    275     408325.00000
    276     342205.90000
    277     294148.50000
    278     390535.50000
    279     488196.80000
    280     462820.70000
    281     387526.90000
    282     377210.10000
    283     430055.90000
    284     475953.80000
    285     463798.80000
    286     410198.50000
    287     391965.00000
    288     454495.60000
    289     551545.70000
    290     599470.60000
    291     613657.90000
    292     657272.70000
    293     735391.10000
    294     820085.30000
    295     858923.70000
    296     857438.00000
    297     845564.10000
    298     900184.70000
    299    1000613.00000
    300    1066346.00000
    301    1141312.00000
    302    1281457.00000
    303    1465953.00000
    304    1605503.00000
    305    1803826.00000
    306    2185390.00000
    307    2582762.00000
    308    2945149.00000
    309    3411622.00000
    310    3996531.00000
    311    4850059.00000
    312    6080473.00000
    313    7737234.00000
    314    10230120.00000
    315    14529560.00000
    316    22440950.00000
    317    36461530.00000
    318    55579280.00000
    319    68798540.00000
    320    65195290.00000
    321    49702030.00000
    322    33970430.00000
    323    22882120.00000
    324    16146570.00000
    325    12270440.00000
    326    10052260.00000
    327    8910728.00000
    328    8432092.00000
    329    8098165.00000
    330    7728347.00000
    331    7483562.00000
    332    7358801.00000
    333    7362787.00000
    334    7762292.00000
    335    8604570.00000
    336    9538666.00000
    337    10678730.00000
    338    12336730.00000
    339    14582890.00000
    340    17880490.00000
    341    23789890.00000
    342    35677810.00000
    343    63109860.00000
    344    110442000.00000
    345    143841000.00000
    346    132269000.00000
    347    99663650.00000
    348    71630460.00000
    349    49173180.00000
    350    33392520.00000
    351    24341810.00000
    352    19511070.00000
    353    16654660.00000
    354    14403570.00000
    355    12922890.00000
    356    12861250.00000
    357    14409790.00000
    358    18582740.00000
    359    29017790.00000
    360    54342610.00000
    361    86362500.00000
    362    90043500.00000
    363    63861550.00000
    364    40972080.00000
    365    28217920.00000
    366    18940730.00000
    367    13597970.00000
    368    11381130.00000
    369    10724120.00000
    370    10883110.00000
    371    12098170.00000
    372    15675160.00000
    373    24132170.00000
    374    45103140.00000
    375    76875030.00000
    376    87649340.00000
    377    65404740.00000
    378    40741280.00000
    379    26712130.00000
    380    16946750.00000
    381    11008780.00000
    382    8100792.00000
    383    6639496.00000
    384    5777078.00000
    385    5130968.00000
    386    4640163.00000
    387    4291930.00000
    388    4046615.00000
    389    3806204.00000
    390    3524077.00000
    391    3270323.00000
    392    3081134.00000
    393    2917758.00000
    394    2699695.00000
    395    2472108.00000
    396    2326721.00000
    397    2228984.00000
    398    2151936.00000
    399    2118507.00000
    400    2108310.00000
    401    2035440.00000
    402    1928898.00000
    403    1890763.00000
    404    1853146.00000
    405    1741568.00000
    406    1667660.00000
    407    1704442.00000
    408    1743656.00000
    409    1654707.00000
    410    1587338.00000
    411    1646398.00000
    412    1635316.00000
    413    1560036.00000
    414    1470465.00000
    415    1376517.00000
    416    1325798.00000
    417    1339330.00000
    418    1329943.00000
    419    1240210.00000
    420    1216740.00000
    421    1206168.00000
    422    1147474.00000
    423    1138550.00000
    424    1175633.00000
    425    1133380.00000
    426    1066776.00000
    427    1010866.00000
    428     960652.80000
    429     996531.10000
    430    1057627.00000
    431    1031855.00000
    432     977209.00000
    433    1016873.00000
    434    1104887.00000
    435    1098821.00000
    436    1032543.00000
    437     988006.00000
    438     968863.80000
    439     966802.80000
    440     960948.50000
    441     983936.90000
    442     981364.60000
    443     931770.60000
    444     939220.10000
    445     957426.50000
    446     935357.90000
    447     898149.80000
    448     875255.60000
    449     947473.90000
    450    1006941.00000
    451     927874.60000
    452     866428.10000
    453     868305.60000
    454     861031.80000
    455     926849.90000
    456     983996.70000
    457     976464.80000
    458     944910.10000
    459     904103.70000
    460     883229.20000
    461     905535.80000
    462     955678.60000
    463     998573.90000
    464     960631.80000
    465     863985.50000
    466     771034.00000
    467     712480.20000
    468     749374.40000
    469     820575.60000
    470     902017.00000
    471     931940.60000
    472     901792.90000
    473     836250.30000
    474     764379.50000
    475     825133.10000
    476     945539.90000
    477     920963.10000
    478     829035.50000
    479     841490.80000
    480     911435.60000
    481     916254.40000
    482     908528.60000
    483     969511.30000
    484     974832.90000
    485     921280.90000
    486     944794.50000
    487     968162.10000
    488     934847.10000
    489     875692.70000
    490     870957.50000
    491     886981.90000
    492     880646.60000
    493     935218.40000
    494     927549.80000
    495     863661.50000
    496     880927.90000
    497     912904.90000
    498     915353.40000
    499     907114.00000
    500     891402.60000
    501     885928.60000
    502     862407.20000
    503     857455.60000
    504     889528.80000
    505     934909.60000
    506     949942.90000
    507     914715.90000
    508     867339.90000
    509     858838.80000
    510     881323.10000
    511     872877.80000
    512     897502.00000
    513     869416.90000
    514     807910.80000
    515     827265.90000
    516     829866.20000
    517     816999.10000
    518     749054.00000
    519     750196.10000
    520     896908.20000
    521     940230.70000
    522     961656.40000
    523    1013494.00000
    524     932227.10000
    525     910728.90000
    526     915122.90000
    527     844490.80000
    528     828279.60000
    529     781826.90000
    530     784602.40000
    531     870303.70000
    532     904809.40000
    533     840714.40000
    534     756805.50000
    535     810518.10000
    536     939541.40000
    537     981643.60000
    538     928468.50000
    539     883782.60000
    540     882082.20000
    541     826801.90000
    542     808315.40000
    543     871411.20000
    544     820091.40000
    545     750733.10000
    546     819095.20000
    547     930991.50000
    548     921941.80000
    549     865717.60000
    550     914796.60000
    551     928213.80000
    552     883104.80000
    553     848491.10000
    554     837427.20000
    555     896848.90000
    556     937146.90000
    557     883481.40000
    558     843803.00000
    559     809353.60000
    560     759597.70000
    561     784203.60000
    562     806778.90000
    563     770368.20000
    564     718716.60000
    565     758487.40000
    566     816476.40000
    567     723305.30000
    568     663079.90000
    569     706026.90000
    570     746306.60000
    571     808736.60000
    572     797735.90000
    573     817379.20000
    574     859747.20000
    575     746582.70000
    576     700123.90000
    577     815243.80000
    578     884809.30000
    579     843641.90000
    580     779775.40000
    581     747530.30000
    582     775479.80000
    583     776413.60000
    584     738005.10000
    585     701103.70000
    586     639296.90000
    587     688845.90000
    588     805343.00000
    589     773995.40000
    590     683956.60000
    591     667999.80000
    592     681733.90000
    593     693739.80000
    594     708337.10000
    595     740887.30000
    596     773407.90000
    597     727716.80000
    598     724687.70000
    599     831843.00000
    600     889787.80000
    601     844664.30000
    602     772554.80000
    603     777723.10000
    604     901663.00000
    605     992900.10000
    606     931831.10000
    607     893902.30000
    608     957603.20000
    609    1024923.00000
    610    1048099.00000
    611    1098720.00000
    612    1223063.00000
    613    1261924.00000
    614    1199033.00000
    615    1160225.00000
    616    1164335.00000
    617    1253077.00000
    618    1359505.00000
    619    1438184.00000
    620    1549003.00000
    621    1675782.00000
    622    1836904.00000
    623    2170719.00000
    624    2523354.00000
    625    2646312.00000
    626    2666895.00000
    627    2854600.00000
    628    3353754.00000
    629    4027006.00000
    630    4787287.00000
    631    6093216.00000
    632    8553294.00000
    633    13663720.00000
    634    25903820.00000
    635    54974990.00000
    636    92672140.00000
    637    101565300.00000
    638    74758830.00000
    639    44360990.00000
    640    25395330.00000
    641    15346390.00000
    642    10586260.00000
    643    7943918.00000
    644    6285556.00000
    645    5224248.00000
    646    4425636.00000
    647    3763756.00000
    648    3354860.00000
    649    3027214.00000
    650    2676805.00000
    651    2437185.00000
    652    2332404.00000
    653    2214457.00000
    654    2060913.00000
    655    1881524.00000
    656    1721175.00000
    657    1621436.00000
    658    1523252.00000
    659    1464919.00000
    660    1402193.00000
    661    1310141.00000
    662    1312576.00000
    663    1307213.00000
    664    1252574.00000
    665    1225174.00000
    666    1204414.00000
    667    1222454.00000
    668    1250956.00000
    669    1199064.00000
    670    1146103.00000
    671    1165694.00000
    672    1207913.00000
    673    1254112.00000
    674    1311504.00000
    675    1329905.00000
    676    1304029.00000
    677    1308150.00000
    678    1345713.00000
    679    1358510.00000
    680    1397698.00000
    681    1421058.00000
    682    1393923.00000
    683    1354016.00000
    684    1349948.00000
    685    1466561.00000
    686    1496380.00000
    687    1397897.00000
    688    1372668.00000
    689    1386223.00000
    690    1257364.00000
    691    1090508.00000
    692    1129969.00000
    693    1199153.00000
    694    1218513.00000
    695    1201009.00000
    696    1111817.00000
    697    1116964.00000
    698    1166940.00000
    699    1245719.00000
    700    1315438.00000
    701    1301798.00000
    702    1315577.00000
    703    1393064.00000
    704    1405434.00000
    705    1352366.00000
    706    1431580.00000
    707    1498278.00000
    708    1444265.00000
    709    1490236.00000
    710    1541269.00000
    711    1550200.00000
    712    1624894.00000
    713    1697996.00000
    714    1763930.00000
    715    1830612.00000
    716    1877346.00000
    717    1904643.00000
    718    1926443.00000
    719    1921289.00000
    720    1992758.00000
    721    2132646.00000
    722    2210608.00000
    723    2239854.00000
    724    2289585.00000
    725    2372465.00000
    726    2392698.00000
    727    2325096.00000
    728    2296239.00000
    729    2446588.00000
    730    2645202.00000
    731    2752228.00000
    732    2751773.00000
    733    2615098.00000
    734    2518978.00000
    735    2549243.00000
    736    2578949.00000
    737    2575582.00000
    738    2561067.00000
    739    2531192.00000
    740    2601695.00000
    741    2777842.00000
    742    2866252.00000
    743    2874709.00000
    744    2934073.00000
    745    3079920.00000
    746    3245410.00000
    747    3311048.00000
    748    3409380.00000
    749    3593072.00000
    750    3617148.00000
    751    3631700.00000
    752    3724390.00000
    753    3804337.00000
    754    4002955.00000
    755    4196002.00000
    756    4232878.00000
    757    4254948.00000
    758    4412858.00000
    759    4646892.00000
    760    4828758.00000
    761    4979706.00000
    762    5169784.00000
    763    5401839.00000
    764    5620058.00000
    765    5913266.00000
    766    6361695.00000
    767    6897686.00000
    768    7437796.00000
    769    7949898.00000
    770    8595181.00000
    771    9432713.00000
    772    10412540.00000
    773    11469800.00000
    774    12444750.00000
    775    13412770.00000
    776    14341640.00000
    777    14919150.00000
    778    15079240.00000
    779    14816680.00000
    780    14102560.00000
    781    13127860.00000
    782    12060630.00000
    783    10918020.00000
    784    9853784.00000
    785    8978748.00000
    786    8096049.00000
    787    7279082.00000
    788    6699090.00000
    789    6244682.00000
    790    5885262.00000
    791    5503996.00000
    792    5086040.00000
    793    4700232.00000
    794    4320005.00000
    795    4036713.00000
    796    3755780.00000
    797    3415910.00000
    798    3199774.00000
    799    3036276.00000
    800    2889035.00000
    801    2879366.00000
    802    2924640.00000
    803    2948227.00000
    804    2991931.00000
    805    3084959.00000
    806    3273018.00000
    807    3450563.00000
    808    3411120.00000
    809    3231622.00000
    810    3104678.00000
    811    3108260.00000
    812    3169772.00000
    813    3170798.00000
    814    3135194.00000
    815    3188043.00000
    816    3362116.00000
    817    3621422.00000
    818    3982452.00000
    819    4461738.00000
    820    4850984.00000
    821    5029188.00000
    822    5226896.00000
    823    5750878.00000
    824    6752556.00000
    825    8433927.00000
    826    11536430.00000
    827    18020800.00000
    828    32546260.00000
    829    58387240.00000
    830    80732730.00000
    831    76482220.00000
    832    52540760.00000
    833    33677000.00000
    834    25462500.00000
    835    20016300.00000
    836    14085410.00000
    837    9427711.00000
    838    6782384.00000
    839    5298947.00000
    840    4380162.00000
    841    3765478.00000
    842    3361426.00000
    843    3065551.00000
    844    2800983.00000
    845    2551342.00000
    846    2378822.00000
    847    2342426.00000
    848    2214407.00000
    849    1989014.00000
    850    1906134.00000
    851    1910594.00000
    852    1909306.00000
    853    1892684.00000
    854    1826294.00000
    855    1765310.00000
    856    1708693.00000
    857    1617415.00000
    858    1580588.00000
    859    1635111.00000
    860    1650046.00000
    861    1610943.00000
    862    1605469.00000
    863    1513206.00000
    864    1371666.00000
    865    1372300.00000
    866    1453804.00000
    867    1479131.00000
    868    1361047.00000
    869    1244190.00000
    870    1276323.00000
    871    1301818.00000
    872    1304587.00000
    873    1297645.00000
    874    1277989.00000
    875    1252159.00000
    876    1178340.00000
    877    1165347.00000
    878    1199826.00000
    879    1197995.00000
    880    1191650.00000
    881    1168157.00000
    882    1128289.00000
    883    1184706.00000
    884    1294045.00000
    885    1330045.00000
    886    1300578.00000
    887    1220098.00000
    888    1172014.00000
    889    1202626.00000
    890    1213439.00000
    891    1200719.00000
    892    1187350.00000
    893    1203774.00000
    894    1237238.00000
    895    1177487.00000
    896    1148690.00000
    897    1238736.00000
    898    1291383.00000
    899    1239973.00000
    900    1158177.00000
    901    1090964.00000
    902    1110423.00000
    903    1122425.00000
    904    1060478.00000
    905    1059703.00000
    906    1048146.00000
    907    1073131.00000
    908    1154452.00000
    909    1134386.00000
    910    1125669.00000
    911    1170631.00000
    912    1124152.00000
    913    1022674.00000
    914     991041.90000
    915    1085260.00000
    916    1162772.00000
    917    1129319.00000
    918    1087380.00000
    919    1074552.00000
    920    1068604.00000
    921    1091784.00000
    922    1112858.00000
    923    1051405.00000
    924    1026001.00000
    925    1019843.00000
    926     973508.40000
    927     994989.40000
    928    1045662.00000
    929    1055330.00000
    930    1028123.00000
    931    1044297.00000
    932    1078640.00000
    933    1046468.00000
    934    1012358.00000
    935    1021761.00000
    936    1053406.00000
    937    1077410.00000
    938    1086019.00000
    939    1059311.00000
    940    1014221.00000
    941    1025070.00000
    942    1085160.00000
    943    1117124.00000
    944    1065717.00000
    945     989431.90000
    946     974759.80000
    947    1031179.00000
    948    1003083.00000
    949     943899.90000
    950    1039639.00000
    951    1071275.00000
    952     980759.00000
    953     961651.30000
    954     973371.40000
    955     949338.40000
    956    1020049.00000
    957    1085556.00000
    958     969885.80000
    959     871821.20000
    960     877463.40000
    961     916544.60000
    962     968584.00000
    963     997632.40000
    964    1027979.00000
    965    1038411.00000
    966     997344.90000
    967     956300.80000
    968     942018.80000
    969     961232.20000
    970     966087.20000
    971     949907.60000
    972     997730.40000
    973    1036683.00000
    974    1024342.00000
    975    1038814.00000
    976    1057546.00000
    977    1033377.00000
    978     952345.40000
    979     895259.10000
    980     943239.70000
    981     963947.60000
    982     958943.10000
    983    1033633.00000
    984    1034527.00000
    985     988627.90000
    986    1027570.00000
    987    1051911.00000
    988    1046433.00000
    989    1044202.00000
    990     982353.40000
    991     912400.00000
    992     931745.90000
    993    1037944.00000
    994    1115111.00000
    995    1072800.00000
    996    1007066.00000
    997    1000315.00000
    998    1042590.00000
    999    1079931.00000
   1000    1060572.00000
   1001    1038966.00000
   1002    1027961.00000
   1003     980730.70000
   1004    1012585.00000
   1005    1134804.00000
   1006    1151043.00000
   1007    1038000.00000
   1008     989799.60000
   1009    1047354.00000
   1010    1076161.00000
   1011    1072237.00000
   1012    1036073.00000
   1013     969228.00000
   1014     966976.20000
   1015     979004.00000
   1016     986576.20000
   1017    1005587.00000
   1018     983808.80000
   1019    1006674.00000
   1020    1052888.00000
   1021    1048416.00000
   1022     966949.60000
   1023     905102.90000
   1024     969683.40000
   1025    1015796.00000
   1026    1033026.00000
   1027    1063528.00000
   1028    1036618.00000
