      1     352304.80000
      2     308879.80000
      3     288841.20000
      4     324228.10000
      5     353357.80000
      6     354461.90000
      7     388842.00000
      8     479021.80000
      9     443076.00000
     10     360412.40000
     11     426392.20000
     12     460102.50000
     13     392925.80000
     14     356996.30000
     15     358461.50000
     16     360468.20000
     17     352572.40000
     18     339241.20000
     19     384706.40000
     20     484312.50000
     21     519521.00000
     22     504556.50000
     23     490593.60000
     24     469559.80000
     25     484192.00000
     26     503958.00000
     27     489697.50000
     28     464601.10000
     29     450249.60000
     30     450478.70000
     31     484521.80000
     32     491941.10000
     33     501617.50000
     34     510395.00000
     35     418330.40000
     36     373753.70000
     37     383355.40000
     38     356043.20000
     39     352175.30000
     40     381097.70000
     41     423725.80000
     42     462542.40000
     43     424864.50000
     44     376731.10000
     45     407963.90000
     46     429313.60000
     47     366207.40000
     48     324717.40000
     49     340240.60000
     50     328323.30000
     51     309835.10000
     52     308926.30000
     53     378359.60000
     54     444170.80000
     55     412544.30000
     56     383597.60000
     57     367243.00000
     58     297941.00000
     59     262052.30000
     60     299355.80000
     61     326597.30000
     62     406331.30000
     63     476633.50000
     64     435290.10000
     65     427035.00000
     66     489078.90000
     67     495999.60000
     68     475222.30000
     69     471205.40000
     70     382576.80000
     71     321157.60000
     72     424281.40000
     73     529320.40000
     74     484389.10000
     75     439567.00000
     76     468230.20000
     77     434268.70000
     78     421663.30000
     79     442951.90000
     80     449066.70000
     81     503450.70000
     82     486688.80000
     83     480203.90000
     84     536288.00000
     85     474762.70000
     86     401533.20000
     87     438042.40000
     88     433677.30000
     89     426853.90000
     90     515886.40000
     91     536137.10000
     92     506726.20000
     93     495470.10000
     94     513248.20000
     95     542205.10000
     96     526442.30000
     97     522794.60000
     98     547248.40000
     99     602579.20000
    100     596805.40000
    101     515321.70000
    102     532310.10000
    103     591111.80000
    104     637366.90000
    105     706815.30000
    106     688688.20000
    107     651626.50000
    108     700097.30000
    109     760717.90000
    110     821988.70000
    111     828952.90000
    112     804873.80000
    113     870208.90000
    114     926734.80000
    115     950154.10000
    116    1023165.00000
    117    1050186.00000
    118    1093352.00000
    119    1250685.00000
    120    1441111.00000
    121    1507045.00000
    122    1467747.00000
    123    1584312.00000
    124    1804884.00000
    125    2027029.00000
    126    2337252.00000
    127    2546696.00000
    128    2632434.00000
    129    2710262.00000
    130    2734646.00000
    131    2670522.00000
    132    2645552.00000
    133    2796029.00000
    134    2934721.00000
    135    3107541.00000
    136    3529381.00000
    137    4112339.00000
    138    4793303.00000
    139    5758284.00000
    140    7107161.00000
    141    9221895.00000
    142    12980060.00000
    143    20323240.00000
    144    38284640.00000
    145    81602420.00000
    146    143692900.00000
    147    180141800.00000
    148    157819900.00000
    149    97455860.00000
    150    47313810.00000
    151    24431430.00000
    152    15298010.00000
    153    10635490.00000
    154    7879834.00000
    155    6175334.00000
    156    5009050.00000
    157    4100468.00000
    158    3450628.00000
    159    2886023.00000
    160    2422678.00000
    161    2091364.00000
    162    1791790.00000
    163    1607730.00000
    164    1513518.00000
    165    1340834.00000
    166    1241779.00000
    167    1214945.00000
    168    1050286.00000
    169     954731.10000
    170     970098.40000
    171     874417.70000
    172     811833.40000
    173     868609.10000
    174     942397.80000
    175     941226.50000
    176     836418.40000
    177     698426.40000
    178     622334.80000
    179     683865.00000
    180     740916.40000
    181     640208.80000
    182     558123.40000
    183     537049.10000
    184     514423.60000
    185     509410.00000
    186     517907.10000
    187     594739.40000
    188     719325.60000
    189     710534.30000
    190     610893.50000
    191     567281.80000
    192     555461.00000
    193     547870.80000
    194     570104.90000
    195     568394.90000
    196     519191.00000
    197     499013.70000
    198     484760.40000
    199     456966.30000
    200     401867.90000
    201     295585.50000
    202     320933.20000
    203     446624.50000
    204     408125.70000
    205     303502.00000
    206     351845.50000
    207     455864.30000
    208     527944.80000
    209     538265.70000
    210     429292.70000
    211     418361.00000
    212     527598.20000
    213     585472.80000
    214     653965.40000
    215     694107.00000
    216     602036.30000
    217     498736.60000
    218     478262.60000
    219     467379.20000
    220     471386.70000
    221     558403.40000
    222     639826.90000
    223     625864.40000
    224     572726.50000
    225     570295.70000
    226     548283.40000
    227     501941.80000
    228     478804.30000
    229     435539.00000
    230     408593.20000
    231     451630.50000
    232     509822.10000
    233     466295.80000
    234     412985.60000
    235     429655.80000
    236     464209.60000
    237     470374.30000
    238     437448.30000
    239     393209.10000
    240     351777.30000
    241     389300.00000
    242     496939.10000
    243     574161.80000
    244     561478.80000
    245     532542.80000
    246     538800.30000
    247     464654.70000
    248     379989.20000
    249     393405.50000
    250     393129.20000
    251     319365.00000
    252     297319.10000
    253     368343.50000
    254     441860.20000
    255     448377.50000
    256     388839.20000
    257     408089.00000
    258     493345.20000
    259     472867.80000
    260     440676.60000
    261     465193.30000
    262     459690.50000
    263     406858.20000
    264     340713.70000
    265     376126.00000
    266     479419.30000
    267     508172.70000
    268     492156.60000
    269     466869.60000
    270     452393.80000
    271     476381.40000
    272     558492.50000
    273     605542.00000
    274     514939.80000
    275     443898.80000
    276     434560.30000
    277     486590.10000
    278     568774.00000
    279     591181.80000
    280     641533.00000
    281     664509.80000
    282     653798.60000
    283     694920.90000
    284     677978.00000
    285     670596.20000
    286     758106.90000
    287     818222.00000
    288     844356.80000
    289     845917.60000
    290     841029.20000
    291     924979.60000
    292     991853.00000
    293     986115.20000
    294    1088493.00000
    295    1292694.00000
    296    1438087.00000
    297    1517244.00000
    298    1516362.00000
    299    1519967.00000
    300    1714802.00000
    301    2000821.00000
    302    2224660.00000
    303    2402420.00000
    304    2661611.00000
    305    3130005.00000
    306    3731704.00000
    307    4213815.00000
    308    4586232.00000
    309    5129250.00000
    310    5844766.00000
    311    6753140.00000
    312    8106421.00000
    313    10162210.00000
    314    13498710.00000
    315    19337480.00000
    316    29952060.00000
    317    47302630.00000
    318    66236050.00000
    319    73355580.00000
    320    63527700.00000
    321    46500140.00000
    322    31843460.00000
    323    21935910.00000
    324    16035000.00000
    325    12810490.00000
    326    11226860.00000
    327    10668870.00000
    328    10393860.00000
    329    9952858.00000
    330    9461378.00000
    331    9145632.00000
    332    9379972.00000
    333    10391630.00000
    334    12418720.00000
    335    16778120.00000
    336    27066300.00000
    337    50407550.00000
    338    80829560.00000
    339    89068910.00000
    340    69520180.00000
    341    50031470.00000
    342    41930270.00000
    343    42943600.00000
    344    56117130.00000
    345    74700200.00000
    346    78533490.00000
    347    62903280.00000
    348    44009040.00000
    349    30875170.00000
    350    22369180.00000
    351    17411870.00000
    352    15050780.00000
    353    13924800.00000
    354    13268890.00000
    355    13628520.00000
    356    15691740.00000
    357    20712170.00000
    358    32655020.00000
    359    59802860.00000
    360    93867390.00000
    361    102996600.00000
    362    90804110.00000
    363    93615430.00000
    364    103454200.00000
    365    89222060.00000
    366    60248720.00000
    367    38934860.00000
    368    25719720.00000
    369    16981480.00000
    370    12116570.00000
    371    9376784.00000
    372    7756252.00000
    373    6704036.00000
    374    5971554.00000
    375    5470555.00000
    376    5092262.00000
    377    4770303.00000
    378    4532003.00000
    379    4292315.00000
    380    3972514.00000
    381    3643494.00000
    382    3344508.00000
    383    3093222.00000
    384    2904819.00000
    385    2767952.00000
    386    2674370.00000
    387    2627975.00000
    388    2622640.00000
    389    2523576.00000
    390    2336644.00000
    391    2174521.00000
    392    2022168.00000
    393    1877670.00000
    394    1799159.00000
    395    1726263.00000
    396    1659490.00000
    397    1622595.00000
    398    1592486.00000
    399    1594057.00000
    400    1504852.00000
    401    1392580.00000
    402    1502329.00000
    403    1628761.00000
    404    1594188.00000
    405    1538592.00000
    406    1482480.00000
    407    1394758.00000
    408    1239118.00000
    409    1141378.00000
    410    1199812.00000
    411    1274983.00000
    412    1249125.00000
    413    1103396.00000
    414    1020740.00000
    415    1079924.00000
    416    1138406.00000
    417    1123023.00000
    418    1055751.00000
    419    1054094.00000
    420    1047827.00000
    421     949337.10000
    422     933336.60000
    423    1015243.00000
    424    1057321.00000
    425     998767.90000
    426     939943.60000
    427     925772.80000
    428     896736.10000
    429     892076.40000
    430     859332.60000
    431     870943.80000
    432     994131.40000
    433    1063954.00000
    434    1022730.00000
    435     902632.90000
    436     828764.20000
    437     823914.70000
    438     813772.20000
    439     871283.60000
    440     878320.60000
    441     804565.60000
    442     792815.60000
    443     803089.20000
    444     846364.40000
    445     860322.40000
    446     811854.10000
    447     822559.20000
    448     873941.20000
    449     900960.60000
    450     874962.10000
    451     862723.40000
    452     918245.40000
    453     933328.80000
    454     879499.90000
    455     865728.60000
    456     902880.00000
    457     941751.20000
    458     967690.10000
    459     935751.50000
    460     886560.40000
    461     880977.40000
    462     894568.60000
    463     924580.00000
    464     984145.60000
    465     958411.70000
    466     825119.90000
    467     778993.90000
    468     788299.00000
    469     815710.20000
    470     832239.10000
    471     713170.20000
    472     707979.50000
    473     782160.10000
    474     710235.10000
    475     746749.40000
    476     902237.20000
    477     936915.90000
    478     858940.70000
    479     814522.60000
    480     798655.10000
    481     797157.50000
    482     866237.90000
    483     884330.60000
    484     814078.60000
    485     783299.70000
    486     824436.90000
    487     823138.50000
    488     815323.80000
    489     856124.40000
    490     833074.80000
    491     814889.40000
    492     842560.00000
    493     827276.90000
    494     820018.80000
    495     855217.20000
    496     904144.10000
    497     900066.10000
    498     833216.90000
    499     758140.10000
    500     748019.80000
    501     824250.60000
    502     871917.00000
    503     874189.90000
    504     860887.90000
    505     854009.70000
    506     858848.80000
    507     837702.10000
    508     820707.90000
    509     827101.40000
    510     809667.40000
    511     803531.20000
    512     833588.30000
    513     818112.40000
    514     793527.10000
    515     812014.60000
    516     848541.20000
    517     887072.90000
    518     877699.20000
    519     885780.10000
    520     919033.10000
    521     886772.10000
    522     848909.10000
    523     848181.20000
    524     858382.90000
    525     884047.90000
    526     884585.70000
    527     845909.20000
    528     814465.40000
    529     765146.10000
    530     757861.90000
    531     848190.40000
    532     895545.50000
    533     825049.10000
    534     743578.80000
    535     714526.40000
    536     695010.50000
    537     734406.90000
    538     750342.00000
    539     730330.80000
    540     780185.90000
    541     831736.40000
    542     928043.10000
    543     923394.80000
    544     798927.20000
    545     777979.80000
    546     782768.10000
    547     739844.00000
    548     760843.90000
    549     833084.30000
    550     848927.10000
    551     801253.10000
    552     733903.00000
    553     716422.40000
    554     756212.20000
    555     791485.80000
    556     724302.60000
    557     606370.50000
    558     594203.40000
    559     637658.50000
    560     714523.60000
    561     768084.90000
    562     749722.20000
    563     789356.60000
    564     813552.90000
    565     746950.10000
    566     732586.90000
    567     765286.60000
    568     752559.10000
    569     756531.00000
    570     748590.20000
    571     696699.40000
    572     690785.70000
    573     707601.10000
    574     673287.40000
    575     665905.40000
    576     745482.20000
    577     763988.60000
    578     696149.90000
    579     679105.30000
    580     669162.50000
    581     637671.80000
    582     627528.10000
    583     690684.20000
    584     751000.60000
    585     731612.10000
    586     735062.50000
    587     742846.50000
    588     672269.20000
    589     661143.20000
    590     771633.60000
    591     802506.90000
    592     724013.40000
    593     635185.00000
    594     654272.10000
    595     749462.50000
    596     765924.60000
    597     711106.60000
    598     627866.40000
    599     624191.70000
    600     684365.10000
    601     692781.90000
    602     694399.20000
    603     705796.40000
    604     778610.40000
    605     817034.90000
    606     763896.50000
    607     724703.50000
    608     733078.60000
    609     753099.20000
    610     805684.40000
    611     890050.10000
    612     923219.80000
    613     935941.70000
    614     889417.10000
    615     797719.00000
    616     795830.40000
    617     824043.70000
    618     859827.80000
    619     961110.60000
    620    1038544.00000
    621     996545.50000
    622     932872.50000
    623     941498.20000
    624     968339.40000
    625     960539.00000
    626    1013380.00000
    627    1174647.00000
    628    1286767.00000
    629    1427258.00000
    630    1602835.00000
    631    1678038.00000
    632    1718390.00000
    633    1845552.00000
    634    2087576.00000
    635    2485016.00000
    636    3106928.00000
    637    3663230.00000
    638    3857326.00000
    639    4053601.00000
    640    4617400.00000
    641    5772103.00000
    642    8105924.00000
    643    13724150.00000
    644    30648050.00000
    645    73709320.00000
    646    117507900.00000
    647    109474800.00000
    648    66550990.00000
    649    34342340.00000
    650    18247930.00000
    651    11095220.00000
    652    7992416.00000
    653    6316109.00000
    654    5213760.00000
    655    4288282.00000
    656    3656450.00000
    657    3249142.00000
    658    2901250.00000
    659    2700676.00000
    660    2660444.00000
    661    2558052.00000
    662    2314332.00000
    663    2034984.00000
    664    1878662.00000
    665    1747375.00000
    666    1574158.00000
    667    1412594.00000
    668    1280344.00000
    669    1230400.00000
    670    1240075.00000
    671    1255694.00000
    672    1257188.00000
    673    1147016.00000
    674    1075816.00000
    675    1096088.00000
    676    1070920.00000
    677    1072091.00000
    678    1102807.00000
    679    1076517.00000
    680    1082518.00000
    681    1109973.00000
    682    1095270.00000
    683    1102097.00000
    684    1161159.00000
    685    1173895.00000
    686    1157763.00000
    687    1201343.00000
    688    1220784.00000
    689    1173490.00000
    690    1125392.00000
    691    1111716.00000
    692    1199211.00000
    693    1310619.00000
    694    1348296.00000
    695    1409673.00000
    696    1491093.00000
    697    1497647.00000
    698    1495070.00000
    699    1506127.00000
    700    1459898.00000
    701    1458005.00000
    702    1541884.00000
    703    1627928.00000
    704    1681441.00000
    705    1587862.00000
    706    1523246.00000
    707    1622654.00000
    708    1676443.00000
    709    1692715.00000
    710    1744564.00000
    711    1887230.00000
    712    2064050.00000
    713    2218742.00000
    714    2507620.00000
    715    2728388.00000
    716    2627775.00000
    717    2486588.00000
    718    2457175.00000
    719    2380041.00000
    720    2244136.00000
    721    2143521.00000
    722    2151247.00000
    723    2188685.00000
    724    2111188.00000
    725    2106437.00000
    726    2235601.00000
    727    2306354.00000
    728    2351753.00000
    729    2459722.00000
    730    2565400.00000
    731    2595343.00000
    732    2554241.00000
    733    2518690.00000
    734    2501355.00000
    735    2548768.00000
    736    2655761.00000
    737    2687444.00000
    738    2711710.00000
    739    2773197.00000
    740    2853676.00000
    741    2966369.00000
    742    3114729.00000
    743    3230601.00000
    744    3281224.00000
    745    3420637.00000
    746    3552622.00000
    747    3622895.00000
    748    3784344.00000
    749    3938104.00000
    750    3980515.00000
    751    3939397.00000
    752    3937996.00000
    753    4042960.00000
    754    4127210.00000
    755    4181561.00000
    756    4240028.00000
    757    4204214.00000
    758    4224917.00000
    759    4305196.00000
    760    4261864.00000
    761    4230265.00000
    762    4314418.00000
    763    4419519.00000
    764    4538938.00000
    765    4711820.00000
    766    4831802.00000
    767    4988780.00000
    768    5304228.00000
    769    5609660.00000
    770    5954275.00000
    771    6415559.00000
    772    6845908.00000
    773    7422822.00000
    774    8225386.00000
    775    9089312.00000
    776    10087310.00000
    777    11224470.00000
    778    12412660.00000
    779    13620070.00000
    780    14724890.00000
    781    15522470.00000
    782    15919600.00000
    783    15878220.00000
    784    15304690.00000
    785    14308350.00000
    786    13052910.00000
    787    11698300.00000
    788    10476320.00000
    789    9378476.00000
    790    8330944.00000
    791    7393716.00000
    792    6610834.00000
    793    5978433.00000
    794    5457642.00000
    795    4955336.00000
    796    4458112.00000
    797    4136674.00000
    798    3936420.00000
    799    3690441.00000
    800    3379106.00000
    801    3105374.00000
    802    3009719.00000
    803    2934655.00000
    804    2793387.00000
    805    2663993.00000
    806    2555124.00000
    807    2517337.00000
    808    2525684.00000
    809    2494671.00000
    810    2406428.00000
    811    2368668.00000
    812    2417758.00000
    813    2383402.00000
    814    2318516.00000
    815    2345644.00000
    816    2361592.00000
    817    2357054.00000
    818    2369012.00000
    819    2341392.00000
    820    2256036.00000
    821    2189899.00000
    822    2123713.00000
    823    1988320.00000
    824    1950709.00000
    825    2074406.00000
    826    2212314.00000
    827    2252820.00000
    828    2229726.00000
    829    2176810.00000
    830    2121939.00000
    831    2129390.00000
    832    2077937.00000
    833    1951027.00000
    834    1888398.00000
    835    1899437.00000
    836    1935606.00000
    837    1933637.00000
    838    1889487.00000
    839    1895225.00000
    840    1790205.00000
    841    1639607.00000
    842    1685951.00000
    843    1778474.00000
    844    1808935.00000
    845    1845010.00000
    846    1968253.00000
    847    2170482.00000
    848    2430713.00000
    849    2639046.00000
    850    2682346.00000
    851    2561110.00000
    852    2324628.00000
    853    2228594.00000
    854    2411203.00000
    855    2686210.00000
    856    2765991.00000
    857    2645602.00000
    858    2554624.00000
    859    2577124.00000
    860    2649064.00000
    861    2669637.00000
    862    2768554.00000
    863    3026877.00000
    864    3231756.00000
    865    3402098.00000
    866    3660812.00000
    867    3988378.00000
    868    4430074.00000
    869    5096108.00000
    870    6089875.00000
    871    7724336.00000
    872    10603120.00000
    873    16400600.00000
    874    29712190.00000
    875    55484610.00000
    876    81623230.00000
    877    81236740.00000
    878    55440670.00000
    879    32447470.00000
    880    23266470.00000
    881    19225260.00000
    882    13953430.00000
    883    8729717.00000
    884    5535214.00000
    885    3905018.00000
    886    3123576.00000
    887    2698734.00000
    888    2306764.00000
    889    2013680.00000
    890    1904177.00000
    891    1803076.00000
    892    1629728.00000
    893    1539307.00000
    894    1488786.00000
    895    1361893.00000
    896    1256155.00000
    897    1208315.00000
    898    1179253.00000
    899    1172712.00000
    900    1229432.00000
    901    1298777.00000
    902    1301163.00000
    903    1294903.00000
    904    1281281.00000
    905    1272896.00000
    906    1264425.00000
    907    1227343.00000
    908    1234109.00000
    909    1239818.00000
    910    1225278.00000
    911    1177002.00000
    912    1073079.00000
    913    1023619.00000
    914    1047121.00000
    915    1079524.00000
    916    1066499.00000
    917    1029135.00000
    918    1060056.00000
    919    1056915.00000
    920     984706.60000
    921     946978.40000
    922     957716.30000
    923    1027981.00000
    924    1075913.00000
    925    1059333.00000
    926    1064264.00000
    927    1095171.00000
    928    1043951.00000
    929     933554.10000
    930     972084.10000
    931    1054496.00000
    932    1009953.00000
    933     985090.60000
    934     974041.60000
    935     955842.80000
    936     965903.80000
    937     966215.40000
    938     996959.40000
    939    1029877.00000
    940    1007149.00000
    941     943137.50000
    942     907986.60000
    943     918469.50000
    944     964922.80000
    945     996460.90000
    946     948873.80000
    947     949958.40000
    948     977691.60000
    949     961674.70000
    950     949878.50000
    951     949680.40000
    952     982797.60000
    953    1013423.00000
    954     994495.20000
    955    1004244.00000
    956    1057873.00000
    957    1029567.00000
    958     979229.00000
    959    1012383.00000
    960    1080330.00000
    961    1023950.00000
    962     902929.00000
    963     888500.20000
    964     888260.80000
    965     905869.50000
    966    1006893.00000
    967    1087773.00000
    968    1023903.00000
    969     908419.30000
    970     909963.20000
    971     938200.80000
    972     899804.10000
    973     896914.90000
    974     881092.40000
    975     835510.40000
    976     929106.40000
    977    1023951.00000
    978     974402.70000
    979     932953.20000
    980     928113.30000
    981     873442.80000
    982     827453.20000
    983     884226.90000
    984     961368.30000
    985     926969.20000
    986     860024.90000
    987     850854.10000
    988     869122.20000
    989     894410.90000
    990     893632.40000
    991     935222.90000
    992    1022075.00000
    993    1005531.00000
    994     900628.10000
    995     869923.10000
    996     894782.90000
    997     881804.50000
    998     879457.20000
    999     911302.70000
   1000     952235.80000
   1001     911212.10000
   1002     866487.40000
   1003     862178.10000
   1004     869101.80000
   1005     967292.20000
   1006     997356.10000
   1007     902753.00000
   1008     848802.80000
   1009     842545.80000
   1010     836056.60000
   1011     924554.80000
   1012     950091.10000
   1013     832598.70000
   1014     844597.00000
   1015     917695.90000
   1016     910554.90000
   1017     894423.20000
   1018     890566.40000
   1019     874010.60000
   1020     906563.50000
   1021     943010.10000
   1022     858027.70000
   1023     815118.20000
   1024     915552.20000
   1025     993710.50000
   1026     897364.70000
   1027     785766.20000
   1028     855599.60000
