      1     488561.20000
      2     501200.00000
      3     449306.10000
      4     432449.20000
      5     450710.30000
      6     421741.80000
      7     401200.90000
      8     413364.00000
      9     408256.70000
     10     405978.90000
     11     451497.30000
     12     522700.90000
     13     530326.20000
     14     458014.80000
     15     415783.70000
     16     405497.20000
     17     378136.00000
     18     406892.80000
     19     454782.90000
     20     492117.80000
     21     468267.70000
     22     392241.30000
     23     366796.60000
     24     386176.90000
     25     435104.70000
     26     445517.20000
     27     447447.00000
     28     500862.10000
     29     527577.20000
     30     547216.90000
     31     576708.60000
     32     599132.40000
     33     596500.60000
     34     536993.20000
     35     499029.80000
     36     523005.20000
     37     549822.10000
     38     539966.40000
     39     526958.80000
     40     502089.70000
     41     462193.10000
     42     480752.60000
     43     496731.20000
     44     484709.80000
     45     528327.60000
     46     576365.40000
     47     606182.10000
     48     608289.10000
     49     586851.30000
     50     592027.70000
     51     566297.10000
     52     535182.90000
     53     551171.00000
     54     576253.90000
     55     621747.40000
     56     642691.90000
     57     585444.70000
     58     493360.40000
     59     437076.90000
     60     487041.40000
     61     637326.30000
     62     702859.20000
     63     621727.90000
     64     569115.30000
     65     578750.10000
     66     629426.10000
     67     671509.50000
     68     590342.40000
     69     545881.30000
     70     632845.90000
     71     696883.60000
     72     679442.90000
     73     633555.80000
     74     609421.90000
     75     636247.60000
     76     764531.90000
     77     881260.20000
     78     873402.20000
     79     845773.40000
     80     870682.20000
     81     916263.40000
     82     954395.40000
     83     920315.00000
     84     860169.40000
     85     890660.50000
     86     999519.30000
     87    1080009.00000
     88    1107489.00000
     89    1182874.00000
     90    1290744.00000
     91    1380851.00000
     92    1438545.00000
     93    1453430.00000
     94    1559590.00000
     95    1811688.00000
     96    2137326.00000
     97    2488354.00000
     98    2870365.00000
     99    3199731.00000
    100    3344960.00000
    101    3400522.00000
    102    3653820.00000
    103    4231310.00000
    104    5014066.00000
    105    6190543.00000
    106    8000639.00000
    107    10771160.00000
    108    15512900.00000
    109    24036350.00000
    110    39481540.00000
    111    62595130.00000
    112    81289990.00000
    113    78142410.00000
    114    56585360.00000
    115    35211120.00000
    116    22068130.00000
    117    14845200.00000
    118    10710390.00000
    119    8156038.00000
    120    6449695.00000
    121    5390039.00000
    122    4769501.00000
    123    4276220.00000
    124    3956057.00000
    125    3698860.00000
    126    3331797.00000
    127    3084356.00000
    128    2960549.00000
    129    2826656.00000
    130    2648580.00000
    131    2496955.00000
    132    2452333.00000
    133    2425732.00000
    134    2402188.00000
    135    2433231.00000
    136    2578274.00000
    137    2821248.00000
    138    3079308.00000
    139    3231712.00000
    140    3153329.00000
    141    3029385.00000
    142    3045135.00000
    143    3141310.00000
    144    3342929.00000
    145    3586889.00000
    146    3847675.00000
    147    4288523.00000
    148    4985016.00000
    149    5957800.00000
    150    7265021.00000
    151    9035155.00000
    152    11644660.00000
    153    16283040.00000
    154    26271310.00000
    155    52412220.00000
    156    99282710.00000
    157    125887200.00000
    158    101674100.00000
    159    74904660.00000
    160    93532700.00000
    161    127213300.00000
    162    114484100.00000
    163    65232930.00000
    164    30672840.00000
    165    17265200.00000
    166    11459110.00000
    167    8346813.00000
    168    6432223.00000
    169    5179057.00000
    170    4296079.00000
    171    3651154.00000
    172    3258812.00000
    173    3165477.00000
    174    3029039.00000
    175    2736435.00000
    176    2425060.00000
    177    2150702.00000
    178    1854801.00000
    179    1604510.00000
    180    1549824.00000
    181    1535431.00000
    182    1458519.00000
    183    1427630.00000
    184    1446683.00000
    185    1447791.00000
    186    1339641.00000
    187    1206896.00000
    188    1170318.00000
    189    1225636.00000
    190    1238574.00000
    191    1211242.00000
    192    1247097.00000
    193    1330891.00000
    194    1350591.00000
    195    1311060.00000
    196    1371980.00000
    197    1431417.00000
    198    1308346.00000
    199    1169469.00000
    200    1168910.00000
    201    1243906.00000
    202    1266065.00000
    203    1228971.00000
    204    1176823.00000
    205    1134587.00000
    206    1056455.00000
    207     951171.80000
    208     972568.80000
    209    1044794.00000
    210     980287.90000
    211     956774.50000
    212     998888.00000
    213    1003015.00000
    214     985098.80000
    215     878613.40000
    216     814041.40000
    217     864609.90000
    218     873170.60000
    219     806164.50000
    220     819680.50000
    221     859902.50000
    222     794601.70000
    223     759451.60000
    224     813067.90000
    225     818366.90000
    226     787343.00000
    227     772427.20000
    228     732069.90000
    229     683897.40000
    230     645394.30000
    231     634981.00000
    232     666296.40000
    233     685095.20000
    234     620333.10000
    235     590120.90000
    236     647653.50000
    237     623803.80000
    238     607388.90000
    239     617804.40000
    240     572032.40000
    241     614123.90000
    242     728284.70000
    243     793848.40000
    244     818497.60000
    245     789602.60000
    246     772959.00000
    247     777716.70000
    248     796854.60000
    249     822556.60000
    250     816346.60000
    251     805881.90000
    252     735918.70000
    253     688289.60000
    254     696816.20000
    255     672368.80000
    256     611252.30000
    257     612540.60000
    258     682523.00000
    259     624056.40000
    260     573090.60000
    261     621276.70000
    262     626565.20000
    263     639002.10000
    264     619817.60000
    265     625024.90000
    266     668588.60000
    267     613711.90000
    268     581401.10000
    269     644285.50000
    270     695303.60000
    271     731492.20000
    272     695861.70000
    273     624280.90000
    274     599783.90000
    275     578961.50000
    276     623598.90000
    277     708349.10000
    278     757698.50000
    279     803159.40000
    280     786791.00000
    281     727845.90000
    282     762682.20000
    283     818188.80000
    284     753428.20000
    285     708540.60000
    286     791574.90000
    287     805707.70000
    288     820501.80000
    289     922762.40000
    290     969069.50000
    291     981759.50000
    292     932288.40000
    293     868988.70000
    294     932327.90000
    295    1077184.00000
    296    1205640.00000
    297    1320123.00000
    298    1307797.00000
    299    1230828.00000
    300    1405458.00000
    301    1658257.00000
    302    1766998.00000
    303    1850205.00000
    304    1982058.00000
    305    2141600.00000
    306    2357550.00000
    307    2653181.00000
    308    3024172.00000
    309    3529632.00000
    310    4198748.00000
    311    5080646.00000
    312    6334160.00000
    313    8254469.00000
    314    11319700.00000
    315    16463260.00000
    316    25660150.00000
    317    41649140.00000
    318    63070900.00000
    319    77562640.00000
    320    73014060.00000
    321    55191430.00000
    322    37325460.00000
    323    24673010.00000
    324    16824830.00000
    325    12223040.00000
    326    9469204.00000
    327    7688527.00000
    328    6459330.00000
    329    5594901.00000
    330    5085400.00000
    331    5003245.00000
    332    5147964.00000
    333    5220614.00000
    334    5139181.00000
    335    4851175.00000
    336    4471387.00000
    337    4317682.00000
    338    4487164.00000
    339    4992847.00000
    340    5788498.00000
    341    6467772.00000
    342    6722752.00000
    343    6651130.00000
    344    6482664.00000
    345    6596682.00000
    346    7369496.00000
    347    8864025.00000
    348    11252930.00000
    349    15372820.00000
    350    22903030.00000
    351    37179480.00000
    352    60621040.00000
    353    81914840.00000
    354    81737850.00000
    355    63069120.00000
    356    44246780.00000
    357    32242720.00000
    358    26842470.00000
    359    29418860.00000
    360    45343210.00000
    361    78583720.00000
    362    103296800.00000
    363    89343110.00000
    364    58552560.00000
    365    38586420.00000
    366    25555200.00000
    367    16231610.00000
    368    11230270.00000
    369    8546184.00000
    370    6910555.00000
    371    5760481.00000
    372    4967534.00000
    373    4472630.00000
    374    4163470.00000
    375    3941665.00000
    376    3833022.00000
    377    3740339.00000
    378    3584219.00000
    379    3500892.00000
    380    3460630.00000
    381    3388714.00000
    382    3417200.00000
    383    3464688.00000
    384    3313462.00000
    385    3095550.00000
    386    2995093.00000
    387    3013015.00000
    388    3105658.00000
    389    3387844.00000
    390    3593424.00000
    391    3307318.00000
    392    3031740.00000
    393    2994339.00000
    394    2806968.00000
    395    2594580.00000
    396    2617742.00000
    397    2711216.00000
    398    2717197.00000
    399    2699458.00000
    400    2649717.00000
    401    2588940.00000
    402    2554821.00000
    403    2591574.00000
    404    2676416.00000
    405    2860482.00000
    406    3140672.00000
    407    3390984.00000
    408    3739077.00000
    409    4190136.00000
    410    4817978.00000
    411    5710915.00000
    412    7046728.00000
    413    9408778.00000
    414    13268250.00000
    415    19776160.00000
    416    32786410.00000
    417    56079890.00000
    418    77857640.00000
    419    76289900.00000
    420    55662440.00000
    421    36920030.00000
    422    24731420.00000
    423    16057950.00000
    424    10656820.00000
    425    7713578.00000
    426    6018228.00000
    427    4948930.00000
    428    4249438.00000
    429    3722744.00000
    430    3316868.00000
    431    2990309.00000
    432    2704299.00000
    433    2555873.00000
    434    2424223.00000
    435    2155306.00000
    436    1941682.00000
    437    1832638.00000
    438    1731505.00000
    439    1651260.00000
    440    1601478.00000
    441    1551132.00000
    442    1458519.00000
    443    1405658.00000
    444    1408440.00000
    445    1434084.00000
    446    1435069.00000
    447    1357938.00000
    448    1261299.00000
    449    1183260.00000
    450    1214510.00000
    451    1286168.00000
    452    1236476.00000
    453    1110809.00000
    454    1055694.00000
    455    1072310.00000
    456    1026996.00000
    457     994185.00000
    458    1041793.00000
    459    1066396.00000
    460    1086912.00000
    461    1127987.00000
    462    1093985.00000
    463     985502.90000
    464     927307.00000
    465     958266.50000
    466    1058047.00000
    467    1116464.00000
    468    1076174.00000
    469     987094.70000
    470     864344.80000
    471     863597.40000
    472     958605.50000
    473     990944.90000
    474    1004239.00000
    475    1000169.00000
    476     948125.00000
    477     883637.80000
    478     918690.00000
    479     999637.60000
    480    1005864.00000
    481    1047668.00000
    482    1087728.00000
    483     999107.20000
    484     951214.90000
    485     951414.90000
    486     922875.50000
    487     934300.90000
    488     939713.60000
    489     887834.60000
    490     849601.50000
    491     866627.90000
    492     910823.10000
    493     974991.60000
    494    1006662.00000
    495    1005885.00000
    496     943161.40000
    497     860087.30000
    498     849913.60000
    499     889420.90000
    500     925070.20000
    501    1007060.00000
    502    1087369.00000
    503     995460.20000
    504     901422.10000
    505     933177.40000
    506     934327.40000
    507     938424.00000
    508     959650.60000
    509     918909.60000
    510     874574.40000
    511     906489.90000
    512     979499.40000
    513     985279.60000
    514    1027856.00000
    515    1098687.00000
    516    1018012.00000
    517     980669.20000
    518    1026406.00000
    519    1015139.00000
    520    1054771.00000
    521    1088941.00000
    522    1016009.00000
    523     972753.30000
    524    1028595.00000
    525    1029662.00000
    526    1002765.00000
    527     982322.50000
    528     977266.00000
    529    1043894.00000
    530    1020616.00000
    531     976603.80000
    532     969017.70000
    533     913168.90000
    534     954149.30000
    535    1059138.00000
    536    1107150.00000
    537    1083104.00000
    538     977662.00000
    539     856043.80000
    540     873858.00000
    541     940495.90000
    542     885001.60000
    543     892786.40000
    544    1006112.00000
    545    1009526.00000
    546     911455.00000
    547     911871.20000
    548     991918.80000
    549    1000202.00000
    550     970692.10000
    551     919737.90000
    552     864588.20000
    553     926326.70000
    554    1011163.00000
    555     978767.10000
    556     928378.70000
    557     906285.00000
    558     882769.20000
    559     922049.20000
    560     924315.30000
    561     878022.40000
    562     861926.40000
    563     817343.00000
    564     849511.00000
    565     924651.20000
    566     873977.70000
    567     819779.60000
    568     836532.30000
    569     840659.10000
    570     848767.80000
    571     933209.00000
    572     991322.60000
    573     931775.90000
    574     924246.00000
    575     937024.90000
    576     906989.30000
    577     935773.60000
    578     934430.60000
    579     922731.80000
    580     925900.20000
    581     909871.40000
    582     947100.80000
    583    1011266.00000
    584     996909.90000
    585     925665.20000
    586     963548.90000
    587    1007293.00000
    588     983039.80000
    589     990275.10000
    590     971777.00000
    591     985072.20000
    592    1033505.00000
    593    1045549.00000
    594    1049734.00000
    595     990505.70000
    596    1006649.00000
    597    1096724.00000
    598    1071364.00000
    599    1084785.00000
    600    1163100.00000
    601    1167226.00000
    602    1185930.00000
    603    1231396.00000
    604    1275384.00000
    605    1311694.00000
    606    1300099.00000
    607    1310515.00000
    608    1382127.00000
    609    1421628.00000
    610    1402754.00000
    611    1421642.00000
    612    1519204.00000
    613    1635603.00000
    614    1723875.00000
    615    1739064.00000
    616    1757858.00000
    617    1913553.00000
    618    2111772.00000
    619    2365766.00000
    620    2691600.00000
    621    3030535.00000
    622    3417300.00000
    623    3852076.00000
    624    4436392.00000
    625    5234412.00000
    626    6488163.00000
    627    8815126.00000
    628    13393190.00000
    629    23120140.00000
    630    45945920.00000
    631    84976100.00000
    632    111750200.00000
    633    97789450.00000
    634    62661120.00000
    635    35230080.00000
    636    20120580.00000
    637    12889020.00000
    638    9342924.00000
    639    7268476.00000
    640    5929960.00000
    641    5104862.00000
    642    4535010.00000
    643    4043167.00000
    644    3627824.00000
    645    3191718.00000
    646    2726876.00000
    647    2434388.00000
    648    2243514.00000
    649    2048303.00000
    650    1911246.00000
    651    1815248.00000
    652    1717764.00000
    653    1631403.00000
    654    1555621.00000
    655    1456603.00000
    656    1403556.00000
    657    1446277.00000
    658    1458903.00000
    659    1454562.00000
    660    1510140.00000
    661    1577528.00000
    662    1621927.00000
    663    1586892.00000
    664    1591576.00000
    665    1672353.00000
    666    1677870.00000
    667    1584636.00000
    668    1448136.00000
    669    1357341.00000
    670    1390601.00000
    671    1383140.00000
    672    1313227.00000
    673    1316926.00000
    674    1288186.00000
    675    1257125.00000
    676    1261027.00000
    677    1212594.00000
    678    1171287.00000
    679    1186159.00000
    680    1201913.00000
    681    1208886.00000
    682    1222857.00000
    683    1228536.00000
    684    1231524.00000
    685    1250268.00000
    686    1254770.00000
    687    1232918.00000
    688    1243996.00000
    689    1292333.00000
    690    1274916.00000
    691    1155315.00000
    692    1120138.00000
    693    1226956.00000
    694    1268537.00000
    695    1208596.00000
    696    1224099.00000
    697    1301812.00000
    698    1315870.00000
    699    1323432.00000
    700    1354307.00000
    701    1347630.00000
    702    1306725.00000
    703    1313917.00000
    704    1365097.00000
    705    1395602.00000
    706    1401536.00000
    707    1409242.00000
    708    1496616.00000
    709    1584966.00000
    710    1576432.00000
    711    1543792.00000
    712    1545850.00000
    713    1597506.00000
    714    1642080.00000
    715    1676906.00000
    716    1752665.00000
    717    1796041.00000
    718    1833168.00000
    719    1904099.00000
    720    1981077.00000
    721    2036147.00000
    722    2041037.00000
    723    2108323.00000
    724    2170992.00000
    725    2182477.00000
    726    2288473.00000
    727    2370717.00000
    728    2344776.00000
    729    2305200.00000
    730    2318919.00000
    731    2420699.00000
    732    2544854.00000
    733    2577491.00000
    734    2535316.00000
    735    2574713.00000
    736    2665159.00000
    737    2715522.00000
    738    2742998.00000
    739    2821318.00000
    740    2962446.00000
    741    3107993.00000
    742    3232524.00000
    743    3298225.00000
    744    3349052.00000
    745    3450205.00000
    746    3614116.00000
    747    3763820.00000
    748    3914541.00000
    749    4128362.00000
    750    4263616.00000
    751    4288072.00000
    752    4404882.00000
    753    4578726.00000
    754    4636383.00000
    755    4640144.00000
    756    4600564.00000
    757    4576728.00000
    758    4640164.00000
    759    4655600.00000
    760    4614062.00000
    761    4631732.00000
    762    4744911.00000
    763    4852497.00000
    764    4916601.00000
    765    5048021.00000
    766    5310318.00000
    767    5656808.00000
    768    6004042.00000
    769    6322503.00000
    770    6725326.00000
    771    7315628.00000
    772    7981174.00000
    773    8734894.00000
    774    9701523.00000
    775    10833560.00000
    776    12077320.00000
    777    13403320.00000
    778    14788760.00000
    779    16189640.00000
    780    17423160.00000
    781    18194760.00000
    782    18379850.00000
    783    17994590.00000
    784    16986010.00000
    785    15562950.00000
    786    14036200.00000
    787    12511270.00000
    788    11109500.00000
    789    9851906.00000
    790    8730963.00000
    791    7850238.00000
    792    7185937.00000
    793    6605247.00000
    794    6021488.00000
    795    5576270.00000
    796    5313946.00000
    797    4998223.00000
    798    4633146.00000
    799    4311986.00000
    800    4006348.00000
    801    3782240.00000
    802    3670566.00000
    803    3547587.00000
    804    3385576.00000
    805    3336052.00000
    806    3353674.00000
    807    3265811.00000
    808    3213239.00000
    809    3288042.00000
    810    3360214.00000
    811    3422471.00000
    812    3442971.00000
    813    3448744.00000
    814    3432472.00000
    815    3311774.00000
    816    3212706.00000
    817    3207257.00000
    818    3225339.00000
    819    3261870.00000
    820    3345833.00000
    821    3447324.00000
    822    3593621.00000
    823    3795212.00000
    824    3999387.00000
    825    4346868.00000
    826    4957466.00000
    827    5690370.00000
    828    6611846.00000
    829    8210818.00000
    830    10991840.00000
    831    15930400.00000
    832    25524300.00000
    833    43335350.00000
    834    67052140.00000
    835    81465300.00000
    836    74446660.00000
    837    55022780.00000
    838    38649790.00000
    839    28910030.00000
    840    21861580.00000
    841    15657290.00000
    842    10992120.00000
    843    7958282.00000
    844    6104118.00000
    845    5025813.00000
    846    4325206.00000
    847    3789675.00000
    848    3370900.00000
    849    3096954.00000
    850    2865226.00000
    851    2613848.00000
    852    2425426.00000
    853    2264876.00000
    854    2155880.00000
    855    2085116.00000
    856    2021138.00000
    857    1964870.00000
    858    1874799.00000
    859    1851858.00000
    860    1860460.00000
    861    1768986.00000
    862    1685104.00000
    863    1638254.00000
    864    1623526.00000
    865    1611022.00000
    866    1530066.00000
    867    1528676.00000
    868    1573534.00000
    869    1547934.00000
    870    1470454.00000
    871    1428121.00000
    872    1466611.00000
    873    1460093.00000
    874    1408850.00000
    875    1397225.00000
    876    1378072.00000
    877    1358989.00000
    878    1397628.00000
    879    1376965.00000
    880    1334770.00000
    881    1381254.00000
    882    1365148.00000
    883    1348179.00000
    884    1393187.00000
    885    1348426.00000
    886    1306089.00000
    887    1340740.00000
    888    1289155.00000
    889    1211867.00000
    890    1266295.00000
    891    1291619.00000
    892    1255454.00000
    893    1253879.00000
    894    1253096.00000
    895    1233415.00000
    896    1223052.00000
    897    1258839.00000
    898    1270996.00000
    899    1241168.00000
    900    1208262.00000
    901    1135958.00000
    902    1092745.00000
    903    1080461.00000
    904    1045534.00000
    905    1090040.00000
    906    1121076.00000
    907    1124004.00000
    908    1206474.00000
    909    1201846.00000
    910    1131878.00000
    911    1126753.00000
    912    1113126.00000
    913    1101483.00000
    914    1095712.00000
    915    1111856.00000
    916    1177663.00000
    917    1120852.00000
    918    1084379.00000
    919    1153078.00000
    920    1109319.00000
    921    1130666.00000
    922    1220040.00000
    923    1233107.00000
    924    1218295.00000
    925    1124285.00000
    926    1042937.00000
    927    1091841.00000
    928    1165160.00000
    929    1143527.00000
    930    1114864.00000
    931    1158404.00000
    932    1133676.00000
    933    1043010.00000
    934    1054472.00000
    935    1178946.00000
    936    1289160.00000
    937    1328227.00000
    938    1279094.00000
    939    1168839.00000
    940    1068326.00000
    941    1007383.00000
    942    1042055.00000
    943    1113601.00000
    944    1149718.00000
    945    1168790.00000
    946    1157188.00000
    947    1166057.00000
    948    1203738.00000
    949    1186532.00000
    950    1180196.00000
    951    1219012.00000
    952    1166187.00000
    953    1118696.00000
    954    1231069.00000
    955    1289351.00000
    956    1258701.00000
    957    1270173.00000
    958    1254096.00000
    959    1161781.00000
    960    1061744.00000
    961    1045846.00000
    962    1094455.00000
    963    1144546.00000
    964    1128340.00000
    965    1111753.00000
    966    1118920.00000
    967    1113132.00000
    968    1127000.00000
    969    1064210.00000
    970    1050154.00000
    971    1100622.00000
    972    1069946.00000
    973    1093277.00000
    974    1142422.00000
    975    1126376.00000
    976    1110427.00000
    977    1120770.00000
    978    1110472.00000
    979    1091542.00000
    980    1116277.00000
    981    1142476.00000
    982    1141231.00000
    983    1160455.00000
    984    1142484.00000
    985    1149731.00000
    986    1174347.00000
    987    1136940.00000
    988    1181925.00000
    989    1215461.00000
    990    1164058.00000
    991    1151486.00000
    992    1088012.00000
    993     981423.40000
    994     998399.90000
    995    1068026.00000
    996    1130591.00000
    997    1139891.00000
    998    1122917.00000
    999    1178132.00000
   1000    1181441.00000
   1001    1143734.00000
   1002    1134692.00000
   1003    1046618.00000
   1004     982654.60000
   1005    1032894.00000
   1006    1096865.00000
   1007    1124440.00000
   1008    1051671.00000
   1009    1087121.00000
   1010    1277176.00000
   1011    1303210.00000
   1012    1183092.00000
   1013    1079234.00000
   1014    1108014.00000
   1015    1182925.00000
   1016    1172549.00000
   1017    1140584.00000
   1018    1084980.00000
   1019    1076764.00000
   1020    1108740.00000
   1021    1058850.00000
   1022    1029365.00000
   1023    1090824.00000
   1024    1143674.00000
   1025    1137278.00000
   1026    1104920.00000
   1027    1121455.00000
   1028    1188496.00000
