      1     332767.60000
      2     351241.00000
      3     339250.00000
      4     323552.20000
      5     308481.40000
      6     305712.90000
      7     325084.40000
      8     327085.20000
      9     291333.50000
     10     278897.10000
     11     335978.60000
     12     390145.60000
     13     367547.80000
     14     322621.90000
     15     313832.40000
     16     318187.40000
     17     323550.20000
     18     333511.40000
     19     330807.40000
     20     322538.20000
     21     331013.00000
     22     354932.40000
     23     379324.20000
     24     373598.40000
     25     330069.20000
     26     300841.60000
     27     310705.00000
     28     331071.80000
     29     366363.10000
     30     404195.20000
     31     369722.00000
     32     291929.20000
     33     283740.80000
     34     316460.80000
     35     310267.00000
     36     300772.90000
     37     326678.20000
     38     346951.10000
     39     323141.40000
     40     315023.40000
     41     386571.40000
     42     448888.10000
     43     412236.20000
     44     337678.80000
     45     299080.90000
     46     300775.70000
     47     309658.80000
     48     300522.50000
     49     302506.80000
     50     333285.10000
     51     358945.20000
     52     370155.00000
     53     376982.90000
     54     375195.90000
     55     370654.70000
     56     368362.50000
     57     370391.80000
     58     378834.10000
     59     363562.40000
     60     324002.60000
     61     350236.40000
     62     454465.10000
     63     486408.90000
     64     424318.40000
     65     422295.90000
     66     469538.10000
     67     462138.60000
     68     459014.60000
     69     504583.90000
     70     517832.60000
     71     477480.10000
     72     447404.60000
     73     446955.40000
     74     457692.90000
     75     488581.80000
     76     529976.00000
     77     544351.80000
     78     551195.00000
     79     584079.90000
     80     628982.90000
     81     699956.40000
     82     796829.00000
     83     850294.80000
     84     864659.40000
     85     908229.80000
     86     989106.40000
     87    1083640.00000
     88    1158342.00000
     89    1183116.00000
     90    1191570.00000
     91    1246794.00000
     92    1349482.00000
     93    1470016.00000
     94    1623362.00000
     95    1846652.00000
     96    2190868.00000
     97    2661601.00000
     98    3214933.00000
     99    3935144.00000
    100    5067670.00000
    101    6867595.00000
    102    9236083.00000
    103    11255180.00000
    104    11610560.00000
    105    10039750.00000
    106    7704355.00000
    107    5735716.00000
    108    4460598.00000
    109    3782866.00000
    110    3593100.00000
    111    3901401.00000
    112    4933474.00000
    113    8919561.00000
    114    17279090.00000
    115    23163320.00000
    116    19063650.00000
    117    10027010.00000
    118    4638453.00000
    119    3012716.00000
    120    2322472.00000
    121    1910062.00000
    122    1667940.00000
    123    1546281.00000
    124    1538738.00000
    125    1622390.00000
    126    1741220.00000
    127    1671351.00000
    128    1402646.00000
    129    1156547.00000
    130    1026698.00000
    131     953059.40000
    132     901981.40000
    133     877301.70000
    134     837773.10000
    135     787649.30000
    136     769879.80000
    137     759376.10000
    138     720130.80000
    139     684689.20000
    140     685067.90000
    141     674320.60000
    142     616808.50000
    143     555393.40000
    144     543770.40000
    145     576721.80000
    146     605294.20000
    147     607952.10000
    148     580707.40000
    149     535394.80000
    150     514169.00000
    151     527464.80000
    152     557873.40000
    153     585716.70000
    154     581918.40000
    155     562227.90000
    156     577596.60000
    157     605809.00000
    158     596649.40000
    159     582796.90000
    160     573314.50000
    161     532916.80000
    162     509555.80000
    163     532398.00000
    164     553957.80000
    165     583157.40000
    166     627765.40000
    167     631436.00000
    168     606792.10000
    169     607918.50000
    170     626976.50000
    171     666801.00000
    172     721443.00000
    173     729330.10000
    174     688777.10000
    175     677034.00000
    176     711576.20000
    177     717895.80000
    178     694411.00000
    179     726986.90000
    180     804860.90000
    181     863664.10000
    182     892239.80000
    183     897924.10000
    184     925927.80000
    185    1029795.00000
    186    1176488.00000
    187    1328408.00000
    188    1517556.00000
    189    1722493.00000
    190    1928022.00000
    191    2243714.00000
    192    2714011.00000
    193    3374088.00000
    194    4413422.00000
    195    6104158.00000
    196    9274895.00000
    197    14706000.00000
    198    20175880.00000
    199    21123980.00000
    200    16698630.00000
    201    10893710.00000
    202    6876581.00000
    203    4719479.00000
    204    3632143.00000
    205    3119066.00000
    206    2885275.00000
    207    2779754.00000
    208    2689335.00000
    209    2543787.00000
    210    2425918.00000
    211    2428564.00000
    212    2565416.00000
    213    2852771.00000
    214    3262395.00000
    215    3813774.00000
    216    4486475.00000
    217    5262703.00000
    218    6283804.00000
    219    8469640.00000
    220    14243360.00000
    221    22631100.00000
    222    26195160.00000
    223    21568540.00000
    224    15260520.00000
    225    14016900.00000
    226    18012180.00000
    227    21761000.00000
    228    19766310.00000
    229    13624930.00000
    230    8666328.00000
    231    6431222.00000
    232    5779644.00000
    233    5892581.00000
    234    6387502.00000
    235    7211892.00000
    236    8748872.00000
    237    12644820.00000
    238    20089900.00000
    239    28700020.00000
    240    34391570.00000
    241    33946780.00000
    242    26422280.00000
    243    16104570.00000
    244    8934186.00000
    245    5739880.00000
    246    4337892.00000
    247    3636684.00000
    248    3214002.00000
    249    2867894.00000
    250    2611052.00000
    251    2405847.00000
    252    2211862.00000
    253    2024860.00000
    254    1903059.00000
    255    1841394.00000
    256    1812855.00000
    257    1863015.00000
    258    1932632.00000
    259    1889825.00000
    260    1742702.00000
    261    1612461.00000
    262    1539122.00000
    263    1496201.00000
    264    1500078.00000
    265    1548276.00000
    266    1594308.00000
    267    1604834.00000
    268    1610266.00000
    269    1663616.00000
    270    1748276.00000
    271    1825461.00000
    272    1890987.00000
    273    1974212.00000
    274    2118724.00000
    275    2297986.00000
    276    2426388.00000
    277    2507425.00000
    278    2622052.00000
    279    2810173.00000
    280    3110616.00000
    281    3499935.00000
    282    3822570.00000
    283    4034078.00000
    284    4228239.00000
    285    4386058.00000
    286    4423106.00000
    287    4346395.00000
    288    4184040.00000
    289    3917976.00000
    290    3556146.00000
    291    3183094.00000
    292    2896390.00000
    293    2677843.00000
    294    2449170.00000
    295    2236310.00000
    296    2050984.00000
    297    1842045.00000
    298    1659222.00000
    299    1549226.00000
    300    1458874.00000
    301    1386293.00000
    302    1362594.00000
    303    1329621.00000
    304    1240743.00000
    305    1149771.00000
    306    1095098.00000
    307    1058152.00000
    308    1035339.00000
    309    1034462.00000
    310    1027791.00000
    311     991036.50000
    312     952999.00000
    313     926999.20000
    314     904935.90000
    315     901776.90000
    316     907335.10000
    317     907528.00000
    318     911075.20000
    319     906651.90000
    320     871200.60000
    321     819245.20000
    322     792883.90000
    323     786581.40000
    324     789252.30000
    325     820840.10000
    326     850794.20000
    327     845616.20000
    328     821212.10000
    329     804447.50000
    330     814119.00000
    331     815494.20000
    332     772543.40000
    333     740203.90000
    334     755083.10000
    335     754109.60000
    336     719998.00000
    337     714812.00000
    338     734931.80000
    339     726419.70000
    340     699863.50000
    341     720682.30000
    342     787784.00000
    343     806460.90000
    344     748493.20000
    345     697482.90000
    346     708567.20000
    347     732043.40000
    348     709436.70000
    349     682329.80000
    350     684916.70000
    351     678516.60000
    352     672685.90000
    353     702628.30000
    354     727192.50000
    355     693342.50000
    356     643663.90000
    357     645997.00000
    358     679996.20000
    359     704927.90000
    360     723296.90000
    361     730219.10000
    362     714213.90000
    363     702093.60000
    364     720021.70000
    365     740970.00000
    366     740213.20000
    367     724085.00000
    368     696303.00000
    369     668611.90000
    370     661543.50000
    371     681560.20000
    372     705787.10000
    373     702866.90000
    374     683089.10000
    375     684825.90000
    376     713306.80000
    377     730109.60000
    378     728026.10000
    379     749132.40000
    380     797943.10000
    381     852212.90000
    382     905371.30000
    383     918427.80000
    384     859232.60000
    385     784025.20000
    386     759680.00000
    387     760058.40000
    388     733366.40000
    389     695434.60000
    390     674495.20000
    391     666851.00000
    392     681701.90000
    393     712408.10000
    394     729643.40000
    395     748206.90000
    396     761460.50000
    397     729155.60000
    398     704565.50000
    399     740457.10000
    400     766576.80000
    401     745571.20000
    402     728394.00000
    403     719491.40000
    404     704889.60000
    405     707813.60000
    406     712091.80000
    407     702411.50000
    408     721705.10000
    409     761421.60000
    410     760124.40000
    411     731477.00000
    412     726824.70000
    413     733221.50000
    414     723732.40000
    415     713675.10000
    416     721065.40000
    417     741290.20000
    418     757313.20000
    419     766257.80000
    420     773272.80000
    421     767278.10000
    422     757614.90000
    423     753504.80000
    424     733621.20000
    425     727321.90000
    426     762857.40000
    427     771576.80000
    428     739271.80000
    429     744903.70000
    430     774144.40000
    431     759691.80000
    432     733750.90000
    433     760446.20000
    434     792968.90000
    435     744023.90000
    436     690036.10000
    437     733429.80000
    438     775692.20000
    439     739206.40000
    440     712798.80000
    441     757617.80000
    442     827693.60000
    443     848711.90000
    444     818105.60000
    445     810251.00000
    446     851524.90000
    447     884390.00000
    448     883354.00000
    449     887029.60000
    450     900219.60000
    451     899247.60000
    452     887642.60000
    453     874674.20000
    454     884975.50000
    455     941131.60000
    456     999335.10000
    457     998529.90000
    458     970779.90000
    459     993801.80000
    460    1058509.00000
    461    1114125.00000
    462    1158368.00000
    463    1201736.00000
    464    1241710.00000
    465    1269533.00000
    466    1291275.00000
    467    1337389.00000
    468    1400593.00000
    469    1444582.00000
    470    1492444.00000
    471    1579756.00000
    472    1681616.00000
    473    1786884.00000
    474    1926724.00000
    475    2093070.00000
    476    2248967.00000
    477    2404899.00000
    478    2588392.00000
    479    2806291.00000
    480    3070223.00000
    481    3356309.00000
    482    3664298.00000
    483    4078335.00000
    484    4585910.00000
    485    5106454.00000
    486    5649184.00000
    487    6159112.00000
    488    6471796.00000
    489    6499758.00000
    490    6270609.00000
    491    5824948.00000
    492    5214766.00000
    493    4564096.00000
    494    3951846.00000
    495    3364188.00000
    496    2848128.00000
    497    2473872.00000
    498    2220341.00000
    499    2037987.00000
    500    1881265.00000
    501    1714631.00000
    502    1570004.00000
    503    1484279.00000
    504    1425291.00000
    505    1357056.00000
    506    1278311.00000
    507    1212656.00000
    508    1180505.00000
    509    1174166.00000
    510    1177205.00000
    511    1161668.00000
    512    1127788.00000
    513    1100277.00000
    514    1061625.00000
    515    1027054.00000
    516    1035033.00000
    517    1050319.00000
    518    1048250.00000
    519    1061040.00000
    520    1098366.00000
    521    1123744.00000
    522    1106000.00000
    523    1077594.00000
    524    1095322.00000
    525    1142466.00000
    526    1159856.00000
    527    1143478.00000
    528    1126758.00000
    529    1133160.00000
    530    1159517.00000
    531    1181733.00000
    532    1213868.00000
    533    1273702.00000
    534    1318642.00000
    535    1334048.00000
    536    1361037.00000
    537    1398374.00000
    538    1431942.00000
    539    1504517.00000
    540    1617965.00000
    541    1710356.00000
    542    1781637.00000
    543    1866365.00000
    544    1967052.00000
    545    2109718.00000
    546    2327862.00000
    547    2631860.00000
    548    3083775.00000
    549    3805412.00000
    550    4910134.00000
    551    6370190.00000
    552    7716428.00000
    553    8135070.00000
    554    7288910.00000
    555    5735593.00000
    556    4273802.00000
    557    3246857.00000
    558    2595135.00000
    559    2165884.00000
    560    1836966.00000
    561    1580726.00000
    562    1421376.00000
    563    1325036.00000
    564    1244339.00000
    565    1171623.00000
    566    1106304.00000
    567    1049337.00000
    568     998656.80000
    569     952428.00000
    570     938125.80000
    571     955214.10000
    572     940244.40000
    573     888610.10000
    574     864305.80000
    575     867774.40000
    576     849470.60000
    577     820423.80000
    578     831019.20000
    579     839100.10000
    580     793933.00000
    581     771434.30000
    582     794328.20000
    583     802990.60000
    584     819359.00000
    585     842854.50000
    586     815560.90000
    587     768882.80000
    588     771050.10000
    589     811316.80000
    590     840318.60000
    591     834950.10000
    592     807582.20000
    593     778664.50000
    594     748341.30000
    595     743330.50000
    596     800086.60000
    597     847373.90000
    598     802189.40000
    599     746294.40000
    600     771422.50000
    601     803494.20000
    602     788066.70000
    603     778206.80000
    604     766207.00000
    605     741657.90000
    606     766834.30000
    607     818045.10000
    608     821246.30000
    609     804558.10000
    610     803658.20000
    611     792352.30000
    612     786196.10000
    613     806999.10000
    614     818788.10000
    615     813177.90000
    616     804242.90000
    617     791775.90000
    618     778253.40000
    619     744017.30000
    620     708038.60000
    621     737276.40000
    622     800560.80000
    623     816619.20000
    624     803127.20000
    625     785728.80000
    626     751005.70000
    627     738657.70000
    628     759282.30000
    629     766246.70000
    630     767302.80000
    631     778337.20000
    632     784518.50000
    633     789747.80000
    634     794312.10000
    635     789623.80000
    636     797115.70000
    637     821011.20000
    638     805486.10000
    639     753895.40000
    640     736195.10000
    641     737698.70000
    642     739803.20000
    643     787171.40000
    644     833847.90000
    645     815043.60000
