      1     125703.80000
      2     168486.20000
      3     141254.90000
      4      53180.75000
      5      24367.38000
      6      25280.44000
      7      18474.72000
      8      93999.22000
      9     129308.50000
     10      21200.12000
     11      -7080.21900
     12      45110.25000
     13      46769.09000
     14      66681.94000
     15      63204.41000
     16      42282.62000
     17      83950.72000
     18     101762.70000
     19      56880.59000
     20      50759.16000
     21     106781.30000
     22     158679.80000
     23     181269.80000
     24     162509.40000
     25      83194.53000
     26      47116.72000
     27      72267.56000
     28      41815.44000
     29      38755.19000
     30      61958.00000
     31      92871.16000
     32      74828.56000
     33     -12525.19000
     34      34462.25000
     35     171797.00000
     36     196547.80000
     37     115905.80000
     38      51494.94000
     39      76593.12000
     40     188119.50000
     41     186816.60000
     42      57530.81000
     43      46984.91000
     44     143103.10000
     45     172531.40000
     46     138681.30000
     47     149024.20000
     48     172777.20000
     49     100356.30000
     50      51907.28000
     51     100519.20000
     52     150119.80000
     53     193521.20000
     54     129681.90000
     55      51524.97000
     56     145684.60000
     57     236722.40000
     58     125008.60000
     59     -28639.81000
     60      43631.34000
     61     146864.40000
     62     136867.10000
     63     153551.00000
     64     179150.00000
     65     199327.30000
     66     200137.50000
     67     202367.80000
     68     169971.30000
     69     143058.20000
     70     185109.30000
     71     136612.00000
     72      48891.72000
     73      50342.44000
     74      98911.72000
     75     104023.90000
     76      80461.06000
     77      92094.59000
     78      70893.25000
     79       2011.43800
     80      -6200.75000
     81      82094.41000
     82     135043.90000
     83     121390.50000
     84     106322.90000
     85     104810.30000
     86     174497.80000
     87     255902.30000
     88     228338.70000
     89     137418.30000
     90      65141.25000
     91      55064.56000
     92     116495.80000
     93     124435.50000
     94     116801.00000
     95     146376.20000
     96      99414.62000
     97      71489.69000
     98      58190.31000
     99      47169.75000
    100     144802.00000
    101     238506.50000
    102     158525.10000
    103      56210.75000
    104     160295.20000
    105     275050.30000
    106     210806.90000
    107     110544.40000
    108      86527.00000
    109      81334.69000
    110      77758.25000
    111     111430.80000
    112     170431.80000
    113     175000.50000
    114     164237.80000
    115     202642.90000
    116     252066.20000
    117     255712.20000
    118     114299.10000
    119       9287.93800
    120      77732.44000
    121     162483.40000
    122     214128.80000
    123     220673.40000
    124     191215.40000
    125     194514.60000
    126     258614.70000
    127     304261.30000
    128     302310.20000
    129     340727.00000
    130     488444.20000
    131     620165.50000
    132     592549.50000
    133     566858.90000
    134     591584.50000
    135     620205.60000
    136     798390.10000
    137    1024635.00000
    138    1101399.00000
    139    1030830.00000
    140     845788.40000
    141     698999.80000
    142     679391.20000
    143     708502.80000
    144     763791.60000
    145     854976.40000
    146     927423.90000
    147     950009.60000
    148    1028306.00000
    149    1235962.00000
    150    1428175.00000
    151    1607779.00000
    152    1883468.00000
    153    2252202.00000
    154    2660883.00000
    155    3027116.00000
    156    3451239.00000
    157    4120388.00000
    158    5253214.00000
    159    7034881.00000
    160    9288474.00000
    161    12146240.00000
    162    16322450.00000
    163    21957220.00000
    164    27705230.00000
    165    30858640.00000
    166    29464470.00000
    167    24531230.00000
    168    18801660.00000
    169    14158330.00000
    170    10919800.00000
    171    8724134.00000
    172    7241414.00000
    173    6299086.00000
    174    5794556.00000
    175    5739763.00000
    176    6447770.00000
    177    8583112.00000
    178    13996200.00000
    179    30013760.00000
    180    63811910.00000
    181    89053540.00000
    182    72981070.00000
    183    38741460.00000
    184    18839790.00000
    185    11146170.00000
    186    7511146.00000
    187    5432162.00000
    188    4259914.00000
    189    3599708.00000
    190    3033611.00000
    191    2570848.00000
    192    2238257.00000
    193    1981382.00000
    194    1873272.00000
    195    1886082.00000
    196    1817670.00000
    197    1679542.00000
    198    1533310.00000
    199    1401161.00000
    200    1365527.00000
    201    1314783.00000
    202    1165796.00000
    203    1121327.00000
    204    1199235.00000
    205    1231796.00000
    206    1165580.00000
    207    1063858.00000
    208     991338.20000
    209     905188.70000
    210     803169.00000
    211     790297.20000
    212     835960.10000
    213     804498.10000
    214     711051.50000
    215     644381.20000
    216     598164.20000
    217     554994.40000
    218     505879.40000
    219     433571.30000
    220     396178.40000
    221     448695.20000
    222     505950.00000
    223     575026.10000
    224     600446.60000
    225     526563.00000
    226     521573.40000
    227     547948.40000
    228     550608.00000
    229     547925.90000
    230     453933.10000
    231     355384.00000
    232     333158.00000
    233     289905.70000
    234     250036.60000
    235     312820.70000
    236     367822.60000
    237     380195.90000
    238     425549.90000
    239     409046.90000
    240     272420.20000
    241     204793.20000
    242     216363.80000
    243     248808.00000
    244     348911.90000
    245     332626.40000
    246     197997.30000
    247     163125.50000
    248     272709.00000
    249     323354.60000
    250     194121.80000
    251     168957.50000
    252     329697.60000
    253     360706.30000
    254     335785.20000
    255     352998.10000
    256     291856.50000
    257     295005.00000
    258     345403.10000
    259     333922.30000
    260     274214.10000
    261     214619.40000
    262     238814.10000
    263     212065.40000
    264     170428.90000
    265     161367.70000
    266     135180.50000
    267     186151.10000
    268     205544.90000
    269     199095.60000
    270     219507.90000
    271     210596.50000
    272     164437.20000
    273      81583.59000
    274     109211.50000
    275     214140.00000
    276     243627.30000
    277     237781.70000
    278     183006.10000
    279     207148.50000
    280     353130.80000
    281     387311.30000
    282     301123.90000
    283     191969.50000
    284     214112.10000
    285     337613.00000
    286     350425.50000
    287     324782.80000
    288     286507.00000
    289     223916.40000
    290     196432.40000
    291     215823.20000
    292     281508.40000
    293     305908.10000
    294     296633.90000
    295     351694.40000
    296     346315.80000
    297     308552.90000
    298     472956.80000
    299     696622.10000
    300     734337.50000
    301     691441.20000
    302     808312.40000
    303    1016066.00000
    304    1162855.00000
    305    1337064.00000
    306    1602469.00000
    307    1864397.00000
    308    2077572.00000
    309    2393240.00000
    310    2970325.00000
    311    3891038.00000
    312    5300137.00000
    313    7566146.00000
    314    11476350.00000
    315    18547600.00000
    316    30804590.00000
    317    46389200.00000
    318    55430690.00000
    319    50699450.00000
    320    37943850.00000
    321    25830900.00000
    322    17282210.00000
    323    11976060.00000
    324    8706764.00000
    325    6602035.00000
    326    5283043.00000
    327    4461776.00000
    328    3924400.00000
    329    3477876.00000
    330    3033266.00000
    331    2718290.00000
    332    2523960.00000
    333    2331033.00000
    334    2133347.00000
    335    1962400.00000
    336    1898780.00000
    337    1921934.00000
    338    1894779.00000
    339    1799056.00000
    340    1759317.00000
    341    1854750.00000
    342    2091320.00000
    343    2456292.00000
    344    2924880.00000
    345    3449420.00000
    346    3909662.00000
    347    4406568.00000
    348    5117262.00000
    349    6225807.00000
    350    8639036.00000
    351    14182440.00000
    352    27871540.00000
    353    54841050.00000
    354    76229940.00000
    355    67625430.00000
    356    45586790.00000
    357    32013840.00000
    358    24311170.00000
    359    21041570.00000
    360    24565390.00000
    361    36673950.00000
    362    54639490.00000
    363    63382760.00000
    364    54202090.00000
    365    38272000.00000
    366    25846810.00000
    367    17618810.00000
    368    12776750.00000
    369    10213330.00000
    370    8828665.00000
    371    8112086.00000
    372    7869276.00000
    373    8032402.00000
    374    8431289.00000
    375    9172207.00000
    376    10639050.00000
    377    13476950.00000
    378    19039370.00000
    379    30327270.00000
    380    54161280.00000
    381    93888600.00000
    382    124758400.00000
    383    115522400.00000
    384    81120630.00000
    385    51864440.00000
    386    32865690.00000
    387    21347630.00000
    388    15179490.00000
    389    11664750.00000
    390    9435822.00000
    391    7911629.00000
    392    6857625.00000
    393    6053298.00000
    394    5344542.00000
    395    4788088.00000
    396    4441058.00000
    397    4128406.00000
    398    3786572.00000
    399    3570116.00000
    400    3386812.00000
    401    3209976.00000
    402    3184764.00000
    403    3125560.00000
    404    2948960.00000
    405    2768082.00000
    406    2606123.00000
    407    2461630.00000
    408    2374063.00000
    409    2249870.00000
    410    2108364.00000
    411    2045073.00000
    412    2015084.00000
    413    2049831.00000
    414    2057102.00000
    415    2036198.00000
    416    2031997.00000
    417    1969672.00000
    418    1860281.00000
    419    1751449.00000
    420    1702455.00000
    421    1644637.00000
    422    1538566.00000
    423    1484822.00000
    424    1478134.00000
    425    1481927.00000
    426    1526545.00000
    427    1536925.00000
    428    1482867.00000
    429    1446865.00000
    430    1438428.00000
    431    1427126.00000
    432    1373093.00000
    433    1293520.00000
    434    1228304.00000
    435    1194079.00000
    436    1182195.00000
    437    1173514.00000
    438    1187128.00000
    439    1190182.00000
    440    1190844.00000
    441    1169466.00000
    442    1055282.00000
    443    1006144.00000
    444    1054928.00000
    445    1050068.00000
    446    1017499.00000
    447     970410.00000
    448     989152.90000
    449    1090820.00000
    450    1168224.00000
    451    1176908.00000
    452    1068232.00000
    453     981563.80000
    454     977988.40000
    455     895311.00000
    456     856774.40000
    457     943578.10000
    458    1011290.00000
    459     999996.90000
    460     965300.80000
    461     936070.10000
    462     893728.10000
    463     902577.80000
    464     873221.60000
    465     851444.80000
    466     876779.60000
    467     871921.80000
    468     855283.40000
    469     851192.00000
    470     864203.00000
    471     836425.60000
    472     796891.30000
    473     816260.80000
    474     934254.10000
    475     964921.20000
    476     883398.40000
    477     878275.60000
    478     845918.40000
    479     827209.90000
    480     882063.40000
    481     874124.90000
    482     774294.70000
    483     705478.70000
    484     747467.40000
    485     827747.60000
    486     889939.90000
    487     869650.00000
    488     803012.70000
    489     762077.20000
    490     769461.80000
    491     793885.20000
    492     774702.60000
    493     751821.50000
    494     747449.90000
    495     754763.20000
    496     794857.00000
    497     786846.60000
    498     715045.50000
    499     686418.20000
    500     736873.70000
    501     790149.50000
    502     767211.90000
    503     767832.20000
    504     811536.40000
    505     821512.10000
    506     812580.90000
    507     753934.80000
    508     779473.80000
    509     852547.20000
    510     759292.20000
    511     739087.50000
    512     784613.80000
    513     748839.40000
    514     783040.50000
    515     766650.90000
    516     687238.50000
    517     757137.20000
    518     887889.10000
    519     847786.50000
    520     698327.40000
    521     646445.40000
    522     678148.70000
    523     736851.80000
    524     804184.40000
    525     872284.80000
    526     852253.00000
    527     736793.20000
    528     723947.30000
    529     785418.30000
    530     818569.00000
    531     847735.10000
    532     838553.60000
    533     799434.20000
    534     788465.30000
    535     817533.50000
    536     876984.10000
    537     896392.60000
    538     896934.80000
    539     924524.90000
    540     945595.10000
    541     949907.60000
    542     904115.20000
    543     958586.60000
    544    1009881.00000
    545     980070.00000
    546    1066649.00000
    547    1163706.00000
    548    1146160.00000
    549    1146349.00000
    550    1312018.00000
    551    1478151.00000
    552    1463245.00000
    553    1331286.00000
    554    1304672.00000
    555    1422580.00000
    556    1507876.00000
    557    1635040.00000
    558    1877819.00000
    559    2101021.00000
    560    2298433.00000
    561    2534326.00000
    562    2842242.00000
    563    3245824.00000
    564    3948106.00000
    565    4914228.00000
    566    5903911.00000
    567    7573051.00000
    568    11987740.00000
    569    25412420.00000
    570    57548690.00000
    571    88060210.00000
    572    81008500.00000
    573    51457600.00000
    574    29601910.00000
    575    16749530.00000
    576    9786233.00000
    577    6633654.00000
    578    4993060.00000
    579    4041203.00000
    580    3365212.00000
    581    2901651.00000
    582    2520406.00000
    583    2240956.00000
    584    2043513.00000
    585    1881600.00000
    586    1788569.00000
    587    1751943.00000
    588    1702899.00000
    589    1601327.00000
    590    1429520.00000
    591    1351444.00000
    592    1364416.00000
    593    1330069.00000
    594    1289640.00000
    595    1260802.00000
    596    1232659.00000
    597    1191956.00000
    598    1170027.00000
    599    1149661.00000
    600    1108138.00000
    601    1118035.00000
    602    1100984.00000
    603    1078174.00000
    604    1052321.00000
    605    1015988.00000
    606     989826.60000
    607     917632.10000
    608     872724.20000
    609     881936.10000
    610     872525.50000
    611     879100.90000
    612     910557.90000
    613     907920.50000
    614     911336.40000
    615     963072.00000
    616     967897.30000
    617     885981.10000
    618     837241.10000
    619     919231.80000
    620     979837.40000
    621     892225.10000
    622     844317.80000
    623     912868.40000
    624     914139.20000
    625     849680.10000
    626     839345.40000
    627     840119.40000
    628     830442.10000
    629     857247.40000
    630     931298.90000
    631     933472.50000
    632     824564.80000
    633     780245.40000
    634     788260.70000
    635     821792.20000
    636     878056.00000
    637     850610.70000
    638     830233.90000
    639     835495.20000
    640     816958.10000
    641     801369.80000
    642     771866.60000
    643     764832.10000
    644     787781.20000
    645     766042.80000
    646     710628.40000
    647     705663.10000
    648     773724.40000
    649     837922.20000
    650     814835.40000
    651     745488.50000
    652     721743.10000
    653     713736.90000
    654     717060.70000
    655     723120.70000
    656     730037.20000
    657     763191.30000
    658     780729.90000
    659     807319.80000
    660     812775.90000
    661     765213.80000
    662     729782.70000
    663     745321.80000
    664     770604.00000
    665     780718.60000
    666     753545.90000
    667     706208.10000
    668     737909.80000
    669     812788.10000
    670     785159.10000
    671     756444.70000
    672     811040.40000
    673     725879.90000
    674     639005.30000
    675     728901.40000
    676     757192.80000
    677     710223.90000
    678     795713.00000
    679     942516.10000
    680     988307.10000
    681     995395.60000
    682     999597.20000
    683     923784.80000
    684     867996.50000
    685     914287.50000
    686     907975.20000
    687     873449.90000
    688     869470.10000
    689     864414.20000
    690     827725.40000
    691     849556.60000
    692     969180.90000
    693     922879.80000
    694     851828.10000
    695     922676.80000
    696     949468.80000
    697     926818.70000
    698     855280.00000
    699     830327.20000
    700     898195.20000
    701     956956.70000
    702     988864.10000
    703     998292.80000
    704    1012390.00000
    705     984283.60000
    706     949823.20000
    707     964788.70000
    708     958427.60000
    709     938827.60000
    710     965719.80000
    711     988286.10000
    712     989274.80000
    713     990371.90000
    714     988111.40000
    715    1002473.00000
    716    1048596.00000
    717    1075289.00000
    718    1066601.00000
    719    1039173.00000
    720     974160.00000
    721    1005743.00000
    722    1094418.00000
    723    1104221.00000
    724    1177411.00000
    725    1320634.00000
    726    1372647.00000
    727    1339777.00000
    728    1364237.00000
    729    1477434.00000
    730    1582001.00000
    731    1693549.00000
    732    1854017.00000
    733    1964437.00000
    734    1950638.00000
    735    1980103.00000
    736    2149934.00000
    737    2263536.00000
    738    2240156.00000
    739    2208812.00000
    740    2278980.00000
    741    2386009.00000
    742    2350401.00000
    743    2258792.00000
    744    2270094.00000
    745    2325722.00000
    746    2352626.00000
    747    2379270.00000
    748    2440854.00000
    749    2429900.00000
    750    2372636.00000
    751    2481947.00000
    752    2691469.00000
    753    2768610.00000
    754    2821840.00000
    755    2957364.00000
    756    3014736.00000
    757    3042743.00000
    758    3170949.00000
    759    3349722.00000
    760    3482966.00000
    761    3593437.00000
    762    3797071.00000
    763    4057934.00000
    764    4348812.00000
    765    4602543.00000
    766    4678228.00000
    767    4743664.00000
    768    4884007.00000
    769    5020496.00000
    770    5248353.00000
    771    5573456.00000
    772    5977147.00000
    773    6413659.00000
    774    6905606.00000
    775    7576840.00000
    776    8315166.00000
    777    9053325.00000
    778    9824604.00000
    779    10599980.00000
    780    11337360.00000
    781    11880210.00000
    782    12162800.00000
    783    12176980.00000
    784    11883870.00000
    785    11356250.00000
    786    10585140.00000
    787    9628213.00000
    788    8708979.00000
    789    7931793.00000
    790    7176222.00000
    791    6424404.00000
    792    5764250.00000
    793    5189255.00000
    794    4745801.00000
    795    4396480.00000
    796    4138818.00000
    797    3917109.00000
    798    3627330.00000
    799    3368353.00000
    800    3210819.00000
    801    3079663.00000
    802    2827778.00000
    803    2577972.00000
    804    2534879.00000
    805    2543096.00000
    806    2463508.00000
    807    2343235.00000
    808    2221982.00000
    809    2193978.00000
    810    2260187.00000
    811    2331420.00000
    812    2407612.00000
    813    2466129.00000
    814    2470761.00000
    815    2457276.00000
    816    2402896.00000
    817    2330030.00000
    818    2357002.00000
    819    2484835.00000
    820    2554679.00000
    821    2461930.00000
    822    2364584.00000
    823    2317864.00000
    824    2277496.00000
    825    2297558.00000
    826    2310536.00000
    827    2293922.00000
    828    2327356.00000
    829    2392098.00000
    830    2512722.00000
    831    2707038.00000
    832    2901566.00000
    833    2994532.00000
    834    2961651.00000
    835    3005792.00000
    836    3155311.00000
    837    3274296.00000
    838    3390182.00000
    839    3582458.00000
    840    3906072.00000
    841    4398628.00000
    842    5042041.00000
    843    6002113.00000
    844    7517149.00000
    845    9613711.00000
    846    12843720.00000
    847    17846710.00000
    848    24527850.00000
    849    31426740.00000
    850    35079920.00000
    851    33209630.00000
    852    27719200.00000
    853    22022830.00000
    854    17511640.00000
    855    13867120.00000
    856    10793550.00000
    857    8379244.00000
    858    6604085.00000
    859    5310595.00000
    860    4506406.00000
    861    3973382.00000
    862    3457185.00000
    863    3067364.00000
    864    2769467.00000
    865    2508222.00000
    866    2341559.00000
    867    2197780.00000
    868    2019590.00000
    869    1853941.00000
    870    1792231.00000
    871    1832898.00000
    872    1806478.00000
    873    1689719.00000
    874    1593453.00000
    875    1526487.00000
    876    1496284.00000
    877    1532351.00000
    878    1536565.00000
    879    1472672.00000
    880    1432412.00000
    881    1366154.00000
    882    1351711.00000
    883    1400977.00000
    884    1356425.00000
    885    1307154.00000
    886    1335705.00000
    887    1342083.00000
    888    1268694.00000
    889    1218856.00000
    890    1255627.00000
    891    1238994.00000
    892    1130507.00000
    893    1080725.00000
    894    1111748.00000
    895    1123003.00000
    896    1049264.00000
    897     992748.30000
    898    1049249.00000
    899    1069185.00000
    900    1017002.00000
    901     965308.10000
    902     961556.20000
    903     998834.10000
    904    1040306.00000
    905    1028447.00000
    906     938205.00000
    907     913022.10000
    908     960602.30000
    909     998125.40000
    910     989620.00000
    911     974562.20000
    912    1019584.00000
    913    1059311.00000
    914    1008982.00000
    915     981819.40000
    916    1021160.00000
    917    1037068.00000
    918    1027067.00000
    919     965499.20000
    920     917996.50000
    921     950397.40000
    922    1017464.00000
    923    1050090.00000
    924    1002724.00000
    925     933528.60000
    926     880260.40000
    927     875378.30000
    928     935268.00000
    929     968371.20000
    930     937301.10000
    931     929865.20000
    932     967209.80000
    933     971299.20000
    934     966714.20000
    935     937054.00000
    936     934960.70000
    937     957916.40000
    938     912555.90000
    939     971658.70000
    940     989395.60000
    941     871711.90000
    942     878067.80000
    943     938911.50000
    944     960294.30000
    945     971037.90000
    946     962387.70000
    947     899849.20000
    948     834788.20000
    949     856746.20000
    950     888190.80000
    951     873223.00000
    952     837424.40000
    953     826782.90000
    954     850912.80000
    955     911805.40000
    956     983280.00000
    957     958809.90000
    958     869019.10000
    959     866510.00000
    960     949114.20000
    961     925829.60000
    962     851650.20000
    963     852638.20000
    964     845759.10000
    965     816235.90000
    966     821820.10000
    967     907795.60000
    968     974162.40000
    969     952854.40000
    970     908039.30000
    971     916945.40000
    972     966528.00000
    973     929829.10000
    974     852469.80000
    975     842345.90000
    976     872175.80000
    977     881245.00000
    978     878875.90000
    979     882280.40000
    980     907033.80000
    981     935221.00000
    982     852775.20000
    983     829734.00000
    984     935947.90000
    985     906824.40000
    986     812135.80000
    987     801915.40000
    988     849777.60000
    989     923013.50000
    990     877210.20000
    991     775884.70000
    992     838673.80000
    993     906475.10000
    994     875534.80000
    995     882330.10000
    996     890312.10000
    997     839953.10000
    998     785887.10000
    999     803160.00000
   1000     872826.10000
   1001     847964.90000
   1002     749331.90000
   1003     740501.80000
   1004     778760.80000
   1005     795219.30000
   1006     804090.40000
   1007     853767.40000
   1008     897540.80000
   1009     876940.70000
   1010     903515.00000
   1011     955675.00000
   1012     916626.40000
   1013     825022.80000
   1014     825252.70000
   1015     886492.60000
   1016     873467.50000
   1017     805230.80000
   1018     835577.90000
   1019     897746.60000
   1020     859270.90000
   1021     855561.80000
   1022     896272.50000
   1023     900374.70000
   1024     838371.90000
   1025     754660.60000
   1026     753762.60000
   1027     824841.90000
   1028     870516.80000
