      1     322091.80000
      2     343060.20000
      3     333767.80000
      4     277683.20000
      5     301064.80000
      6     344486.30000
      7     298807.20000
      8     267989.60000
      9     259399.70000
     10     241760.00000
     11     272691.30000
     12     299986.20000
     13     248552.90000
     14     234957.30000
     15     308732.20000
     16     336978.10000
     17     301423.40000
     18     277868.80000
     19     231192.80000
     20     167939.10000
     21     226862.30000
     22     345734.50000
     23     332906.40000
     24     255136.10000
     25     228597.60000
     26     234980.20000
     27     252481.70000
     28     280339.10000
     29     304561.20000
     30     322961.40000
     31     364705.10000
     32     386777.10000
     33     388909.40000
     34     397895.80000
     35     371056.50000
     36     379481.70000
     37     397365.30000
     38     356311.70000
     39     334357.90000
     40     301489.20000
     41     276947.60000
     42     278900.90000
     43     268169.00000
     44     299162.50000
     45     314192.10000
     46     300087.30000
     47     362245.60000
     48     423098.70000
     49     379223.10000
     50     310761.40000
     51     310790.80000
     52     325636.50000
     53     263708.50000
     54     249351.40000
     55     298841.90000
     56     307202.30000
     57     296183.40000
     58     306024.10000
     59     352736.90000
     60     318747.10000
     61     270481.40000
     62     288563.70000
     63     267537.00000
     64     253775.20000
     65     261049.00000
     66     208119.60000
     67     191459.00000
     68     320826.80000
     69     397328.30000
     70     285969.30000
     71     184716.50000
     72     264864.50000
     73     378821.90000
     74     340886.70000
     75     276067.90000
     76     342302.40000
     77     390268.20000
     78     332423.90000
     79     260899.80000
     80     231302.20000
     81     290386.10000
     82     360854.50000
     83     330000.30000
     84     263605.70000
     85     309131.10000
     86     342663.70000
     87     303248.80000
     88     281506.20000
     89     272811.50000
     90     337796.90000
     91     368675.00000
     92     300550.90000
     93     337334.10000
     94     354524.80000
     95     215989.90000
     96     191692.20000
     97     281171.10000
     98     265268.20000
     99     202520.30000
    100     270431.10000
    101     378622.80000
    102     343982.80000
    103     324913.40000
    104     365792.00000
    105     313378.10000
    106     314706.10000
    107     401173.10000
    108     385656.30000
    109     320076.80000
    110     305446.40000
    111     321616.40000
    112     368303.60000
    113     435969.10000
    114     456559.80000
    115     416536.80000
    116     381031.80000
    117     380799.20000
    118     350166.40000
    119     293661.80000
    120     323948.20000
    121     383885.70000
    122     366171.80000
    123     326997.30000
    124     344937.30000
    125     339194.40000
    126     350875.70000
    127     397344.60000
    128     376904.90000
    129     344372.80000
    130     291987.90000
    131     245031.50000
    132     281725.10000
    133     296304.60000
    134     313341.60000
    135     447389.80000
    136     507669.70000
    137     427494.90000
    138     388743.40000
    139     413143.90000
    140     407015.70000
    141     323846.50000
    142     323263.30000
    143     433518.80000
    144     448611.10000
    145     390835.60000
    146     432893.50000
    147     515329.00000
    148     448042.80000
    149     434849.00000
    150     494013.10000
    151     472796.80000
    152     489141.90000
    153     470125.10000
    154     424141.70000
    155     482448.60000
    156     660300.20000
    157     857803.20000
    158     823431.50000
    159     693622.80000
    160     658084.10000
    161     698072.90000
    162     837784.70000
    163    1106069.00000
    164    1631321.00000
    165    2048912.00000
    166    1858034.00000
    167    1407382.00000
    168    1113283.00000
    169    1004821.00000
    170    1049812.00000
    171    1142239.00000
    172    1220414.00000
    173    1304018.00000
    174    1401428.00000
    175    1515488.00000
    176    1724328.00000
    177    2126522.00000
    178    2624639.00000
    179    3187992.00000
    180    3972842.00000
    181    5197551.00000
    182    7461546.00000
    183    12175170.00000
    184    21647380.00000
    185    46118710.00000
    186    92006530.00000
    187    117789700.00000
    188    87774680.00000
    189    42525980.00000
    190    19442970.00000
    191    10841750.00000
    192    6854229.00000
    193    4673916.00000
    194    3406855.00000
    195    2727424.00000
    196    2250534.00000
    197    1842350.00000
    198    1543426.00000
    199    1342954.00000
    200    1231188.00000
    201    1210673.00000
    202    1287819.00000
    203    1390294.00000
    204    1355217.00000
    205    1084978.00000
    206     810585.10000
    207     745386.40000
    208     803358.80000
    209     772411.20000
    210     696487.20000
    211     756526.40000
    212     836294.20000
    213     864205.90000
    214     913482.40000
    215     956068.50000
    216     872641.20000
    217     734949.90000
    218     690904.90000
    219     619227.60000
    220     558031.40000
    221     583819.80000
    222     556107.90000
    223     502388.50000
    224     514399.70000
    225     532983.10000
    226     547560.10000
    227     588900.20000
    228     578676.50000
    229     585479.70000
    230     641310.80000
    231     604769.00000
    232     510756.90000
    233     478075.20000
    234     535293.50000
    235     587409.10000
    236     571885.40000
    237     541981.10000
    238     467414.80000
    239     372729.70000
    240     362753.90000
    241     391731.40000
    242     399766.00000
    243     388488.40000
    244     384516.60000
    245     395737.00000
    246     388443.90000
    247     398127.90000
    248     398964.30000
    249     394832.60000
    250     391482.50000
    251     391682.90000
    252     423944.20000
    253     451675.60000
    254     417067.60000
    255     364539.30000
    256     446964.10000
    257     538232.10000
    258     483012.10000
    259     500050.00000
    260     605397.80000
    261     570089.20000
    262     393544.10000
    263     321698.10000
    264     425057.20000
    265     523192.00000
    266     576200.80000
    267     564546.20000
    268     468843.70000
    269     398440.20000
    270     420461.80000
    271     393721.40000
    272     336784.20000
    273     464352.30000
    274     578455.90000
    275     536880.60000
    276     518967.60000
    277     540698.90000
    278     535740.60000
    279     485033.80000
    280     443452.80000
    281     476108.40000
    282     627982.40000
    283     732342.60000
    284     705348.40000
    285     688548.60000
    286     745837.10000
    287     863680.10000
    288     886131.00000
    289     799722.60000
    290     823887.40000
    291     913718.10000
    292     930694.50000
    293     960433.90000
    294    1038622.00000
    295    1125861.00000
    296    1219647.00000
    297    1278366.00000
    298    1372710.00000
    299    1560808.00000
    300    1725633.00000
    301    1998402.00000
    302    2584224.00000
    303    3267181.00000
    304    3713794.00000
    305    3890978.00000
    306    4105526.00000
    307    4618260.00000
    308    5569806.00000
    309    6985595.00000
    310    8608488.00000
    311    10618210.00000
    312    13854380.00000
    313    19648010.00000
    314    30096540.00000
    315    47154990.00000
    316    66322380.00000
    317    74167640.00000
    318    64666100.00000
    319    47423300.00000
    320    32413970.00000
    321    22213580.00000
    322    15923180.00000
    323    12187920.00000
    324    10037920.00000
    325    8883951.00000
    326    8423333.00000
    327    8336682.00000
    328    8290930.00000
    329    8150734.00000
    330    8115330.00000
    331    8531553.00000
    332    9377892.00000
    333    10457150.00000
    334    11575680.00000
    335    12697360.00000
    336    14140060.00000
    337    16542090.00000
    338    20945000.00000
    339    28965630.00000
    340    44775650.00000
    341    81144330.00000
    342    135244900.00000
    343    161934500.00000
    344    140614100.00000
    345    105804500.00000
    346    78418570.00000
    347    59171150.00000
    348    53203560.00000
    349    68517800.00000
    350    100028900.00000
    351    109784800.00000
    352    82966660.00000
    353    53829750.00000
    354    37407410.00000
    355    25889720.00000
    356    18545210.00000
    357    14845480.00000
    358    12987880.00000
    359    12213590.00000
    360    12479000.00000
    361    13972660.00000
    362    17267970.00000
    363    23383970.00000
    364    34915730.00000
    365    61734920.00000
    366    120144200.00000
    367    181308600.00000
    368    178184100.00000
    369    122918000.00000
    370    75686580.00000
    371    46452550.00000
    372    27986920.00000
    373    18595880.00000
    374    13769270.00000
    375    10867340.00000
    376    8935466.00000
    377    7705572.00000
    378    6848078.00000
    379    6156996.00000
    380    5538680.00000
    381    5048711.00000
    382    4640008.00000
    383    4240838.00000
    384    3945158.00000
    385    3765984.00000
    386    3576133.00000
    387    3307619.00000
    388    3039250.00000
    389    2919806.00000
    390    2866609.00000
    391    2753602.00000
    392    2574294.00000
    393    2413480.00000
    394    2302047.00000
    395    2223881.00000
    396    2156568.00000
    397    2047820.00000
    398    1929127.00000
    399    1872610.00000
    400    1774494.00000
    401    1664740.00000
    402    1607762.00000
    403    1602073.00000
    404    1678410.00000
    405    1725872.00000
    406    1743862.00000
    407    1772701.00000
    408    1713773.00000
    409    1638202.00000
    410    1623708.00000
    411    1628059.00000
    412    1607214.00000
    413    1561450.00000
    414    1529203.00000
    415    1534924.00000
    416    1582734.00000
    417    1607745.00000
    418    1583077.00000
    419    1518067.00000
    420    1442346.00000
    421    1443622.00000
    422    1435543.00000
    423    1377646.00000
    424    1332179.00000
    425    1251714.00000
    426    1180533.00000
    427    1124902.00000
    428    1054898.00000
    429    1054768.00000
    430    1119438.00000
    431    1100013.00000
    432    1114777.00000
    433    1169130.00000
    434    1118170.00000
    435    1147492.00000
    436    1223263.00000
    437    1189324.00000
    438    1182697.00000
    439    1215627.00000
    440    1205307.00000
    441    1166230.00000
    442    1124239.00000
    443    1056322.00000
    444     992318.00000
    445    1005069.00000
    446    1040621.00000
    447     997384.10000
    448     899840.40000
    449     838971.80000
    450     861772.70000
    451     915206.50000
    452     928456.40000
    453     980134.00000
    454    1058104.00000
    455    1098345.00000
    456    1052310.00000
    457     967277.90000
    458     977096.90000
    459     946880.80000
    460     854506.80000
    461     891559.00000
    462     991993.60000
    463    1028104.00000
    464     960703.90000
    465     876560.70000
    466     849017.80000
    467     831201.60000
    468     865303.10000
    469     885026.80000
    470     872568.00000
    471     932717.90000
    472     935882.50000
    473     883861.40000
    474     893001.60000
    475     880889.50000
    476     866733.40000
    477     886616.20000
    478     888338.30000
    479     893685.00000
    480     925605.80000
    481     933559.50000
    482     873598.50000
    483     853429.40000
    484     903295.00000
    485     924752.90000
    486     897824.10000
    487     854077.40000
    488     881707.80000
    489     903057.00000
    490     887995.00000
    491     896317.50000
    492     855018.20000
    493     857771.60000
    494     909870.40000
    495     872856.90000
    496     819258.10000
    497     871504.90000
    498     912932.80000
    499     885948.20000
    500     924545.00000
    501     992136.60000
    502    1032374.00000
    503    1020071.00000
    504     998412.90000
    505    1013120.00000
    506     983486.20000
    507     951165.90000
    508    1035904.00000
    509    1103934.00000
    510    1045116.00000
    511     957614.30000
    512     890230.80000
    513     914422.80000
    514     960261.10000
    515     906040.40000
    516     873268.50000
    517     933598.90000
    518     993761.50000
    519    1015916.00000
    520     947683.60000
    521     855161.40000
    522     848229.70000
    523     982530.60000
    524    1133230.00000
    525    1109327.00000
    526    1086542.00000
    527    1129049.00000
    528    1152078.00000
    529    1162425.00000
    530    1113698.00000
    531    1083676.00000
    532    1086160.00000
    533    1053207.00000
    534    1066719.00000
    535    1104749.00000
    536    1114786.00000
    537    1086314.00000
    538    1064137.00000
    539    1157933.00000
    540    1302758.00000
    541    1381737.00000
    542    1444927.00000
    543    1510892.00000
    544    1555687.00000
    545    1608686.00000
    546    1734574.00000
    547    1921745.00000
    548    2157113.00000
    549    2510337.00000
    550    2990044.00000
    551    3595865.00000
    552    4356210.00000
    553    4983613.00000
    554    5236110.00000
    555    5673342.00000
    556    6755496.00000
    557    7724802.00000
    558    8399758.00000
    559    9912621.00000
    560    13967190.00000
    561    24004060.00000
    562    50666180.00000
    563    92997900.00000
    564    110763300.00000
    565    85173640.00000
    566    51616930.00000
    567    30157050.00000
    568    17130080.00000
    569    10612720.00000
    570    7604046.00000
    571    5868143.00000
    572    4761683.00000
    573    4132791.00000
    574    3663308.00000
    575    3256754.00000
    576    2942125.00000
    577    2643214.00000
    578    2358206.00000
    579    2098294.00000
    580    1906502.00000
    581    1785656.00000
    582    1632168.00000
    583    1548680.00000
    584    1533292.00000
    585    1443532.00000
    586    1356715.00000
    587    1370648.00000
    588    1388913.00000
    589    1286484.00000
    590    1198850.00000
    591    1194416.00000
    592    1177018.00000
    593    1262162.00000
    594    1467030.00000
    595    1617143.00000
    596    1587130.00000
    597    1385771.00000
    598    1138915.00000
    599    1058819.00000
    600    1081303.00000
    601    1042168.00000
    602     992683.30000
    603     905177.90000
    604     910449.60000
    605    1012074.00000
    606     952663.40000
    607     839524.00000
    608     804711.40000
    609     818085.80000
    610     881202.00000
    611     874466.40000
    612     895457.60000
    613     932947.00000
    614     887751.60000
    615     867851.20000
    616     822597.40000
    617     825954.40000
    618     909313.50000
    619     848400.90000
    620     769552.40000
    621     801983.10000
    622     875079.10000
    623     925521.00000
    624     891491.00000
    625     850260.20000
    626     846038.00000
    627     825900.50000
    628     774698.50000
    629     762831.60000
    630     769009.90000
    631     688744.60000
    632     667660.40000
    633     783570.50000
    634     840481.50000
    635     808434.10000
    636     825423.50000
    637     825365.10000
    638     752929.30000
    639     749439.30000
    640     755588.90000
    641     785288.30000
    642     846104.20000
    643     806463.50000
    644     776241.40000
    645     828590.60000
    646     874235.20000
    647     897145.90000
    648     920633.90000
    649     898876.80000
    650     871410.00000
    651     906682.00000
    652     886651.80000
    653     876319.10000
    654     916609.90000
    655     915291.40000
    656     935520.10000
    657     906458.10000
    658     838230.10000
    659     887418.20000
    660     916559.90000
    661     932985.10000
    662    1021902.00000
    663     993996.00000
    664     928466.60000
    665     989468.00000
    666    1120005.00000
    667    1157926.00000
    668    1099768.00000
    669    1061606.00000
    670    1059136.00000
    671    1131042.00000
    672    1238218.00000
    673    1343621.00000
    674    1396926.00000
    675    1341470.00000
    676    1274622.00000
    677    1214804.00000
    678    1136576.00000
    679    1083678.00000
    680    1077935.00000
    681    1041135.00000
    682    1046189.00000
    683    1088988.00000
    684    1073793.00000
    685    1120661.00000
    686    1181197.00000
    687    1153013.00000
    688    1148880.00000
    689    1201299.00000
    690    1206189.00000
    691    1195552.00000
    692    1180404.00000
    693    1218173.00000
    694    1263958.00000
    695    1209217.00000
    696    1203840.00000
    697    1227921.00000
    698    1240602.00000
    699    1234826.00000
    700    1198047.00000
    701    1198551.00000
    702    1186882.00000
    703    1158033.00000
    704    1133437.00000
    705    1147339.00000
    706    1224872.00000
    707    1312966.00000
    708    1303053.00000
    709    1271133.00000
    710    1299555.00000
    711    1289606.00000
    712    1327089.00000
    713    1379100.00000
    714    1349265.00000
    715    1336314.00000
    716    1375228.00000
    717    1492858.00000
    718    1634764.00000
    719    1673130.00000
    720    1671548.00000
    721    1748274.00000
    722    1817692.00000
    723    1818130.00000
    724    1868531.00000
    725    1999706.00000
    726    2085795.00000
    727    2157909.00000
    728    2240899.00000
    729    2297195.00000
    730    2389463.00000
    731    2485319.00000
    732    2580414.00000
    733    2739730.00000
    734    3063085.00000
    735    3441171.00000
    736    3764778.00000
    737    3925762.00000
    738    3866114.00000
    739    3858140.00000
    740    3859635.00000
    741    3771606.00000
    742    3738329.00000
    743    3821561.00000
    744    3904940.00000
    745    3913092.00000
    746    4009917.00000
    747    4175134.00000
    748    4321880.00000
    749    4455704.00000
    750    4517424.00000
    751    4567618.00000
    752    4689784.00000
    753    4767640.00000
    754    4776804.00000
    755    4848641.00000
    756    4999251.00000
    757    5143365.00000
    758    5230910.00000
    759    5400546.00000
    760    5729291.00000
    761    6072069.00000
    762    6400536.00000
    763    6854670.00000
    764    7411776.00000
    765    7964181.00000
    766    8665426.00000
    767    9626837.00000
    768    10599150.00000
    769    11558140.00000
    770    12655640.00000
    771    13791080.00000
    772    14915320.00000
    773    16000670.00000
    774    16851040.00000
    775    17356190.00000
    776    17407030.00000
    777    16916780.00000
    778    16134430.00000
    779    15111550.00000
    780    13732730.00000
    781    12270750.00000
    782    10986960.00000
    783    9986400.00000
    784    9298940.00000
    785    8889382.00000
    786    8374692.00000
    787    7506074.00000
    788    6768681.00000
    789    6556006.00000
    790    6722340.00000
    791    6798348.00000
    792    6511650.00000
    793    5978691.00000
    794    5522800.00000
    795    5327194.00000
    796    5367402.00000
    797    5559981.00000
    798    6014008.00000
    799    6978756.00000
    800    8763740.00000
    801    12181730.00000
    802    19639890.00000
    803    37931420.00000
    804    72567670.00000
    805    100796800.00000
    806    89963520.00000
    807    56046170.00000
    808    34574030.00000
    809    27938150.00000
    810    23011740.00000
    811    16001280.00000
    812    10600080.00000
    813    7943532.00000
    814    6460770.00000
    815    5470437.00000
    816    4752108.00000
    817    4188058.00000
    818    3744182.00000
    819    3384065.00000
    820    3092824.00000
    821    2910014.00000
    822    2872860.00000
    823    2830000.00000
    824    2685655.00000
    825    2605834.00000
    826    2575868.00000
    827    2445544.00000
    828    2297662.00000
    829    2202952.00000
    830    2064118.00000
    831    1958399.00000
    832    1908115.00000
    833    1787885.00000
    834    1652758.00000
    835    1647039.00000
    836    1736299.00000
    837    1750983.00000
    838    1672824.00000
    839    1573820.00000
    840    1455792.00000
    841    1375634.00000
    842    1351080.00000
    843    1386795.00000
    844    1447284.00000
    845    1463219.00000
    846    1449595.00000
    847    1416013.00000
    848    1383945.00000
    849    1396427.00000
    850    1373510.00000
    851    1238030.00000
    852    1191588.00000
    853    1316233.00000
    854    1385288.00000
    855    1364504.00000
    856    1366398.00000
    857    1279135.00000
    858    1166557.00000
    859    1197488.00000
    860    1197196.00000
    861    1129554.00000
    862    1139272.00000
    863    1211942.00000
    864    1208830.00000
    865    1152258.00000
    866    1174371.00000
    867    1300520.00000
    868    1358727.00000
    869    1225211.00000
    870    1158630.00000
    871    1108800.00000
    872    1024951.00000
    873    1103415.00000
    874    1181473.00000
    875    1155159.00000
    876    1095382.00000
    877    1036733.00000
    878    1040405.00000
    879    1102066.00000
    880    1137649.00000
    881    1115194.00000
    882    1090248.00000
    883    1069552.00000
    884    1038122.00000
    885    1061021.00000
    886    1109340.00000
    887    1073120.00000
    888     995135.00000
    889    1035884.00000
    890    1116495.00000
    891    1092558.00000
    892    1095471.00000
    893    1095470.00000
    894    1051880.00000
    895    1091656.00000
    896    1117089.00000
    897    1121934.00000
    898    1190565.00000
    899    1159868.00000
    900    1071280.00000
    901    1076450.00000
    902    1044746.00000
    903    1051506.00000
    904    1026079.00000
    905     922627.80000
    906     962201.40000
    907    1007618.00000
    908     996012.60000
    909     960136.00000
    910     891510.60000
    911     923370.80000
    912    1006289.00000
    913    1007789.00000
    914    1038518.00000
    915    1038566.00000
    916     977946.50000
    917     988165.60000
    918     988777.30000
    919     939755.20000
    920     889173.40000
    921     922919.50000
    922     945663.40000
    923     884129.20000
    924     910434.30000
    925     985767.10000
    926     986648.20000
    927     990493.50000
    928    1029358.00000
    929    1007976.00000
    930     969073.40000
    931     988079.80000
    932    1032539.00000
    933    1065956.00000
    934    1046102.00000
    935     949149.30000
    936     919148.70000
    937     997496.40000
    938    1030406.00000
    939    1063600.00000
    940    1076172.00000
    941    1004403.00000
    942     946729.90000
    943     950888.90000
    944     960758.60000
    945     949935.90000
    946    1006002.00000
    947    1072623.00000
    948    1064390.00000
    949    1032711.00000
    950    1036369.00000
    951    1052453.00000
    952    1030359.00000
    953    1004583.00000
    954    1008209.00000
    955    1006393.00000
    956     967469.10000
    957     926534.70000
    958     940268.90000
    959    1008236.00000
    960    1029555.00000
    961    1052141.00000
    962    1117976.00000
    963    1071506.00000
    964    1014685.00000
    965    1036450.00000
    966     945210.80000
    967     921223.40000
    968    1029270.00000
    969     981120.50000
    970     897900.70000
    971    1003248.00000
    972    1139060.00000
    973    1116661.00000
    974    1066194.00000
    975    1046002.00000
    976    1058618.00000
    977    1091092.00000
    978    1064875.00000
    979    1068133.00000
    980    1069902.00000
    981    1030698.00000
    982    1049530.00000
    983    1037876.00000
    984    1023677.00000
    985    1091338.00000
    986    1088396.00000
    987    1022450.00000
    988    1019773.00000
    989    1037216.00000
    990    1036763.00000
    991    1064178.00000
    992    1039303.00000
    993     973031.90000
    994     982902.70000
    995    1019126.00000
    996    1055593.00000
    997    1048829.00000
    998    1027046.00000
    999    1047255.00000
   1000    1002534.00000
   1001     957102.40000
   1002    1034273.00000
   1003    1107952.00000
   1004    1043388.00000
   1005     973810.50000
   1006    1000932.00000
   1007    1027618.00000
   1008     962314.50000
   1009     912602.80000
   1010    1023693.00000
   1011    1099683.00000
   1012    1046552.00000
   1013     998538.90000
   1014     882379.90000
   1015     819302.20000
   1016     925729.10000
   1017     988204.20000
   1018     988385.50000
   1019     972833.60000
   1020     911213.40000
   1021     862674.20000
   1022     928137.10000
   1023    1030477.00000
   1024    1004997.00000
   1025     973322.10000
   1026     997727.20000
   1027     942257.70000
