      1     262119.80000
      2     239486.20000
      3     213832.90000
      4     187987.00000
      5     188327.80000
      6     209819.10000
      7     239483.50000
      8     282376.40000
      9     322897.90000
     10     331777.60000
     11     312817.40000
     12     288153.60000
     13     261692.20000
     14     248043.40000
     15     267211.80000
     16     287468.20000
     17     281658.60000
     18     289946.80000
     19     326757.60000
     20     323840.20000
     21     253036.50000
     22     187192.40000
     23     176174.50000
     24     194695.00000
     25     220371.50000
     26     249617.50000
     27     274892.50000
     28     291333.20000
     29     298810.20000
     30     300372.20000
     31     296951.50000
     32     283805.20000
     33     262072.50000
     34     249607.60000
     35     269656.40000
     36     298390.90000
     37     290805.50000
     38     273921.10000
     39     281479.40000
     40     287455.80000
     41     282452.90000
     42     269836.60000
     43     253425.50000
     44     255026.00000
     45     263326.90000
     46     266224.00000
     47     283149.50000
     48     301718.20000
     49     303197.10000
     50     290628.80000
     51     258332.10000
     52     234345.90000
     53     258754.20000
     54     297708.50000
     55     309728.80000
     56     303174.80000
     57     295740.50000
     58     303012.50000
     59     314208.00000
     60     315558.50000
     61     330813.00000
     62     358278.20000
     63     365909.80000
     64     348165.20000
     65     320497.00000
     66     296662.20000
     67     289383.80000
     68     319864.00000
     69     391453.50000
     70     446557.80000
     71     432487.20000
     72     392366.50000
     73     372951.00000
     74     361730.00000
     75     376180.00000
     76     406102.50000
     77     405690.00000
     78     413664.00000
     79     439751.50000
     80     422984.00000
     81     407501.80000
     82     460671.20000
     83     501122.00000
     84     456443.00000
     85     416747.50000
     86     464440.50000
     87     567499.20000
     88     670157.00000
     89     727115.50000
     90     747607.80000
     91     810624.50000
     92     914789.00000
     93     968225.00000
     94     962490.00000
     95     950518.50000
     96     941402.00000
     97     938662.20000
     98     966163.20000
     99    1056089.00000
    100    1218884.00000
    101    1417432.00000
    102    1574398.00000
    103    1635793.00000
    104    1654808.00000
    105    1724803.00000
    106    1856363.00000
    107    1943827.00000
    108    1955970.00000
    109    2056234.00000
    110    2313360.00000
    111    2676491.00000
    112    3198842.00000
    113    4225212.00000
    114    5939930.00000
    115    7614981.00000
    116    8763928.00000
    117    10337530.00000
    118    15306970.00000
    119    26153660.00000
    120    35853570.00000
    121    32590640.00000
    122    19306610.00000
    123    9023876.00000
    124    5053698.00000
    125    3489536.00000
    126    2676832.00000
    127    2217244.00000
    128    1804372.00000
    129    1495460.00000
    130    1269847.00000
    131    1102031.00000
    132     980967.70000
    133     926527.40000
    134     941459.10000
    135     983897.50000
    136    1002490.00000
    137     966842.60000
    138     937338.40000
    139     928379.90000
    140     876814.40000
    141     779672.40000
    142     728868.50000
    143     766793.40000
    144     787452.20000
    145     746467.10000
    146     698558.00000
    147     645393.80000
    148     611713.50000
    149     626197.80000
    150     623760.50000
    151     600295.80000
    152     637974.00000
    153     700199.00000
    154     705980.50000
    155     682895.20000
    156     687453.00000
    157     717586.80000
    158     714154.00000
    159     668902.20000
    160     643136.20000
    161     649481.80000
    162     666210.80000
    163     684999.00000
    164     715308.80000
    165     758412.20000
    166     778062.20000
    167     775374.50000
    168     809323.00000
    169     880466.50000
    170     910078.50000
    171     888799.50000
    172     898312.00000
    173     955843.00000
    174    1032314.00000
    175    1136540.00000
    176    1263300.00000
    177    1375888.00000
    178    1450218.00000
    179    1495952.00000
    180    1545912.00000
    181    1613599.00000
    182    1706109.00000
    183    1843096.00000
    184    2020300.00000
    185    2233218.00000
    186    2485238.00000
    187    2770445.00000
    188    3131424.00000
    189    3599382.00000
    190    4190525.00000
    191    5012608.00000
    192    6071160.00000
    193    7229681.00000
    194    8730160.00000
    195    11144070.00000
    196    15152300.00000
    197    22123870.00000
    198    31831940.00000
    199    38947460.00000
    200    37966880.00000
    201    30839120.00000
    202    23450050.00000
    203    18222440.00000
    204    14592270.00000
    205    12189140.00000
    206    11026930.00000
    207    10893080.00000
    208    11662870.00000
    209    13626870.00000
    210    16662810.00000
    211    21786330.00000
    212    32309640.00000
    213    45961720.00000
    214    54325400.00000
    215    55960430.00000
    216    53995380.00000
    217    46981990.00000
    218    36446940.00000
    219    30105690.00000
    220    33852900.00000
    221    43971570.00000
    222    47312150.00000
    223    38230380.00000
    224    26153450.00000
    225    19455410.00000
    226    17904930.00000
    227    20458520.00000
    228    28626280.00000
    229    39757460.00000
    230    43916900.00000
    231    37648750.00000
    232    32242160.00000
    233    36375720.00000
    234    41658220.00000
    235    36653080.00000
    236    24562310.00000
    237    15215080.00000
    238    10709550.00000
    239    8366297.00000
    240    6859774.00000
    241    5751978.00000
    242    4947291.00000
    243    4463027.00000
    244    4155395.00000
    245    3927004.00000
    246    3707312.00000
    247    3525507.00000
    248    3373216.00000
    249    3145652.00000
    250    2873556.00000
    251    2680829.00000
    252    2598738.00000
    253    2567214.00000
    254    2553794.00000
    255    2542480.00000
    256    2506132.00000
    257    2476424.00000
    258    2508509.00000
    259    2593432.00000
    260    2690448.00000
    261    2805003.00000
    262    2941691.00000
    263    3233534.00000
    264    3954347.00000
    265    4785356.00000
    266    4839932.00000
    267    4022772.00000
    268    3147658.00000
    269    2661697.00000
    270    2434184.00000
    271    2339789.00000
    272    2337512.00000
    273    2399087.00000
    274    2501544.00000
    275    2590346.00000
    276    2638016.00000
    277    2663068.00000
    278    2704727.00000
    279    2789415.00000
    280    2870563.00000
    281    2905133.00000
    282    2945995.00000
    283    3015269.00000
    284    3048398.00000
    285    3043739.00000
    286    3041242.00000
    287    3013100.00000
    288    2928423.00000
    289    2789079.00000
    290    2632058.00000
    291    2512924.00000
    292    2421812.00000
    293    2328427.00000
    294    2235364.00000
    295    2127504.00000
    296    2014229.00000
    297    1936460.00000
    298    1866132.00000
    299    1745781.00000
    300    1608167.00000
    301    1513834.00000
    302    1446488.00000
    303    1377275.00000
    304    1329523.00000
    305    1312482.00000
    306    1274987.00000
    307    1183744.00000
    308    1103090.00000
    309    1091931.00000
    310    1090312.00000
    311    1050645.00000
    312    1017790.00000
    313     994975.80000
    314     966799.80000
    315     949150.00000
    316     904930.20000
    317     838440.10000
    318     815756.40000
    319     819466.90000
    320     825712.80000
    321     833495.90000
    322     803563.90000
    323     754975.20000
    324     736841.90000
    325     739065.80000
    326     741809.50000
    327     721389.20000
    328     679448.20000
    329     677534.60000
    330     712589.50000
    331     709028.50000
    332     685249.40000
    333     692170.80000
    334     685178.10000
    335     644208.90000
    336     621312.60000
    337     634297.40000
    338     662269.10000
    339     671528.90000
    340     648291.60000
    341     631609.00000
    342     631070.30000
    343     619348.30000
    344     627896.20000
    345     667910.80000
    346     658876.20000
    347     586174.90000
    348     548071.00000
    349     588208.30000
    350     635200.80000
    351     616214.10000
    352     565919.00000
    353     568530.00000
    354     604786.80000
    355     607862.00000
    356     604840.60000
    357     624021.80000
    358     635669.10000
    359     655685.60000
    360     693182.80000
    361     696371.40000
    362     668862.40000
    363     668678.60000
    364     700614.40000
    365     716623.60000
    366     697406.60000
    367     677266.90000
    368     659466.60000
    369     625423.30000
    370     626826.60000
    371     683341.40000
    372     706264.40000
    373     661247.10000
    374     610096.40000
    375     582538.50000
    376     572610.20000
    377     576217.00000
    378     576842.50000
    379     577991.80000
    380     583900.70000
    381     564989.70000
    382     541128.00000
    383     570413.10000
    384     639574.70000
    385     687991.80000
    386     680077.70000
    387     645757.70000
    388     638061.00000
    389     625405.40000
    390     575514.80000
    391     552241.40000
    392     574613.50000
    393     584761.40000
    394     575733.90000
    395     580259.20000
    396     597573.20000
    397     600214.90000
    398     586884.20000
    399     598313.90000
    400     654451.10000
    401     722675.70000
    402     752798.70000
    403     719560.90000
    404     673078.20000
    405     670789.90000
    406     668637.10000
    407     631932.10000
    408     606166.20000
    409     607664.00000
    410     638337.40000
    411     699369.80000
    412     726238.20000
    413     681660.00000
    414     626165.90000
    415     606350.40000
    416     603570.60000
    417     622087.90000
    418     689725.60000
    419     754461.80000
    420     751199.40000
    421     723758.80000
    422     728882.50000
    423     741950.00000
    424     728340.60000
    425     710196.90000
    426     721893.70000
    427     731910.60000
    428     714327.80000
    429     732478.90000
    430     790121.30000
    431     786739.70000
    432     739416.10000
    433     761522.00000
    434     815544.50000
    435     801185.20000
    436     773128.40000
    437     797181.10000
    438     808642.60000
    439     794338.40000
    440     843958.00000
    441     944644.20000
    442     979228.40000
    443     944437.40000
    444     949876.80000
    445    1010240.00000
    446    1046533.00000
    447    1047382.00000
    448    1059310.00000
    449    1085866.00000
    450    1092420.00000
    451    1086680.00000
    452    1124367.00000
    453    1194733.00000
    454    1234534.00000
    455    1272141.00000
    456    1346528.00000
    457    1410570.00000
    458    1478954.00000
    459    1598849.00000
    460    1711393.00000
    461    1784441.00000
    462    1864205.00000
    463    1966975.00000
    464    2088736.00000
    465    2211516.00000
    466    2327866.00000
    467    2472946.00000
    468    2643819.00000
    469    2828552.00000
    470    3057712.00000
    471    3314380.00000
    472    3563250.00000
    473    3818475.00000
    474    4094826.00000
    475    4412782.00000
    476    4793712.00000
    477    5230658.00000
    478    5725212.00000
    479    6290735.00000
    480    6942844.00000
    481    7680292.00000
    482    8463850.00000
    483    9247765.00000
    484    9914859.00000
    485    10270930.00000
    486    10216490.00000
    487    9773074.00000
    488    9004300.00000
    489    8002488.00000
    490    6897837.00000
    491    5881587.00000
    492    5099342.00000
    493    4516166.00000
    494    4047936.00000
    495    3702090.00000
    496    3467182.00000
    497    3271022.00000
    498    3107138.00000
    499    2992930.00000
    500    2877661.00000
    501    2750133.00000
    502    2668916.00000
    503    2644058.00000
    504    2643026.00000
    505    2673841.00000
    506    2773898.00000
    507    2957211.00000
    508    3222376.00000
    509    3533762.00000
    510    3797966.00000
    511    4019228.00000
    512    4323162.00000
    513    4730980.00000
    514    5231275.00000
    515    5934580.00000
    516    6922450.00000
    517    8201656.00000
    518    9662770.00000
    519    10897660.00000
    520    11328680.00000
    521    10618110.00000
    522    9005220.00000
    523    7174991.00000
    524    5655122.00000
    525    4545704.00000
    526    3749676.00000
    527    3149932.00000
    528    2663603.00000
    529    2280118.00000
    530    2014470.00000
    531    1830650.00000
    532    1677765.00000
    533    1552244.00000
    534    1444132.00000
    535    1326218.00000
    536    1204324.00000
    537    1101000.00000
    538    1036044.00000
    539    1006828.00000
    540     973045.60000
    541     909229.00000
    542     839074.10000
    543     796294.60000
    544     779250.10000
    545     769874.10000
    546     765616.50000
    547     764912.30000
    548     763451.20000
    549     755329.40000
    550     736239.60000
    551     714588.00000
    552     686061.90000
    553     659957.10000
    554     651787.90000
    555     618207.90000
    556     572018.20000
    557     589896.50000
    558     621805.40000
    559     604214.10000
    560     598358.40000
    561     629756.20000
    562     653979.20000
    563     643748.20000
    564     597515.10000
    565     564283.20000
    566     582562.40000
    567     606887.60000
    568     598700.90000
    569     574853.40000
    570     560527.20000
    571     565484.80000
    572     561217.50000
    573     535449.10000
    574     532332.20000
    575     550340.50000
    576     531032.90000
    577     470477.70000
    578     428866.50000
    579     444879.70000
    580     492363.20000
    581     526343.00000
    582     525860.90000
    583     493815.10000
    584     458387.50000
    585     455576.60000
    586     497664.20000
    587     559969.50000
    588     596837.60000
    589     578127.00000
    590     519476.80000
    591     487108.50000
    592     521339.90000
    593     566679.80000
    594     559389.60000
    595     524248.50000
    596     509231.10000
    597     497608.80000
    598     468639.20000
    599     461747.00000
    600     481523.70000
    601     477261.10000
    602     448819.70000
    603     429420.70000
    604     441743.70000
    605     493261.20000
    606     538061.10000
    607     532422.20000
    608     495378.60000
    609     477200.60000
    610     511219.50000
    611     550070.10000
    612     543965.60000
    613     535078.80000
    614     528563.10000
    615     489457.20000
    616     459123.20000
    617     468869.10000
    618     493551.40000
    619     516854.70000
    620     528136.60000
    621     535470.10000
    622     568676.10000
    623     609877.40000
    624     605977.20000
    625     575280.00000
    626     576944.40000
    627     593121.90000
    628     587962.10000
    629     570825.80000
    630     545082.50000
    631     544320.70000
    632     598589.10000
    633     636229.50000
    634     607396.40000
    635     572645.80000
    636     574002.50000
    637     582523.20000
    638     581086.40000
    639     594380.60000
    640     624760.40000
    641     636425.10000
    642     627829.10000
    643     629111.70000
    644     638076.10000
    645     636866.70000
    646     623820.10000
