      1     243761.70000
      2     207035.50000
      3     134972.90000
      4     116997.00000
      5      86459.31000
      6      39504.75000
      7      60280.47000
      8     154346.80000
      9     282955.00000
     10     291190.10000
     11     214636.30000
     12     240735.80000
     13     298983.60000
     14     323899.80000
     15     316281.90000
     16     271357.60000
     17     221751.30000
     18     222030.60000
     19     242863.30000
     20     159199.80000
     21     121803.80000
     22     201891.00000
     23     181583.00000
     24     124456.20000
     25     164444.40000
     26     195267.60000
     27     185127.90000
     28     198133.30000
     29     195291.60000
     30     165292.50000
     31     163168.60000
     32     227206.70000
     33     301404.20000
     34     248982.40000
     35     125896.30000
     36     117912.60000
     37     274105.50000
     38     407663.10000
     39     385902.60000
     40     319020.00000
     41     270891.50000
     42     234220.70000
     43     204561.20000
     44     173849.80000
     45     162994.40000
     46     147856.60000
     47      97293.53000
     48      96926.59000
     49     209537.40000
     50     270762.50000
     51     237853.70000
     52     239741.20000
     53     285342.10000
     54     273077.70000
     55     168398.10000
     56     144441.10000
     57     190015.60000
     58     177604.00000
     59     145733.90000
     60     157462.80000
     61     212078.40000
     62     193094.80000
     63     180360.30000
     64     249215.10000
     65     277267.80000
     66     281372.80000
     67     230607.80000
     68     186539.20000
     69     225233.30000
     70     229308.40000
     71     201548.80000
     72     208820.90000
     73     230312.50000
     74     208009.60000
     75     190859.80000
     76     258338.30000
     77     299697.60000
     78     278062.30000
     79     224265.80000
     80     153847.20000
     81     216327.60000
     82     283802.40000
     83     228529.30000
     84     179875.40000
     85     137345.20000
     86     136330.90000
     87     169295.30000
     88     146278.70000
     89     163973.90000
     90     251223.00000
     91     284817.00000
     92     188186.60000
     93     130968.20000
     94     235607.80000
     95     261917.20000
     96     226662.40000
     97     246180.50000
     98     263876.20000
     99     256743.40000
    100     191272.60000
    101     178100.60000
    102     233738.50000
    103     230368.60000
    104     207500.70000
    105     186417.90000
    106     117711.20000
    107      97025.50000
    108     172201.40000
    109     198258.20000
    110     146291.40000
    111     190343.80000
    112     258285.40000
    113     246449.50000
    114     227167.20000
    115     185424.80000
    116     162326.30000
    117     208038.90000
    118     243002.20000
    119     173233.60000
    120     142818.40000
    121     241894.10000
    122     197853.60000
    123      28247.38000
    124      54406.31000
    125     168687.60000
    126     177331.10000
    127     127444.30000
    128     105849.20000
    129     200729.00000
    130     275013.10000
    131     277652.60000
    132     275478.50000
    133     256179.90000
    134     235467.70000
    135     204109.60000
    136     207202.90000
    137     274231.10000
    138     295314.60000
    139     182975.80000
    140     144904.90000
    141     240252.90000
    142     333170.00000
    143     312058.90000
    144     232036.10000
    145     270692.30000
    146     319766.10000
    147     306806.60000
    148     308324.10000
    149     352795.40000
    150     400620.50000
    151     375724.80000
    152     320216.90000
    153     337735.40000
    154     422715.10000
    155     541564.00000
    156     684865.40000
    157     783417.10000
    158     799120.50000
    159     806355.00000
    160     928272.20000
    161    1196419.00000
    162    1775436.00000
    163    2405553.00000
    164    2312784.00000
    165    1633912.00000
    166    1126893.00000
    167    1016028.00000
    168     965332.50000
    169     921939.90000
    170    1019788.00000
    171    1105694.00000
    172    1217044.00000
    173    1391302.00000
    174    1571995.00000
    175    1896172.00000
    176    2295439.00000
    177    2804220.00000
    178    3725354.00000
    179    5298310.00000
    180    8056506.00000
    181    14032000.00000
    182    30417240.00000
    183    68898820.00000
    184    106407000.00000
    185    96005840.00000
    186    53692850.00000
    187    25188240.00000
    188    13924850.00000
    189    8752174.00000
    190    5972174.00000
    191    4291684.00000
    192    3194057.00000
    193    2430959.00000
    194    1954512.00000
    195    1649930.00000
    196    1405701.00000
    197    1225244.00000
    198    1082968.00000
    199     941123.00000
    200     861649.20000
    201     805399.30000
    202     720429.10000
    203     647827.10000
    204     565512.90000
    205     500556.20000
    206     559075.20000
    207     596684.40000
    208     570788.80000
    209     502139.60000
    210     409524.20000
    211     389425.80000
    212     401900.70000
    213     408301.50000
    214     370931.80000
    215     301450.80000
    216     304952.70000
    217     319204.10000
    218     320537.80000
    219     422463.60000
    220     544844.10000
    221     590925.00000
    222     614364.40000
    223     546628.90000
    224     478359.50000
    225     488888.10000
    226     462657.30000
    227     389206.20000
    228     388060.20000
    229     411242.00000
    230     332735.20000
    231     342997.90000
    232     470745.90000
    233     499832.60000
    234     480854.80000
    235     467599.20000
    236     451490.60000
    237     470600.40000
    238     423710.40000
    239     345418.70000
    240     357550.70000
    241     401910.60000
    242     433939.80000
    243     422007.30000
    244     346352.80000
    245     322850.20000
    246     326989.80000
    247     298824.80000
    248     347381.80000
    249     380703.40000
    250     306802.50000
    251     238100.30000
    252     229910.70000
    253     248887.90000
    254     277220.10000
    255     294231.80000
    256     295452.40000
    257     343568.80000
    258     394398.70000
    259     371027.40000
    260     338714.30000
    261     400667.20000
    262     569220.40000
    263     773614.90000
    264     844275.40000
    265     811916.00000
    266     930858.50000
    267    1304512.00000
    268    1584429.00000
    269    1462687.00000
    270    1226419.00000
    271    1129630.00000
    272    1033869.00000
    273     902940.60000
    274     836619.20000
    275     806608.70000
    276     798995.90000
    277     834945.20000
    278     899442.20000
    279     906715.60000
    280     876533.90000
    281     976673.70000
    282    1190753.00000
    283    1444788.00000
    284    1859605.00000
    285    2316119.00000
    286    2527472.00000
    287    2503050.00000
    288    2440947.00000
    289    2421290.00000
    290    2506938.00000
    291    2927674.00000
    292    3642287.00000
    293    4551754.00000
    294    5488064.00000
    295    6202696.00000
    296    7315712.00000
    297    10023180.00000
    298    16193720.00000
    299    31409560.00000
    300    59903100.00000
    301    81307860.00000
    302    71427980.00000
    303    46994560.00000
    304    30695790.00000
    305    20673120.00000
    306    13844700.00000
    307    10323160.00000
    308    8684594.00000
    309    7887262.00000
    310    7636115.00000
    311    7864578.00000
    312    8537985.00000
    313    9914613.00000
    314    12501130.00000
    315    17082120.00000
    316    25083440.00000
    317    38647520.00000
    318    56737050.00000
    319    69350840.00000
    320    66335090.00000
    321    51637100.00000
    322    35949840.00000
    323    24305280.00000
    324    16999810.00000
    325    12919710.00000
    326    10622950.00000
    327    9099943.00000
    328    7990102.00000
    329    7235930.00000
    330    6749286.00000
    331    6439264.00000
    332    6377442.00000
    333    6572535.00000
    334    6652140.00000
    335    6673521.00000
    336    7062914.00000
    337    7894628.00000
    338    9360906.00000
    339    11309510.00000
    340    13245720.00000
    341    15801650.00000
    342    20782930.00000
    343    30823840.00000
    344    48358250.00000
    345    67529780.00000
    346    73203350.00000
    347    62366730.00000
    348    48317570.00000
    349    40495080.00000
    350    41796900.00000
    351    58829960.00000
    352    89752700.00000
    353    101970100.00000
    354    79185060.00000
    355    51849020.00000
    356    36420570.00000
    357    26825370.00000
    358    23180580.00000
    359    26738120.00000
    360    40320680.00000
    361    66417380.00000
    362    85515840.00000
    363    75052660.00000
    364    50648250.00000
    365    33454610.00000
    366    22430890.00000
    367    15307800.00000
    368    11730670.00000
    369    9925531.00000
    370    9010465.00000
    371    8853402.00000
    372    9369446.00000
    373    10636550.00000
    374    12706520.00000
    375    16382090.00000
    376    25340280.00000
    377    48308650.00000
    378    81398160.00000
    379    91446360.00000
    380    68304400.00000
    381    42105660.00000
    382    26126770.00000
    383    16252980.00000
    384    11060600.00000
    385    8443659.00000
    386    6980334.00000
    387    5967660.00000
    388    5220836.00000
    389    4723397.00000
    390    4317822.00000
    391    3960560.00000
    392    3626739.00000
    393    3323298.00000
    394    3062995.00000
    395    2880483.00000
    396    2742007.00000
    397    2594985.00000
    398    2530844.00000
    399    2477600.00000
    400    2356358.00000
    401    2203198.00000
    402    2058010.00000
    403    1949953.00000
    404    1880011.00000
    405    1846481.00000
    406    1773572.00000
    407    1657674.00000
    408    1568079.00000
    409    1600003.00000
    410    1753003.00000
    411    1768732.00000
    412    1666012.00000
    413    1610591.00000
    414    1534391.00000
    415    1488110.00000
    416    1485479.00000
    417    1447732.00000
    418    1413909.00000
    419    1358642.00000
    420    1253067.00000
    421    1177120.00000
    422    1182761.00000
    423    1183556.00000
    424    1144574.00000
    425    1154497.00000
    426    1216473.00000
    427    1186819.00000
    428    1120718.00000
    429    1103373.00000
    430    1047270.00000
    431     983089.10000
    432     955305.80000
    433     988941.40000
    434    1043850.00000
    435    1036524.00000
    436    1011083.00000
    437    1098775.00000
    438    1148162.00000
    439    1048640.00000
    440    1021904.00000
    441    1028676.00000
    442     961287.00000
    443     946431.50000
    444     974488.30000
    445     999785.50000
    446    1025626.00000
    447    1016865.00000
    448     972579.60000
    449     960126.10000
    450     991841.50000
    451     956659.40000
    452     922147.50000
    453     946104.20000
    454     912164.50000
    455     864563.50000
    456     847947.10000
    457     874942.20000
    458     890994.00000
    459     887299.00000
    460     981672.40000
    461     983708.80000
    462     850934.60000
    463     849670.40000
    464     913263.00000
    465     873137.70000
    466     799599.90000
    467     858468.50000
    468    1003194.00000
    469     957901.60000
    470     824392.90000
    471     820213.20000
    472     843569.60000
    473     834311.00000
    474     840196.20000
    475     882877.30000
    476     948245.50000
    477     989614.30000
    478     946338.40000
    479     901295.80000
    480     931359.40000
    481     947848.00000
    482     963986.30000
    483     986838.00000
    484     971353.10000
    485     909311.60000
    486     885888.80000
    487     883765.40000
    488     845068.40000
    489     878886.10000
    490     918762.40000
    491     966389.50000
    492    1007765.00000
    493     889114.00000
    494     811072.40000
    495     853123.70000
    496     863199.20000
    497     894441.40000
    498     969210.20000
    499     971982.80000
    500     929107.40000
    501     925930.20000
    502     931096.20000
    503     996276.40000
    504    1025301.00000
    505     929260.40000
    506     854538.60000
    507     872279.10000
    508     967069.50000
    509    1020726.00000
    510     923908.00000
    511     845149.20000
    512     867800.80000
    513     896442.20000
    514     961934.10000
    515    1051176.00000
    516    1052013.00000
    517     996781.40000
    518    1010653.00000
    519    1037247.00000
    520     983135.20000
    521     969458.90000
    522    1007457.00000
    523    1041304.00000
    524    1112237.00000
    525    1153764.00000
    526    1147933.00000
    527    1124340.00000
    528    1090268.00000
    529    1147246.00000
    530    1244523.00000
    531    1320828.00000
    532    1500290.00000
    533    1690047.00000
    534    1746149.00000
    535    1790347.00000
    536    1769016.00000
    537    1591042.00000
    538    1437898.00000
    539    1330728.00000
    540    1242826.00000
    541    1244876.00000
    542    1353686.00000
    543    1445613.00000
    544    1546454.00000
    545    1830651.00000
    546    2268222.00000
    547    2569392.00000
    548    2474458.00000
    549    2241602.00000
    550    2327056.00000
    551    2751953.00000
    552    3123836.00000
    553    3102921.00000
    554    3189347.00000
    555    3765854.00000
    556    4113683.00000
    557    3659036.00000
    558    3200702.00000
    559    3227580.00000
    560    3432814.00000
    561    3967800.00000
    562    5100936.00000
    563    6759048.00000
    564    10425180.00000
    565    21177890.00000
    566    55358290.00000
    567    103259500.00000
    568    106922600.00000
    569    67474310.00000
    570    38781580.00000
    571    24167280.00000
    572    12904260.00000
    573    7470964.00000
    574    5245820.00000
    575    4021374.00000
    576    3293662.00000
    577    2812100.00000
    578    2422230.00000
    579    2106333.00000
    580    1872757.00000
    581    1777558.00000
    582    1716581.00000
    583    1653166.00000
    584    1554060.00000
    585    1438664.00000
    586    1381382.00000
    587    1395504.00000
    588    1411719.00000
    589    1320537.00000
    590    1219313.00000
    591    1168178.00000
    592    1042717.00000
    593     964046.20000
    594     989093.10000
    595    1007740.00000
    596     988581.80000
    597     925496.10000
    598     894267.90000
    599     952053.50000
    600     960605.10000
    601     953789.80000
    602     937147.30000
    603     882539.60000
    604     882339.80000
    605     917054.80000
    606     945681.50000
    607     959558.10000
    608     903703.20000
    609     780473.80000
    610     710355.20000
    611     777115.90000
    612     875981.60000
    613     882029.20000
    614     830539.90000
    615     770831.30000
    616     740427.80000
    617     753563.20000
    618     852594.00000
    619     930854.50000
    620     788771.90000
    621     643608.90000
    622     746561.90000
    623     833324.70000
    624     792572.80000
    625     816874.20000
    626     896738.60000
    627     917395.00000
    628     871944.40000
    629     815892.40000
    630     719077.70000
    631     691944.20000
    632     811027.90000
    633     929530.60000
    634     979529.30000
    635     963998.50000
    636     929365.40000
    637     953367.40000
    638    1005062.00000
    639     917859.50000
    640     748253.80000
    641     667824.00000
    642     752848.20000
    643     849908.50000
    644     827825.90000
    645     832508.10000
    646     861340.40000
    647     801812.50000
    648     682356.10000
    649     667109.20000
    650     765176.90000
    651     820523.10000
    652     834641.60000
    653     814655.70000
    654     793826.90000
    655     823158.40000
    656     818477.50000
    657     861149.20000
    658     999194.20000
    659    1129437.00000
    660    1198424.00000
    661    1163956.00000
    662    1051502.00000
    663     927626.40000
    664     791083.20000
    665     769006.20000
    666     819848.40000
    667     825375.10000
    668     866155.40000
    669     888733.80000
    670     910343.80000
    671     887275.60000
    672     808608.00000
    673     822437.60000
    674     870295.70000
    675     901775.20000
    676     910899.00000
    677     883166.50000
    678     910048.60000
    679     945690.70000
    680     926605.90000
    681     941560.70000
    682     981386.60000
    683     956898.90000
    684     928464.40000
    685    1023335.00000
    686    1141218.00000
    687    1177119.00000
    688    1162081.00000
    689    1123620.00000
    690    1107897.00000
    691    1095446.00000
    692    1095996.00000
    693    1151361.00000
    694    1127894.00000
    695    1032402.00000
    696    1038652.00000
    697    1045852.00000
    698    1020946.00000
    699    1049716.00000
    700    1104273.00000
    701    1135638.00000
    702    1050770.00000
    703     983899.30000
    704    1061659.00000
    705    1093410.00000
    706    1051270.00000
    707    1090740.00000
    708    1171957.00000
    709    1182235.00000
    710    1215678.00000
    711    1287596.00000
    712    1291320.00000
    713    1276574.00000
    714    1272440.00000
    715    1336460.00000
    716    1445622.00000
    717    1476484.00000
    718    1528615.00000
    719    1589557.00000
    720    1578914.00000
    721    1642156.00000
    722    1773157.00000
    723    1853238.00000
    724    1950982.00000
    725    2070416.00000
    726    2131228.00000
    727    2168088.00000
    728    2264182.00000
    729    2574521.00000
    730    3061485.00000
    731    3265570.00000
    732    3088225.00000
    733    2931786.00000
    734    2912582.00000
    735    2915783.00000
    736    2928160.00000
    737    2958578.00000
    738    2938644.00000
    739    3037870.00000
    740    3204187.00000
    741    3209966.00000
    742    3254172.00000
    743    3378167.00000
    744    3562374.00000
    745    3768370.00000
    746    3847582.00000
    747    3917944.00000
    748    4045173.00000
    749    4171534.00000
    750    4310632.00000
    751    4513600.00000
    752    4664406.00000
    753    4612034.00000
    754    4564242.00000
    755    4637582.00000
    756    4686590.00000
    757    4706986.00000
    758    4749976.00000
    759    4857016.00000
    760    5037302.00000
    761    5180148.00000
    762    5391882.00000
    763    5838702.00000
    764    6244513.00000
    765    6458014.00000
    766    6779372.00000
    767    7351774.00000
    768    7921900.00000
    769    8383944.00000
    770    9058127.00000
    771    10075850.00000
    772    11191490.00000
    773    12266150.00000
    774    13480220.00000
    775    15105070.00000
    776    17071560.00000
    777    19036300.00000
    778    20238870.00000
    779    19819960.00000
    780    18377130.00000
    781    17057940.00000
    782    15909220.00000
    783    14629780.00000
    784    13299840.00000
    785    12158620.00000
    786    11451320.00000
    787    11324270.00000
    788    11997810.00000
    789    14051010.00000
    790    19316010.00000
    791    33980520.00000
    792    65507330.00000
    793    93348990.00000
    794    83328500.00000
    795    50509230.00000
    796    30004770.00000
    797    24503490.00000
    798    22053680.00000
    799    16754220.00000
    800    11192580.00000
    801    8016070.00000
    802    6403390.00000
    803    5498986.00000
    804    4857719.00000
    805    4408958.00000
    806    4033630.00000
    807    3694166.00000
    808    3522946.00000
    809    3390271.00000
    810    3220435.00000
    811    3142555.00000
    812    3094914.00000
    813    3032840.00000
    814    2964966.00000
    815    3007387.00000
    816    3202391.00000
    817    3163401.00000
    818    2881824.00000
    819    2742002.00000
    820    2707980.00000
    821    2647402.00000
    822    2557812.00000
    823    2471883.00000
    824    2388867.00000
    825    2276912.00000
    826    2151256.00000
    827    2029550.00000
    828    1972538.00000
    829    1948452.00000
    830    1871746.00000
    831    1761713.00000
    832    1729829.00000
    833    1751764.00000
    834    1710334.00000
    835    1699104.00000
    836    1664693.00000
    837    1584606.00000
    838    1552901.00000
    839    1484704.00000
    840    1374158.00000
    841    1348030.00000
    842    1434191.00000
    843    1468900.00000
    844    1402954.00000
    845    1333348.00000
    846    1275752.00000
    847    1294390.00000
    848    1366744.00000
    849    1372943.00000
    850    1274853.00000
    851    1171493.00000
    852    1158475.00000
    853    1196811.00000
    854    1295516.00000
    855    1365989.00000
    856    1252405.00000
    857    1170650.00000
    858    1283562.00000
    859    1346236.00000
    860    1234266.00000
    861    1168905.00000
    862    1258174.00000
    863    1277646.00000
    864    1187223.00000
    865    1155471.00000
    866    1196269.00000
    867    1158159.00000
    868    1083878.00000
    869    1120452.00000
    870    1180516.00000
    871    1175051.00000
    872    1152355.00000
    873    1151772.00000
    874    1159940.00000
    875    1110836.00000
    876    1063246.00000
    877    1046088.00000
    878    1063575.00000
    879    1164657.00000
    880    1216232.00000
    881    1204088.00000
    882    1195933.00000
    883    1176244.00000
    884    1091379.00000
    885    1025119.00000
    886    1067748.00000
    887    1104370.00000
    888    1121609.00000
    889    1161769.00000
    890    1181487.00000
    891    1131095.00000
    892    1066337.00000
    893    1055031.00000
    894    1064174.00000
    895    1075593.00000
    896    1086570.00000
    897    1112418.00000
    898    1169937.00000
    899    1205181.00000
    900    1069023.00000
    901     929000.70000
    902    1018066.00000
    903    1094222.00000
    904    1034853.00000
    905    1021092.00000
    906    1065879.00000
    907    1059447.00000
    908    1053223.00000
    909    1016919.00000
    910     961490.20000
    911    1045978.00000
    912    1084246.00000
    913     961580.90000
    914     906549.60000
    915     947368.80000
    916    1003296.00000
    917    1058758.00000
    918    1054552.00000
    919    1022933.00000
    920    1016906.00000
    921    1075576.00000
    922    1137046.00000
    923    1036969.00000
    924     956514.50000
    925    1032655.00000
    926    1063781.00000
    927    1033996.00000
    928     972483.70000
    929     972795.80000
    930    1081922.00000
    931    1091847.00000
    932    1061647.00000
    933    1105921.00000
    934    1201186.00000
    935    1283823.00000
    936    1198414.00000
    937    1028594.00000
    938    1029099.00000
    939    1132556.00000
    940    1079459.00000
    941     965652.10000
    942     984224.40000
    943     980044.60000
    944     920669.20000
    945     901641.80000
    946     954429.90000
    947    1076832.00000
    948    1067358.00000
    949    1010877.00000
    950    1055981.00000
    951    1043120.00000
    952     972496.70000
    953     962617.10000
    954    1051318.00000
    955    1086789.00000
    956    1007171.00000
    957    1010568.00000
    958    1068742.00000
    959    1117558.00000
    960    1144696.00000
    961    1085094.00000
    962    1009353.00000
    963     996235.20000
    964    1014231.00000
    965    1006424.00000
    966    1030246.00000
    967    1016671.00000
    968    1006020.00000
    969    1027563.00000
    970     994720.00000
    971    1087581.00000
    972    1116398.00000
    973     993241.40000
    974     994212.40000
    975     981535.80000
    976     930994.50000
    977    1037500.00000
    978    1151404.00000
    979    1126233.00000
    980    1045910.00000
    981    1006072.00000
    982     982243.80000
    983     971695.40000
    984    1027599.00000
    985    1015369.00000
    986     962267.60000
    987     977488.80000
    988     988321.20000
    989     992238.30000
    990    1019748.00000
    991    1024320.00000
    992     950535.40000
    993     924505.60000
    994     981975.80000
    995    1029676.00000
    996    1056826.00000
    997    1023202.00000
    998     993217.90000
    999    1028190.00000
   1000    1077346.00000
   1001    1044341.00000
   1002    1001930.00000
   1003    1054131.00000
   1004    1043169.00000
   1005     935556.40000
   1006     871726.20000
   1007     820357.00000
   1008     828609.40000
   1009     955441.00000
   1010    1003695.00000
   1011     953079.70000
   1012     895506.40000
   1013     880524.10000
   1014     949344.50000
   1015     984691.20000
   1016     915306.80000
   1017     860897.30000
   1018     891741.20000
   1019     950082.20000
   1020    1034436.00000
   1021    1075869.00000
   1022    1014904.00000
   1023     984194.40000
   1024     994478.60000
   1025     996478.00000
   1026     981384.60000
   1027     967166.60000
   1028     953868.40000
