      1     170857.10000
      2     161809.80000
      3     153739.20000
      4     130743.10000
      5     113586.40000
      6     116697.10000
      7     151895.70000
      8     174346.60000
      9     162893.80000
     10     193988.60000
     11     248096.90000
     12     240567.80000
     13     202561.80000
     14     178696.00000
     15     165609.40000
     16     165219.00000
     17     170949.60000
     18     166337.00000
     19     147284.20000
     20     149693.40000
     21     186747.40000
     22     203892.60000
     23     199300.20000
     24     221194.60000
     25     248570.20000
     26     248785.60000
     27     246080.50000
     28     240600.60000
     29     202115.40000
     30     166325.20000
     31     173401.00000
     32     179150.00000
     33     170736.20000
     34     196445.00000
     35     233130.60000
     36     229454.10000
     37     203129.50000
     38     182385.40000
     39     179000.10000
     40     202342.10000
     41     231842.60000
     42     238872.10000
     43     219768.10000
     44     189227.80000
     45     174712.40000
     46     201188.20000
     47     249334.50000
     48     262518.50000
     49     236847.60000
     50     224662.10000
     51     233425.00000
     52     239412.40000
     53     250861.00000
     54     268525.10000
     55     275740.40000
     56     277906.80000
     57     278453.50000
     58     274314.50000
     59     268201.90000
     60     255216.00000
     61     240437.60000
     62     232130.60000
     63     236528.40000
     64     250545.00000
     65     248368.20000
     66     251884.90000
     67     284090.00000
     68     299414.00000
     69     298705.80000
     70     315280.90000
     71     316677.80000
     72     285312.40000
     73     271210.20000
     74     292030.10000
     75     315129.80000
     76     332698.60000
     77     317979.20000
     78     267776.90000
     79     266936.10000
     80     307497.10000
     81     306310.40000
     82     300195.00000
     83     325612.50000
     84     327672.50000
     85     325745.00000
     86     373326.10000
     87     421840.40000
     88     465741.20000
     89     549190.90000
     90     596354.00000
     91     541077.60000
     92     474691.80000
     93     484997.60000
     94     515898.10000
     95     529187.90000
     96     583701.50000
     97     656909.50000
     98     688153.00000
     99     695040.50000
    100     695577.50000
    101     688219.80000
    102     710967.00000
    103     787494.20000
    104     848581.00000
    105     858148.20000
    106     844593.20000
    107     833065.00000
    108     866327.00000
    109     959214.80000
    110    1111986.00000
    111    1308388.00000
    112    1769508.00000
    113    2647314.00000
    114    4638418.00000
    115    11030400.00000
    116    21333810.00000
    117    25420740.00000
    118    18168040.00000
    119    8645519.00000
    120    4124124.00000
    121    2598492.00000
    122    1767072.00000
    123    1401139.00000
    124    1203207.00000
    125    1086727.00000
    126    1061998.00000
    127    1046375.00000
    128     948394.00000
    129     796593.20000
    130     703023.20000
    131     636972.90000
    132     566461.30000
    133     523147.20000
    134     522384.50000
    135     541939.40000
    136     545294.50000
    137     549279.80000
    138     557809.00000
    139     569169.90000
    140     600323.10000
    141     601485.40000
    142     534469.00000
    143     468878.50000
    144     469569.50000
    145     490499.50000
    146     468218.00000
    147     427184.80000
    148     412482.20000
    149     414758.00000
    150     420366.80000
    151     449494.90000
    152     504309.20000
    153     549206.20000
    154     545161.10000
    155     513676.80000
    156     510458.20000
    157     512115.50000
    158     492451.00000
    159     486638.80000
    160     512568.80000
    161     561461.50000
    162     585091.50000
    163     601485.00000
    164     697681.50000
    165     816954.20000
    166     880936.80000
    167     917396.20000
    168     943172.00000
    169    1002802.00000
    170    1141658.00000
    171    1313805.00000
    172    1484324.00000
    173    1698816.00000
    174    1945227.00000
    175    2121216.00000
    176    2202277.00000
    177    2286372.00000
    178    2525308.00000
    179    2943553.00000
    180    3522834.00000
    181    4317419.00000
    182    5498677.00000
    183    8944798.00000
    184    16281590.00000
    185    22455330.00000
    186    20532840.00000
    187    13045880.00000
    188    7168032.00000
    189    4546285.00000
    190    3529836.00000
    191    3288026.00000
    192    3451292.00000
    193    3904520.00000
    194    4748665.00000
    195    6165139.00000
    196    8727596.00000
    197    13643600.00000
    198    20499460.00000
    199    24736330.00000
    200    22298650.00000
    201    15564500.00000
    202    9648942.00000
    203    6316316.00000
    204    4779253.00000
    205    4288732.00000
    206    4217639.00000
    207    4084795.00000
    208    3910429.00000
    209    3984238.00000
    210    4427192.00000
    211    5149017.00000
    212    6226442.00000
    213    7916509.00000
    214    11089030.00000
    215    17065900.00000
    216    24081750.00000
    217    26617300.00000
    218    23870620.00000
    219    23664020.00000
    220    29295190.00000
    221    31885450.00000
    222    25711910.00000
    223    17419300.00000
    224    15004870.00000
    225    19563260.00000
    226    24785570.00000
    227    22874290.00000
    228    15111680.00000
    229    8629318.00000
    230    5699636.00000
    231    4643703.00000
    232    4262312.00000
    233    4092293.00000
    234    4205168.00000
    235    4971112.00000
    236    6337240.00000
    237    9058226.00000
    238    15643780.00000
    239    23803210.00000
    240    24922280.00000
    241    17384370.00000
    242    9231392.00000
    243    5092339.00000
    244    3438351.00000
    245    2648448.00000
    246    2222040.00000
    247    2011732.00000
    248    1981431.00000
    249    1960392.00000
    250    1891975.00000
    251    1810057.00000
    252    1678370.00000
    253    1498799.00000
    254    1350142.00000
    255    1287504.00000
    256    1299565.00000
    257    1325305.00000
    258    1287698.00000
    259    1201756.00000
    260    1142946.00000
    261    1113606.00000
    262    1090300.00000
    263    1081027.00000
    264    1109886.00000
    265    1181162.00000
    266    1241417.00000
    267    1277298.00000
    268    1337526.00000
    269    1422901.00000
    270    1522839.00000
    271    1637467.00000
    272    1772448.00000
    273    1997706.00000
    274    2306403.00000
    275    2565972.00000
    276    2790794.00000
    277    3149936.00000
    278    3682115.00000
    279    4336258.00000
    280    5167833.00000
    281    6178223.00000
    282    7146222.00000
    283    7789592.00000
    284    7910325.00000
    285    7441346.00000
    286    6527485.00000
    287    5470922.00000
    288    4503978.00000
    289    3682028.00000
    290    2992628.00000
    291    2442082.00000
    292    2037321.00000
    293    1751377.00000
    294    1536046.00000
    295    1383693.00000
    296    1279358.00000
    297    1168593.00000
    298    1057398.00000
    299     955502.40000
    300     831450.10000
    301     746493.80000
    302     749499.20000
    303     740575.40000
    304     670453.00000
    305     633296.00000
    306     669078.90000
    307     690634.50000
    308     661313.40000
    309     647773.80000
    310     649820.10000
    311     625852.90000
    312     605955.60000
    313     604116.10000
    314     592771.90000
    315     561179.40000
    316     531282.20000
    317     539240.40000
    318     559344.10000
    319     556218.90000
    320     551789.20000
    321     528844.30000
    322     468992.80000
    323     448261.80000
    324     509218.20000
    325     572939.10000
    326     563617.80000
    327     506924.80000
    328     474809.00000
    329     492180.80000
    330     537340.40000
    331     597945.50000
    332     665061.40000
    333     719636.60000
    334     726089.50000
    335     634496.20000
    336     488216.40000
    337     418011.80000
    338     445642.00000
    339     478120.90000
    340     470426.60000
    341     446090.10000
    342     425547.50000
    343     409781.40000
    344     404169.70000
    345     413477.30000
    346     427003.00000
    347     452615.30000
    348     503538.50000
    349     534290.60000
    350     509956.80000
    351     463456.70000
    352     417419.00000
    353     393681.30000
    354     420143.80000
    355     450387.00000
    356     428421.90000
    357     381418.90000
    358     355337.50000
    359     358389.90000
    360     375893.20000
    361     387995.70000
    362     396634.70000
    363     400542.40000
    364     386249.00000
    365     381546.90000
    366     396326.20000
    367     410792.70000
    368     430278.60000
    369     416800.50000
    370     368882.20000
    371     373785.30000
    372     428030.10000
    373     458341.80000
    374     442886.30000
    375     402765.20000
    376     386973.10000
    377     416977.00000
    378     447874.90000
    379     445274.90000
    380     441882.80000
    381     448711.30000
    382     435327.30000
    383     421472.50000
    384     427455.20000
    385     438357.90000
    386     445169.80000
    387     442940.30000
    388     446146.00000
    389     440628.40000
    390     408000.40000
    391     405643.90000
    392     449867.90000
    393     486678.70000
    394     494521.30000
    395     476508.00000
    396     453734.40000
    397     441767.50000
    398     426891.10000
    399     420195.10000
    400     422000.80000
    401     404421.20000
    402     399105.00000
    403     431060.20000
    404     452594.10000
    405     459193.70000
    406     484244.80000
    407     507896.70000
    408     501294.70000
    409     465314.50000
    410     428613.70000
    411     436670.70000
    412     473928.40000
    413     482658.60000
    414     471248.70000
    415     471502.00000
    416     487305.80000
    417     520185.90000
    418     531570.20000
    419     495571.30000
    420     464021.90000
    421     465722.10000
    422     483115.60000
    423     499391.10000
    424     487273.50000
    425     448147.70000
    426     432643.30000
    427     459261.70000
    428     471924.60000
    429     453530.00000
    430     480049.50000
    431     555159.60000
    432     593166.20000
    433     584133.40000
    434     562789.20000
    435     540112.20000
    436     535759.40000
    437     545659.80000
    438     551389.80000
    439     560275.50000
    440     568804.10000
    441     578404.90000
    442     613083.60000
    443     659114.40000
    444     679380.70000
    445     683448.50000
    446     700096.80000
    447     720855.10000
    448     724505.50000
    449     718557.90000
    450     729736.50000
    451     749866.60000
    452     737593.40000
    453     704522.80000
    454     711449.80000
    455     780405.60000
    456     868423.60000
    457     921239.50000
    458     941338.30000
    459     958279.90000
    460     987470.20000
    461    1041298.00000
    462    1111613.00000
    463    1188812.00000
    464    1268961.00000
    465    1334390.00000
    466    1392613.00000
    467    1461826.00000
    468    1535748.00000
    469    1611384.00000
    470    1709059.00000
    471    1844980.00000
    472    2000268.00000
    473    2159279.00000
    474    2319723.00000
    475    2471392.00000
    476    2643750.00000
    477    2875329.00000
    478    3157634.00000
    479    3477242.00000
    480    3827330.00000
    481    4222382.00000
    482    4705650.00000
    483    5283528.00000
    484    5923334.00000
    485    6527128.00000
    486    6911143.00000
    487    6969976.00000
    488    6704232.00000
    489    6124244.00000
    490    5350412.00000
    491    4581591.00000
    492    3904260.00000
    493    3327005.00000
    494    2876501.00000
    495    2554641.00000
    496    2320121.00000
    497    2167118.00000
    498    2105717.00000
    499    2069850.00000
    500    2008182.00000
    501    1984843.00000
    502    2058277.00000
    503    2170002.00000
    504    2230321.00000
    505    2224964.00000
    506    2213601.00000
    507    2291778.00000
    508    2530864.00000
    509    2978973.00000
    510    3751794.00000
    511    5230008.00000
    512    7975743.00000
    513    11394120.00000
    514    13055560.00000
    515    11429670.00000
    516    8082153.00000
    517    5312408.00000
    518    3636868.00000
    519    2585812.00000
    520    1933236.00000
    521    1600036.00000
    522    1409323.00000
    523    1247592.00000
    524    1137902.00000
    525    1070172.00000
    526    1003901.00000
    527     947634.60000
    528     892291.40000
    529     830053.00000
    530     769806.80000
    531     698172.80000
    532     657007.90000
    533     699152.60000
    534     738713.50000
    535     675644.90000
    536     570745.00000
    537     509049.00000
    538     480030.30000
    539     474756.60000
    540     507617.90000
    541     543659.80000
    542     518316.70000
    543     450356.80000
    544     437234.50000
    545     479726.40000
    546     498197.40000
    547     485967.30000
    548     456334.00000
    549     406743.20000
    550     379665.00000
    551     387855.40000
    552     381593.60000
    553     361285.80000
    554     376562.40000
    555     415191.50000
    556     419571.80000
    557     391672.30000
    558     377366.40000
    559     389964.70000
    560     416628.40000
    561     421498.90000
    562     385642.50000
    563     375786.40000
    564     429862.30000
    565     479025.80000
    566     473046.00000
    567     441312.10000
    568     440480.60000
    569     474900.70000
    570     501767.50000
    571     507358.70000
    572     483898.30000
    573     433075.10000
    574     405759.40000
    575     434955.90000
    576     491673.20000
    577     515534.80000
    578     476300.10000
    579     418653.50000
    580     399338.60000
    581     402147.20000
    582     391137.50000
    583     385889.60000
    584     382147.40000
    585     350081.90000
    586     343733.70000
    587     396484.90000
    588     440449.20000
    589     441036.50000
    590     428662.90000
    591     431018.60000
    592     435746.80000
    593     420585.80000
    594     415027.90000
    595     422655.90000
    596     416542.60000
    597     425158.70000
    598     423806.00000
    599     369649.90000
    600     349910.10000
    601     405499.80000
    602     436792.60000
    603     407565.10000
    604     381750.40000
    605     375521.10000
    606     364418.40000
    607     372002.60000
    608     404261.20000
    609     413483.80000
    610     394057.30000
    611     378539.80000
    612     374268.10000
    613     388253.20000
    614     438425.80000
    615     496981.30000
    616     510158.60000
    617     476925.80000
    618     437567.00000
    619     424149.60000
    620     419391.70000
    621     387398.00000
    622     355364.40000
    623     346101.30000
    624     337666.40000
    625     348860.10000
    626     396633.90000
    627     449703.90000
    628     490358.60000
    629     498717.80000
    630     450830.10000
    631     396008.20000
    632     394313.70000
    633     426129.40000
    634     456641.80000
    635     460407.00000
    636     420879.10000
    637     368947.20000
    638     336281.20000
    639     340903.70000
    640     390952.30000
    641     431041.40000
    642     422841.20000
    643     417005.10000
    644     433436.80000
    645     441899.80000
