      1     303662.50000
      2     209045.50000
      3     149412.20000
      4     204016.50000
      5     321090.60000
      6     340197.10000
      7     250797.30000
      8     236039.30000
      9     280290.00000
     10     262145.20000
     11     271325.00000
     12     304634.20000
     13     303117.60000
     14     324508.90000
     15     340839.00000
     16     359192.80000
     17     374333.30000
     18     352771.50000
     19     295309.10000
     20     247678.00000
     21     258886.40000
     22     299568.00000
     23     324399.10000
     24     320139.60000
     25     292112.50000
     26     331380.10000
     27     450205.00000
     28     466130.20000
     29     402156.40000
     30     368591.00000
     31     367063.60000
     32     325658.60000
     33     278103.10000
     34     356005.80000
     35     398333.90000
     36     347854.70000
     37     373299.80000
     38     407879.10000
     39     403362.00000
     40     408990.50000
     41     374875.90000
     42     290315.70000
     43     205886.50000
     44     224339.30000
     45     338164.50000
     46     393398.20000
     47     408272.20000
     48     399488.90000
     49     346154.70000
     50     340922.10000
     51     334787.20000
     52     385956.80000
     53     517497.50000
     54     524486.20000
     55     474500.30000
     56     461784.10000
     57     433699.80000
     58     421518.50000
     59     416911.40000
     60     406641.90000
     61     459221.70000
     62     598765.40000
     63     602947.10000
     64     476259.20000
     65     492106.00000
     66     547818.00000
     67     543227.30000
     68     587189.50000
     69     642651.60000
     70     667789.00000
     71     679892.10000
     72     643353.00000
     73     615303.80000
     74     650600.50000
     75     737668.40000
     76     852917.60000
     77     880526.60000
     78     876554.60000
     79     968397.60000
     80    1055356.00000
     81    1090063.00000
     82    1173509.00000
     83    1302256.00000
     84    1378065.00000
     85    1495326.00000
     86    1762492.00000
     87    2024026.00000
     88    2183855.00000
     89    2369056.00000
     90    2671528.00000
     91    3010126.00000
     92    3372566.00000
     93    3803846.00000
     94    4309338.00000
     95    5096778.00000
     96    6240761.00000
     97    7745077.00000
     98    10009980.00000
     99    13655360.00000
    100    19157770.00000
    101    26992530.00000
    102    36676850.00000
    103    44548670.00000
    104    45696130.00000
    105    39462020.00000
    106    30083280.00000
    107    21793270.00000
    108    15948800.00000
    109    12057280.00000
    110    9477464.00000
    111    7780398.00000
    112    6508410.00000
    113    5419503.00000
    114    4462212.00000
    115    3701760.00000
    116    3235320.00000
    117    2912920.00000
    118    2560209.00000
    119    2233858.00000
    120    2011238.00000
    121    1836728.00000
    122    1687491.00000
    123    1542804.00000
    124    1412143.00000
    125    1395442.00000
    126    1440509.00000
    127    1425660.00000
    128    1421830.00000
    129    1437030.00000
    130    1329872.00000
    131    1145736.00000
    132    1035479.00000
    133     931305.50000
    134     819400.60000
    135     850530.90000
    136     914211.40000
    137     922853.20000
    138     871870.10000
    139     752435.30000
    140     737059.50000
    141     821728.60000
    142     826959.00000
    143     751034.30000
    144     713133.20000
    145     748627.90000
    146     797884.90000
    147     870446.20000
    148     858427.50000
    149     756966.40000
    150     776162.80000
    151     789867.90000
    152     757379.10000
    153     790530.90000
    154     728329.00000
    155     641026.20000
    156     736181.00000
    157     966674.50000
    158    1133616.00000
    159    1087633.00000
    160     935895.10000
    161     865480.90000
    162     906863.00000
    163    1038153.00000
    164    1252839.00000
    165    1508482.00000
    166    1549084.00000
    167    1349987.00000
    168    1189266.00000
    169    1076043.00000
    170    1035892.00000
    171    1135269.00000
    172    1244326.00000
    173    1370223.00000
    174    1527910.00000
    175    1588313.00000
    176    1657400.00000
    177    1897031.00000
    178    2228482.00000
    179    2641996.00000
    180    3302772.00000
    181    4395595.00000
    182    6156007.00000
    183    9588580.00000
    184    17190870.00000
    185    37737100.00000
    186    79002940.00000
    187    107421000.00000
    188    84980040.00000
    189    42744250.00000
    190    19268010.00000
    191    10573190.00000
    192    6801258.00000
    193    4796392.00000
    194    3595596.00000
    195    2819694.00000
    196    2289485.00000
    197    2002010.00000
    198    1782578.00000
    199    1673934.00000
    200    1572180.00000
    201    1406893.00000
    202    1300756.00000
    203    1208548.00000
    204    1134044.00000
    205    1072201.00000
    206     951659.60000
    207     799826.40000
    208     699116.20000
    209     694803.80000
    210     749104.70000
    211     768126.10000
    212     749055.70000
    213     756602.00000
    214     784335.80000
    215     810450.60000
    216     792127.80000
    217     748079.30000
    218     702192.40000
    219     651779.80000
    220     638791.80000
    221     633744.20000
    222     539878.70000
    223     472757.50000
    224     524254.70000
    225     556597.80000
    226     566339.50000
    227     537193.90000
    228     435294.50000
    229     471994.40000
    230     629624.60000
    231     670842.20000
    232     578401.00000
    233     452288.30000
    234     430209.80000
    235     515564.40000
    236     575609.40000
    237     622816.60000
    238     609532.10000
    239     527838.20000
    240     519647.20000
    241     576060.70000
    242     629950.40000
    243     663181.00000
    244     651790.80000
    245     668840.20000
    246     679049.00000
    247     607759.10000
    248     551825.90000
    249     571144.20000
    250     572167.50000
    251     509671.10000
    252     514322.00000
    253     586910.50000
    254     623772.70000
    255     633950.50000
    256     635771.90000
    257     629211.00000
    258     677152.40000
    259     701827.20000
    260     607108.20000
    261     503468.40000
    262     429775.50000
    263     399497.20000
    264     435192.90000
    265     481927.10000
    266     508314.40000
    267     489542.40000
    268     498133.40000
    269     563102.80000
    270     575360.90000
    271     532096.10000
    272     542329.40000
    273     626584.20000
    274     668924.60000
    275     625628.80000
    276     596700.80000
    277     634044.20000
    278     672830.60000
    279     656976.50000
    280     668907.80000
    281     698196.10000
    282     724696.80000
    283     822859.40000
    284     854696.20000
    285     739722.40000
    286     628878.20000
    287     630084.80000
    288     676971.00000
    289     721005.10000
    290     815188.90000
    291     861089.50000
    292     875731.90000
    293     945761.90000
    294     957347.60000
    295     929915.20000
    296     949399.40000
    297    1014746.00000
    298    1066401.00000
    299    1171509.00000
    300    1375548.00000
    301    1517015.00000
    302    1559818.00000
    303    1645992.00000
    304    1892669.00000
    305    2165270.00000
    306    2390562.00000
    307    2715326.00000
    308    3166065.00000
    309    3808247.00000
    310    4742078.00000
    311    6073420.00000
    312    8090536.00000
    313    11371070.00000
    314    17119080.00000
    315    27547860.00000
    316    44292830.00000
    317    61714880.00000
    318    66982740.00000
    319    56535580.00000
    320    40388460.00000
    321    26974390.00000
    322    18064300.00000
    323    12815250.00000
    324    9692306.00000
    325    7650144.00000
    326    6191221.00000
    327    5143436.00000
    328    4463827.00000
    329    4064174.00000
    330    3944114.00000
    331    4007333.00000
    332    4054823.00000
    333    3882501.00000
    334    3596467.00000
    335    3494396.00000
    336    3589244.00000
    337    3860615.00000
    338    4162644.00000
    339    4329579.00000
    340    4607121.00000
    341    5038995.00000
    342    5538652.00000
    343    6250015.00000
    344    7316684.00000
    345    8881350.00000
    346    11279160.00000
    347    15516460.00000
    348    23821360.00000
    349    40240660.00000
    350    66583910.00000
    351    91508170.00000
    352    106962400.00000
    353    121201500.00000
    354    119099700.00000
    355    87345420.00000
    356    54453660.00000
    357    35806680.00000
    358    23552350.00000
    359    15960530.00000
    360    12071580.00000
    361    9860096.00000
    362    8484959.00000
    363    7478574.00000
    364    6699472.00000
    365    6113843.00000
    366    5660760.00000
    367    5384570.00000
    368    5314957.00000
    369    5486551.00000
    370    6010054.00000
    371    6876566.00000
    372    7903380.00000
    373    9334937.00000
    374    12462750.00000
    375    20113040.00000
    376    39694560.00000
    377    72263520.00000
    378    89930640.00000
    379    73435790.00000
    380    46559950.00000
    381    28589840.00000
    382    17788740.00000
    383    11988330.00000
    384    9026042.00000
    385    7154061.00000
    386    5888018.00000
    387    5137823.00000
    388    4718004.00000
    389    4517565.00000
    390    4481471.00000
    391    4416264.00000
    392    4194505.00000
    393    3798689.00000
    394    3445064.00000
    395    3255175.00000
    396    3145071.00000
    397    3120070.00000
    398    3158118.00000
    399    3318729.00000
    400    3627492.00000
    401    3990700.00000
    402    4439961.00000
    403    5075215.00000
    404    6049144.00000
    405    7706298.00000
    406    10588510.00000
    407    15730740.00000
    408    26137470.00000
    409    46612620.00000
    410    69227390.00000
    411    71550660.00000
    412    53145300.00000
    413    34887290.00000
    414    23174930.00000
    415    14865780.00000
    416    9811814.00000
    417    7189138.00000
    418    5658706.00000
    419    4679568.00000
    420    4091746.00000
    421    3742468.00000
    422    3533214.00000
    423    3295846.00000
    424    3011132.00000
    425    2646683.00000
    426    2270743.00000
    427    2127856.00000
    428    2045583.00000
    429    1878135.00000
    430    1827228.00000
    431    1829629.00000
    432    1663797.00000
    433    1467254.00000
    434    1392029.00000
    435    1389084.00000
    436    1350284.00000
    437    1249695.00000
    438    1209620.00000
    439    1213779.00000
    440    1249626.00000
    441    1283336.00000
    442    1249379.00000
    443    1210055.00000
    444    1141369.00000
    445    1072822.00000
    446    1051102.00000
    447    1080761.00000
    448    1094675.00000
    449    1010813.00000
    450    1015197.00000
    451    1100176.00000
    452    1091216.00000
    453    1034773.00000
    454    1032900.00000
    455    1004694.00000
    456     942116.90000
    457     954024.30000
    458     949007.40000
    459     844538.40000
    460     790861.50000
    461     889693.50000
    462     925291.80000
    463     878865.10000
    464     917345.60000
    465     946141.60000
    466     867908.90000
    467     819523.80000
    468     857601.00000
    469     861320.20000
    470     801502.90000
    471     779349.40000
    472     754982.40000
    473     696978.60000
    474     743396.80000
    475     805089.80000
    476     775025.10000
    477     766758.60000
    478     803253.90000
    479     829263.00000
    480     834577.90000
    481     840849.60000
    482     793038.90000
    483     707438.80000
    484     699452.60000
    485     709626.70000
    486     763210.10000
    487     787580.80000
    488     739002.50000
    489     732845.80000
    490     756839.40000
    491     823900.10000
    492     823819.40000
    493     759802.10000
    494     773842.80000
    495     816660.70000
    496     809201.30000
    497     810185.80000
    498     907241.50000
    499     977448.60000
    500     914485.60000
    501     876666.80000
    502     859936.00000
    503     798444.40000
    504     797279.20000
    505     798326.20000
    506     785154.00000
    507     844557.10000
    508     857614.50000
    509     841157.30000
    510     859472.80000
    511     801981.10000
    512     793002.60000
    513     874366.80000
    514     885585.40000
    515     855360.70000
    516     870846.60000
    517     873867.90000
    518     831674.20000
    519     819833.30000
    520     829373.00000
    521     806230.80000
    522     798957.80000
    523     817638.70000
    524     864310.20000
    525     864144.10000
    526     767583.90000
    527     761804.20000
    528     807422.40000
    529     778459.40000
    530     789914.70000
    531     861246.60000
    532     896617.90000
    533     875223.10000
    534     852756.10000
    535     874245.80000
    536     871918.90000
    537     873682.80000
    538     899591.20000
    539     943233.90000
    540     975589.80000
    541     945130.10000
    542     920041.30000
    543     925120.90000
    544     992107.80000
    545    1071260.00000
    546    1032318.00000
    547     899598.90000
    548     844065.90000
    549     928862.90000
    550    1039708.00000
    551    1152886.00000
    552    1272797.00000
    553    1350598.00000
    554    1447577.00000
    555    1579560.00000
    556    1723760.00000
    557    1980622.00000
    558    2336262.00000
    559    2874946.00000
    560    3619846.00000
    561    4297182.00000
    562    4756888.00000
    563    5136417.00000
    564    5785186.00000
    565    6903116.00000
    566    8792730.00000
    567    12852750.00000
    568    22044270.00000
    569    43712470.00000
    570    77593950.00000
    571    94463910.00000
    572    76495850.00000
    573    49198450.00000
    574    30940790.00000
    575    18801630.00000
    576    11585600.00000
    577    8062638.00000
    578    6101914.00000
    579    4788732.00000
    580    3860959.00000
    581    3237977.00000
    582    2783173.00000
    583    2420372.00000
    584    2208058.00000
    585    2148746.00000
    586    2095444.00000
    587    1909501.00000
    588    1727592.00000
    589    1644124.00000
    590    1497240.00000
    591    1362957.00000
    592    1383877.00000
    593    1367527.00000
    594    1241592.00000
    595    1126899.00000
    596    1046878.00000
    597    1029171.00000
    598    1054760.00000
    599    1042941.00000
    600     951398.10000
    601     895707.00000
    602     923155.10000
    603     887302.10000
    604     860401.40000
    605     875622.40000
    606     859204.10000
    607     855747.00000
    608     814925.20000
    609     812854.20000
    610     855118.40000
    611     817945.80000
    612     802952.00000
    613     832592.80000
    614     813636.10000
    615     733562.80000
    616     726409.80000
    617     771146.60000
    618     775301.90000
    619     803478.90000
    620     776328.20000
    621     745974.90000
    622     751319.00000
    623     704290.10000
    624     639091.10000
    625     643916.40000
    626     710725.80000
    627     735082.80000
    628     749902.20000
    629     803676.20000
    630     779100.40000
    631     718033.80000
    632     718205.40000
    633     726709.80000
    634     741333.60000
    635     719852.10000
    636     675995.50000
    637     672510.90000
    638     753015.30000
    639     827604.10000
    640     741220.40000
    641     680828.10000
    642     709467.00000
    643     698237.10000
    644     701945.20000
    645     748550.60000
    646     809481.80000
    647     846714.60000
    648     790767.90000
    649     761221.40000
    650     839282.40000
    651     805911.70000
    652     752827.90000
    653     759327.40000
    654     752222.60000
    655     781672.10000
    656     805809.00000
    657     824630.80000
    658     838512.90000
    659     872842.70000
    660     909247.40000
    661     866871.60000
    662     776107.40000
    663     729176.00000
    664     720063.20000
    665     744733.90000
    666     800766.20000
    667     774692.60000
    668     711106.30000
    669     737077.80000
    670     775472.90000
    671     815206.80000
    672     889132.00000
    673     910888.90000
    674     887057.80000
    675     877238.90000
    676     946824.90000
    677    1000102.00000
    678     970801.70000
    679     975787.80000
    680     996124.10000
    681    1062509.00000
    682    1156665.00000
    683    1108752.00000
    684    1037334.00000
    685    1075984.00000
    686    1061542.00000
    687     957371.20000
    688     860143.80000
    689     814809.30000
    690     833524.20000
    691     884920.90000
    692     927204.10000
    693     913207.60000
    694     854695.10000
    695     859560.70000
    696     871600.10000
    697     839368.90000
    698     892326.90000
    699     919126.10000
    700     851491.10000
    701     848589.80000
    702     907701.00000
    703     947699.80000
    704     968699.30000
    705     989791.70000
    706     967120.80000
    707     940091.40000
    708     950821.80000
    709     934440.60000
    710     967034.50000
    711    1078302.00000
    712    1116761.00000
    713    1064503.00000
    714    1134349.00000
    715    1218159.00000
    716    1059125.00000
    717     977709.00000
    718    1150696.00000
    719    1251296.00000
    720    1235179.00000
    721    1323936.00000
    722    1456079.00000
    723    1524695.00000
    724    1628899.00000
    725    1690095.00000
    726    1680687.00000
    727    1698152.00000
    728    1725421.00000
    729    1713395.00000
    730    1713671.00000
    731    1797629.00000
    732    1841238.00000
    733    1911831.00000
    734    2035900.00000
    735    2042476.00000
    736    2023543.00000
    737    2053808.00000
    738    2154634.00000
    739    2318786.00000
    740    2438039.00000
    741    2560804.00000
    742    2709456.00000
    743    2803671.00000
    744    2908470.00000
    745    3200176.00000
    746    3540595.00000
    747    3712497.00000
    748    3816237.00000
    749    3859500.00000
    750    3853194.00000
    751    3935206.00000
    752    4026903.00000
    753    4047209.00000
    754    4135637.00000
    755    4283784.00000
    756    4353852.00000
    757    4450379.00000
    758    4665674.00000
    759    4896245.00000
    760    5016560.00000
    761    4988928.00000
    762    5008064.00000
    763    5198970.00000
    764    5472044.00000
    765    5844632.00000
    766    6251594.00000
    767    6537142.00000
    768    6839400.00000
    769    7366396.00000
    770    8086586.00000
    771    8933760.00000
    772    10029180.00000
    773    11373220.00000
    774    13010080.00000
    775    15152960.00000
    776    17898280.00000
    777    21578800.00000
    778    26896120.00000
    779    35257760.00000
    780    49736460.00000
    781    70378780.00000
    782    84979280.00000
    783    79974380.00000
    784    61518420.00000
    785    45317540.00000
    786    35862800.00000
    787    29016900.00000
    788    22448890.00000
    789    17047980.00000
    790    13397110.00000
    791    11016540.00000
    792    9324738.00000
    793    7984873.00000
    794    6997836.00000
    795    6341491.00000
    796    5732738.00000
    797    5118362.00000
    798    4678856.00000
    799    4341011.00000
    800    4008454.00000
    801    3730782.00000
    802    3532062.00000
    803    3302574.00000
    804    3086349.00000
    805    3018015.00000
    806    2976662.00000
    807    2871106.00000
    808    2784546.00000
    809    2751794.00000
    810    2703559.00000
    811    2664740.00000
    812    2683393.00000
    813    2759229.00000
    814    2783207.00000
    815    2644212.00000
    816    2454278.00000
    817    2277421.00000
    818    2103174.00000
    819    1989605.00000
    820    1940113.00000
    821    1916095.00000
    822    1908107.00000
    823    1797159.00000
    824    1676078.00000
    825    1709038.00000
    826    1750550.00000
    827    1718838.00000
    828    1672528.00000
    829    1648670.00000
    830    1611158.00000
    831    1549437.00000
    832    1511376.00000
    833    1460226.00000
    834    1412687.00000
    835    1410151.00000
    836    1378956.00000
    837    1359427.00000
    838    1363678.00000
    839    1406422.00000
    840    1424698.00000
    841    1327663.00000
    842    1332165.00000
    843    1354715.00000
    844    1331782.00000
    845    1345851.00000
    846    1298715.00000
    847    1288569.00000
    848    1270055.00000
    849    1208226.00000
    850    1216671.00000
    851    1235969.00000
    852    1266718.00000
    853    1290012.00000
    854    1253839.00000
    855    1196109.00000
    856    1110746.00000
    857    1097559.00000
    858    1123103.00000
    859    1110209.00000
    860    1110189.00000
    861    1060262.00000
    862    1036170.00000
    863    1085248.00000
    864    1070234.00000
    865    1053944.00000
    866    1092104.00000
    867    1063947.00000
    868    1036388.00000
    869    1021403.00000
    870     959519.60000
    871    1015227.00000
    872    1111255.00000
    873    1051919.00000
    874    1015207.00000
    875    1030796.00000
    876     990880.90000
    877    1030785.00000
    878    1123201.00000
    879    1107239.00000
    880    1051738.00000
    881    1048954.00000
    882    1061942.00000
    883    1091865.00000
    884    1080994.00000
    885    1025037.00000
    886    1019624.00000
    887    1029694.00000
    888    1038884.00000
    889    1034707.00000
    890     989468.20000
    891     963568.10000
    892     982944.60000
    893     973145.10000
    894     927016.70000
    895     948308.20000
    896    1057865.00000
    897    1125815.00000
    898    1104842.00000
    899    1060529.00000
    900    1019309.00000
    901    1018724.00000
    902    1034500.00000
    903    1046712.00000
    904    1065839.00000
    905    1072242.00000
    906    1045284.00000
    907    1039332.00000
    908    1101588.00000
    909    1134521.00000
    910    1090081.00000
    911    1028011.00000
    912    1009577.00000
    913    1031825.00000
    914     982616.60000
    915     920990.10000
    916     972789.10000
    917     998962.40000
    918     941886.10000
    919     872971.00000
    920     829969.90000
    921     850306.20000
    922     919031.80000
    923     970066.20000
    924     972293.90000
    925     955532.60000
    926     965962.90000
    927    1020202.00000
    928    1055411.00000
    929    1034555.00000
    930     959434.90000
    931     849789.10000
    932     832303.10000
    933     942020.80000
    934    1004194.00000
    935     979154.90000
    936     965243.80000
    937     941729.40000
    938     947550.90000
    939    1005059.00000
    940     989980.50000
    941     952003.50000
    942     947349.80000
    943     942561.00000
    944     978666.10000
    945     970550.30000
    946     934262.80000
    947    1014607.00000
    948    1043206.00000
    949     916160.80000
    950     837453.40000
    951     889970.50000
    952     976678.70000
    953    1007626.00000
    954     990589.50000
    955     967274.60000
    956    1017118.00000
    957    1105202.00000
    958    1111406.00000
    959    1084476.00000
    960    1074435.00000
    961    1052845.00000
    962     981502.10000
    963     903516.00000
    964     923830.90000
    965     984273.80000
    966    1045808.00000
    967    1090129.00000
    968    1031571.00000
    969     960046.90000
    970     937662.00000
    971     982148.20000
    972    1051392.00000
    973    1022165.00000
    974     933135.90000
    975     897059.80000
    976     984278.20000
    977    1044164.00000
    978     974353.60000
    979     972709.40000
    980     975663.80000
    981     872636.20000
    982     847559.20000
    983     888431.10000
    984     923180.20000
    985     936037.10000
    986     895519.50000
    987     934230.50000
    988     985741.30000
    989     926581.70000
    990     902708.50000
    991     909052.00000
    992     874007.90000
    993     872867.10000
    994     912413.80000
    995     932581.60000
    996     924225.90000
    997     922515.80000
    998     891654.40000
    999     875648.10000
   1000     931759.40000
   1001     921063.80000
   1002     867123.10000
   1003     871894.90000
   1004     888129.40000
   1005     899898.00000
   1006     937901.30000
   1007     957887.10000
   1008     916630.00000
   1009     892075.80000
   1010     925382.90000
   1011     909162.70000
   1012     849654.50000
   1013     887851.80000
   1014     915587.20000
   1015     803889.30000
   1016     734291.80000
   1017     788681.50000
   1018     823420.10000
   1019     808121.50000
   1020     855266.80000
   1021     969040.10000
   1022     946408.10000
   1023     860437.40000
   1024     871439.30000
   1025     830918.60000
   1026     802026.10000
   1027     876851.90000
   1028     931025.20000
