      1     236498.90000
      2     189277.10000
      3     176610.90000
      4     220443.40000
      5     235455.90000
      6     186017.40000
      7     164096.20000
      8     185822.60000
      9     191358.70000
     10     194161.50000
     11     223166.40000
     12     261051.50000
     13     273973.80000
     14     240244.80000
     15     201309.20000
     16     212132.20000
     17     233633.80000
     18     234535.80000
     19     250471.20000
     20     258845.90000
     21     242710.00000
     22     254141.90000
     23     279932.90000
     24     266374.80000
     25     240310.80000
     26     250118.60000
     27     275496.60000
     28     297111.60000
     29     327436.60000
     30     332726.20000
     31     298014.80000
     32     280411.60000
     33     300282.20000
     34     326242.00000
     35     342535.00000
     36     348040.90000
     37     347624.50000
     38     371844.50000
     39     429322.80000
     40     469191.80000
     41     479356.90000
     42     504860.60000
     43     544024.50000
     44     572508.80000
     45     602375.40000
     46     636765.40000
     47     676827.90000
     48     753552.20000
     49     858498.40000
     50     956456.00000
     51    1053032.00000
     52    1158936.00000
     53    1292128.00000
     54    1459118.00000
     55    1620842.00000
     56    1810115.00000
     57    2122610.00000
     58    2569301.00000
     59    3122252.00000
     60    3780900.00000
     61    4498758.00000
     62    5166760.00000
     63    5619542.00000
     64    5668454.00000
     65    5291005.00000
     66    4687588.00000
     67    4063450.00000
     68    3492886.00000
     69    2977552.00000
     70    2528853.00000
     71    2170855.00000
     72    1891474.00000
     73    1655493.00000
     74    1458469.00000
     75    1308544.00000
     76    1184292.00000
     77    1063614.00000
     78     961302.40000
     79     908603.90000
     80     892847.40000
     81     851277.40000
     82     770413.10000
     83     718430.40000
     84     739870.40000
     85     774826.90000
     86     750490.20000
     87     707258.10000
     88     705798.00000
     89     737592.30000
     90     791466.50000
     91     868721.40000
     92     953424.10000
     93    1003996.00000
     94    1025004.00000
     95    1086175.00000
     96    1251663.00000
     97    1591001.00000
     98    1985604.00000
     99    2057209.00000
    100    1710608.00000
    101    1300220.00000
    102    1080753.00000
    103    1008922.00000
    104     984105.50000
    105     978292.90000
    106    1034092.00000
    107    1133914.00000
    108    1204887.00000
    109    1273480.00000
    110    1382550.00000
    111    1527560.00000
    112    1709955.00000
    113    2042586.00000
    114    2664604.00000
    115    4118876.00000
    116    8246424.00000
    117    14718320.00000
    118    17642670.00000
    119    13458280.00000
    120    7160930.00000
    121    3910355.00000
    122    3132004.00000
    123    2822955.00000
    124    2308040.00000
    125    1748398.00000
    126    1517250.00000
    127    1541729.00000
    128    1576447.00000
    129    1608584.00000
    130    1620596.00000
    131    1513175.00000
    132    1306630.00000
    133    1118783.00000
    134     979826.60000
    135     881276.80000
    136     816294.20000
    137     751619.50000
    138     689080.60000
    139     630892.70000
    140     565654.00000
    141     515140.40000
    142     511904.40000
    143     551435.60000
    144     596835.20000
    145     647144.20000
    146     682775.50000
    147     642669.60000
    148     576513.90000
    149     573049.60000
    150     598686.00000
    151     604719.40000
    152     611445.20000
    153     636106.40000
    154     650449.00000
    155     629152.20000
    156     610115.00000
    157     627600.10000
    158     656782.10000
    159     670736.90000
    160     667470.80000
    161     679956.70000
    162     695446.20000
    163     638548.60000
    164     554291.90000
    165     532077.20000
    166     545102.80000
    167     554617.40000
    168     555378.60000
    169     578622.00000
    170     628658.80000
    171     616943.10000
    172     556033.90000
    173     558153.00000
    174     618119.90000
    175     667494.20000
    176     691603.50000
    177     706306.60000
    178     720200.00000
    179     739610.90000
    180     776235.50000
    181     831128.00000
    182     885578.00000
    183     916658.50000
    184     935727.00000
    185     975161.20000
    186    1058572.00000
    187    1204766.00000
    188    1386322.00000
    189    1573848.00000
    190    1814696.00000
    191    2139708.00000
    192    2550984.00000
    193    3181504.00000
    194    4234518.00000
    195    6133207.00000
    196    9798776.00000
    197    14924680.00000
    198    18251550.00000
    199    16914450.00000
    200    12414150.00000
    201    8174494.00000
    202    5541176.00000
    203    4086008.00000
    204    3292124.00000
    205    2881248.00000
    206    2669518.00000
    207    2573562.00000
    208    2612573.00000
    209    2760927.00000
    210    2956008.00000
    211    3205583.00000
    212    3521157.00000
    213    3907246.00000
    214    4349754.00000
    215    5004719.00000
    216    6168704.00000
    217    8315602.00000
    218    12617400.00000
    219    18744990.00000
    220    23763830.00000
    221    26433290.00000
    222    26679600.00000
    223    22593120.00000
    224    15287860.00000
    225    9438535.00000
    226    6670452.00000
    227    5598894.00000
    228    5192816.00000
    229    4888384.00000
    230    4456230.00000
    231    3999855.00000
    232    3648580.00000
    233    3534930.00000
    234    3730270.00000
    235    4308905.00000
    236    5244708.00000
    237    6596682.00000
    238    9866579.00000
    239    15964670.00000
    240    20587220.00000
    241    18778680.00000
    242    12906800.00000
    243    8324162.00000
    244    6212659.00000
    245    5279580.00000
    246    4771843.00000
    247    4555768.00000
    248    4837346.00000
    249    5686076.00000
    250    7508660.00000
    251    11442360.00000
    252    16070000.00000
    253    16733610.00000
    254    12340910.00000
    255    7153480.00000
    256    4111380.00000
    257    2756018.00000
    258    2172702.00000
    259    1900917.00000
    260    1723300.00000
    261    1621304.00000
    262    1569005.00000
    263    1506072.00000
    264    1414225.00000
    265    1321740.00000
    266    1238247.00000
    267    1172965.00000
    268    1132148.00000
    269    1094012.00000
    270    1066530.00000
    271    1055979.00000
    272    1044911.00000
    273    1031380.00000
    274    1017826.00000
    275    1025902.00000
    276    1063810.00000
    277    1085897.00000
    278    1096234.00000
    279    1143337.00000
    280    1192175.00000
    281    1203542.00000
    282    1201636.00000
    283    1184600.00000
    284    1148579.00000
    285    1128174.00000
    286    1137507.00000
    287    1165430.00000
    288    1195229.00000
    289    1187338.00000
    290    1124136.00000
    291    1059242.00000
    292    1037447.00000
    293    1031020.00000
    294    1002797.00000
    295     973819.40000
    296     966409.10000
    297     940010.40000
    298     894584.70000
    299     881637.10000
    300     876942.60000
    301     840828.60000
    302     795794.90000
    303     765881.90000
    304     750217.40000
    305     734381.40000
    306     709276.60000
    307     695704.60000
    308     711706.40000
    309     721752.20000
    310     694566.40000
    311     666103.00000
    312     657473.20000
    313     642594.40000
    314     621433.10000
    315     617604.50000
    316     631108.40000
    317     633501.80000
    318     612442.00000
    319     595475.50000
    320     585841.90000
    321     568134.40000
    322     575152.80000
    323     611795.50000
    324     625253.10000
    325     608941.10000
    326     583879.60000
    327     556975.90000
    328     537710.80000
    329     511178.70000
    330     480932.80000
    331     492519.90000
    332     539665.80000
    333     570133.70000
    334     572982.90000
    335     564247.50000
    336     534450.70000
    337     484379.90000
    338     462018.00000
    339     488940.70000
    340     505192.20000
    341     456628.70000
    342     390142.40000
    343     387705.30000
    344     444697.80000
    345     488885.90000
    346     478033.50000
    347     437876.10000
    348     419786.80000
    349     426880.90000
    350     436710.10000
    351     459430.00000
    352     481300.80000
    353     462721.30000
    354     422746.80000
    355     403026.60000
    356     407849.40000
    357     424355.30000
    358     444595.70000
    359     465448.00000
    360     469531.60000
    361     454820.10000
    362     465239.60000
    363     498155.60000
    364     482590.40000
    365     432310.80000
    366     428657.90000
    367     436184.20000
    368     404711.90000
    369     409497.20000
    370     447385.80000
    371     424424.00000
    372     400536.50000
    373     465281.50000
    374     526202.30000
    375     495952.80000
    376     443887.10000
    377     433732.50000
    378     441822.20000
    379     442695.30000
    380     431332.70000
    381     425948.90000
    382     463911.00000
    383     516106.20000
    384     509805.30000
    385     476031.60000
    386     480605.00000
    387     486443.20000
    388     472631.10000
    389     474625.70000
    390     490146.60000
    391     517003.30000
    392     538070.40000
    393     522491.80000
    394     513037.10000
    395     551704.00000
    396     617128.60000
    397     679811.60000
    398     709570.90000
    399     686819.10000
    400     634026.50000
    401     593114.00000
    402     570027.40000
    403     551262.40000
    404     557091.80000
    405     573132.60000
    406     530140.20000
    407     455173.40000
    408     459553.80000
    409     541621.70000
    410     589928.60000
    411     565186.40000
    412     533827.80000
    413     532576.50000
    414     531758.30000
    415     535715.90000
    416     562907.80000
    417     574145.60000
    418     558887.60000
    419     556793.90000
    420     551871.30000
    421     514470.40000
    422     498095.70000
    423     555333.20000
    424     629421.90000
    425     645531.00000
    426     630770.90000
    427     632188.80000
    428     638704.80000
    429     638776.40000
    430     622587.20000
    431     584807.20000
    432     568399.90000
    433     598603.20000
    434     633539.80000
    435     634615.20000
    436     618445.20000
    437     619525.70000
    438     628362.40000
    439     616642.10000
    440     600746.90000
    441     614714.10000
    442     645802.90000
    443     653072.10000
    444     636686.80000
    445     632338.50000
    446     655715.80000
    447     682598.60000
    448     689205.10000
    449     711033.90000
    450     779303.10000
    451     843185.60000
    452     860602.90000
    453     863111.10000
    454     882807.00000
    455     912679.60000
    456     950990.10000
    457     996619.50000
    458    1012037.00000
    459     998524.10000
    460    1024728.00000
    461    1089090.00000
    462    1123720.00000
    463    1155290.00000
    464    1243835.00000
    465    1346405.00000
    466    1436784.00000
    467    1553250.00000
    468    1660474.00000
    469    1713699.00000
    470    1770919.00000
    471    1875462.00000
    472    1994023.00000
    473    2124566.00000
    474    2285969.00000
    475    2444516.00000
    476    2596655.00000
    477    2777050.00000
    478    2978594.00000
    479    3221328.00000
    480    3546916.00000
    481    3917350.00000
    482    4288635.00000
    483    4694812.00000
    484    5172820.00000
    485    5667748.00000
    486    6047714.00000
    487    6213960.00000
    488    6136830.00000
    489    5787954.00000
    490    5197428.00000
    491    4535103.00000
    492    3944709.00000
    493    3437634.00000
    494    3044746.00000
    495    2828851.00000
    496    2750018.00000
    497    2720410.00000
    498    2721971.00000
    499    2776554.00000
    500    2894874.00000
    501    3084552.00000
    502    3336785.00000
    503    3627494.00000
    504    3942470.00000
    505    4223668.00000
    506    4362901.00000
    507    4330568.00000
    508    4153836.00000
    509    3801166.00000
    510    3309383.00000
    511    2840629.00000
    512    2456949.00000
    513    2109637.00000
    514    1816803.00000
    515    1602494.00000
    516    1436402.00000
    517    1329528.00000
    518    1279217.00000
    519    1211094.00000
    520    1109798.00000
    521    1032052.00000
    522     984418.50000
    523     928393.00000
    524     872537.60000
    525     855758.40000
    526     851057.10000
    527     824342.20000
    528     816134.40000
    529     842341.40000
    530     870876.40000
    531     877773.80000
    532     858233.10000
    533     849886.00000
    534     853644.80000
    535     819331.60000
    536     761587.40000
    537     708021.40000
    538     657726.20000
    539     630763.90000
    540     622839.80000
    541     606647.40000
    542     573058.80000
    543     527756.60000
    544     487847.50000
    545     467408.40000
    546     492919.40000
    547     556520.60000
    548     569926.10000
    549     516512.40000
    550     482280.70000
    551     477038.30000
    552     466998.80000
    553     473384.50000
    554     482731.70000
    555     457935.70000
    556     435975.90000
    557     455156.20000
    558     475097.80000
    559     455392.10000
    560     442290.90000
    561     478545.40000
    562     514230.80000
    563     523119.20000
    564     521431.80000
    565     491333.00000
    566     464768.30000
    567     490282.50000
    568     514370.20000
    569     488502.80000
    570     477916.90000
    571     547671.10000
    572     658157.90000
    573     748355.20000
    574     768653.60000
    575     684101.20000
    576     568197.60000
    577     500002.20000
    578     475946.90000
    579     487329.60000
    580     478922.30000
    581     430544.50000
    582     414767.10000
    583     420250.20000
    584     415916.50000
    585     423924.50000
    586     412631.70000
    587     389939.90000
    588     405809.90000
    589     427525.90000
    590     435065.40000
    591     454238.70000
    592     470929.00000
    593     455399.20000
    594     404162.90000
    595     360793.10000
    596     371319.30000
    597     395662.80000
    598     383724.90000
    599     371119.70000
    600     382637.80000
    601     380300.10000
    602     363043.80000
    603     367268.20000
    604     389581.40000
    605     413232.70000
    606     433361.80000
    607     432193.60000
    608     403422.00000
    609     382576.00000
    610     396179.20000
    611     405189.80000
    612     377135.60000
    613     349341.50000
    614     348677.30000
    615     352943.50000
    616     354359.20000
    617     373600.20000
    618     406035.70000
    619     432467.40000
    620     455851.10000
    621     451801.20000
    622     409958.00000
    623     394209.80000
    624     412748.20000
    625     412052.90000
    626     408781.50000
    627     422593.40000
    628     415205.40000
    629     381514.90000
    630     350058.60000
    631     337846.70000
    632     361427.60000
    633     403812.20000
    634     426584.60000
    635     431256.20000
    636     430173.10000
    637     436309.20000
    638     456913.70000
    639     451532.40000
    640     427976.70000
    641     462952.90000
    642     518290.00000
    643     495092.20000
    644     438357.70000
    645     428873.60000
