      1     224149.50000
      2     227325.10000
      3     208307.60000
      4     258082.80000
      5     345673.90000
      6     349019.80000
      7     286815.40000
      8     253936.20000
      9     197254.40000
     10     117963.30000
     11     177502.70000
     12     291217.50000
     13     310611.80000
     14     264132.80000
     15     231912.40000
     16     248139.40000
     17     283866.80000
     18     294640.40000
     19     250667.70000
     20     203945.30000
     21     247919.30000
     22     322637.00000
     23     344297.50000
     24     334575.90000
     25     304089.90000
     26     285040.20000
     27     301573.80000
     28     331872.60000
     29     297630.00000
     30     257410.40000
     31     255020.00000
     32     232679.90000
     33     267448.00000
     34     279857.10000
     35     221356.20000
     36     248386.00000
     37     247349.60000
     38     183019.90000
     39     266099.00000
     40     360223.50000
     41     318180.10000
     42     335437.40000
     43     400869.20000
     44     397546.90000
     45     319949.50000
     46     221667.20000
     47     222055.20000
     48     283026.00000
     49     301271.40000
     50     242148.60000
     51     213618.80000
     52     281770.00000
     53     368639.80000
     54     357584.90000
     55     209673.90000
     56     192292.50000
     57     271437.40000
     58     254078.20000
     59     270874.90000
     60     280863.00000
     61     293840.20000
     62     333335.60000
     63     332877.10000
     64     361712.60000
     65     358070.10000
     66     290259.40000
     67     298375.50000
     68     366173.60000
     69     334253.00000
     70     259643.10000
     71     321001.80000
     72     384946.90000
     73     337522.80000
     74     329959.40000
     75     310301.30000
     76     237393.30000
     77     239410.30000
     78     255101.70000
     79     272144.00000
     80     372273.70000
     81     489891.00000
     82     475272.40000
     83     382290.20000
     84     396591.40000
     85     408106.10000
     86     351915.10000
     87     299975.60000
     88     304287.10000
     89     367843.30000
     90     412342.00000
     91     489115.10000
     92     477718.90000
     93     361426.30000
     94     375405.30000
     95     440082.50000
     96     419795.30000
     97     407691.80000
     98     454546.80000
     99     475830.60000
    100     477550.20000
    101     575302.60000
    102     676636.10000
    103     649125.20000
    104     507481.40000
    105     388646.20000
    106     424734.30000
    107     439052.70000
    108     421219.10000
    109     516544.60000
    110     605878.60000
    111     570725.60000
    112     488241.00000
    113     513993.90000
    114     553357.90000
    115     490247.10000
    116     515484.70000
    117     635318.40000
    118     622846.30000
    119     553799.40000
    120     587340.10000
    121     673270.20000
    122     756728.10000
    123     777342.10000
    124     759736.10000
    125     792807.60000
    126     876437.20000
    127     887855.80000
    128     884407.70000
    129    1018635.00000
    130    1143532.00000
    131    1175737.00000
    132    1247436.00000
    133    1381122.00000
    134    1525346.00000
    135    1634697.00000
    136    1958194.00000
    137    2635068.00000
    138    2963766.00000
    139    2732047.00000
    140    2538099.00000
    141    2544989.00000
    142    2615844.00000
    143    2774316.00000
    144    2989225.00000
    145    3305802.00000
    146    3808849.00000
    147    4423966.00000
    148    5091838.00000
    149    5935684.00000
    150    7324875.00000
    151    9661361.00000
    152    13603180.00000
    153    21236450.00000
    154    39250480.00000
    155    76915760.00000
    156    115789600.00000
    157    122163600.00000
    158    105981700.00000
    159    87952220.00000
    160    64561080.00000
    161    40340140.00000
    162    24190000.00000
    163    15430020.00000
    164    10710270.00000
    165    7931442.00000
    166    6192606.00000
    167    5004608.00000
    168    4121871.00000
    169    3521877.00000
    170    3066414.00000
    171    2660176.00000
    172    2329772.00000
    173    2101176.00000
    174    1972196.00000
    175    1867269.00000
    176    1744940.00000
    177    1577053.00000
    178    1432349.00000
    179    1337695.00000
    180    1223760.00000
    181    1055501.00000
    182     896162.00000
    183     807805.60000
    184     823180.30000
    185     857059.50000
    186     765786.60000
    187     660769.60000
    188     683392.40000
    189     711103.20000
    190     691024.60000
    191     726514.60000
    192     754552.40000
    193     712926.20000
    194     625052.50000
    195     541998.00000
    196     522982.40000
    197     552280.60000
    198     558943.80000
    199     526468.60000
    200     569620.80000
    201     587472.90000
    202     532106.40000
    203     507677.10000
    204     479913.20000
    205     455197.00000
    206     413472.80000
    207     316990.90000
    208     280479.80000
    209     356894.30000
    210     419775.10000
    211     404821.30000
    212     334911.10000
    213     351534.30000
    214     453267.10000
    215     445666.70000
    216     407010.00000
    217     404688.20000
    218     389003.30000
    219     342416.70000
    220     290945.90000
    221     344046.90000
    222     476620.90000
    223     593795.40000
    224     622399.40000
    225     572692.40000
    226     515202.90000
    227     462982.80000
    228     463404.30000
    229     495684.90000
    230     490679.10000
    231     490368.30000
    232     496342.80000
    233     471030.00000
    234     415022.20000
    235     443633.00000
    236     559922.30000
    237     646179.00000
    238     641954.10000
    239     586485.60000
    240     567348.30000
    241     543044.60000
    242     538048.90000
    243     537950.10000
    244     543068.00000
    245     555718.80000
    246     530632.80000
    247     452411.10000
    248     397818.00000
    249     387175.30000
    250     293868.90000
    251     262831.30000
    252     345692.00000
    253     416562.20000
    254     436674.40000
    255     404678.70000
    256     427165.20000
    257     493400.10000
    258     466356.40000
    259     372226.00000
    260     370388.90000
    261     462332.60000
    262     511427.40000
    263     470591.20000
    264     376067.90000
    265     322255.40000
    266     380775.40000
    267     517123.00000
    268     489097.20000
    269     336542.00000
    270     313595.30000
    271     341852.50000
    272     335713.00000
    273     296162.90000
    274     308271.10000
    275     357533.40000
    276     426362.50000
    277     496230.10000
    278     446797.30000
    279     396661.20000
    280     436863.60000
    281     481835.50000
    282     452019.60000
    283     419522.60000
    284     490857.10000
    285     553184.50000
    286     515496.20000
    287     464070.00000
    288     521277.50000
    289     643587.90000
    290     708317.40000
    291     733073.20000
    292     731742.50000
    293     662420.90000
    294     644247.00000
    295     712702.40000
    296     826285.00000
    297     953226.20000
    298    1044447.00000
    299    1138135.00000
    300    1207512.00000
    301    1238123.00000
    302    1301322.00000
    303    1470298.00000
    304    1650188.00000
    305    1815246.00000
    306    2028850.00000
    307    2232037.00000
    308    2452716.00000
    309    2770855.00000
    310    3242745.00000
    311    3918038.00000
    312    4803570.00000
    313    6103987.00000
    314    8095624.00000
    315    11277920.00000
    316    16947910.00000
    317    27155710.00000
    318    43273680.00000
    319    59605760.00000
    320    63681510.00000
    321    52888310.00000
    322    37406060.00000
    323    25005980.00000
    324    16919810.00000
    325    12062030.00000
    326    9167954.00000
    327    7333110.00000
    328    6096874.00000
    329    5436877.00000
    330    5065586.00000
    331    4771046.00000
    332    4768072.00000
    333    4970530.00000
    334    5157196.00000
    335    5433842.00000
    336    6039640.00000
    337    7239708.00000
    338    9213198.00000
    339    12948870.00000
    340    21478720.00000
    341    42796380.00000
    342    74872380.00000
    343    86440640.00000
    344    65591860.00000
    345    42208540.00000
    346    29445350.00000
    347    20948380.00000
    348    16616430.00000
    349    16651780.00000
    350    21050190.00000
    351    34366930.00000
    352    61168100.00000
    353    84573210.00000
    354    79826300.00000
    355    56361440.00000
    356    36941900.00000
    357    26472860.00000
    358    22985830.00000
    359    25120420.00000
    360    33646610.00000
    361    51097780.00000
    362    69901180.00000
    363    72175380.00000
    364    56610340.00000
    365    38736150.00000
    366    26006660.00000
    367    17836500.00000
    368    13061510.00000
    369    10411410.00000
    370    8995518.00000
    371    8178480.00000
    372    7716144.00000
    373    7618123.00000
    374    7814786.00000
    375    8169020.00000
    376    8726602.00000
    377    9818601.00000
    378    12160210.00000
    379    16826170.00000
    380    26104420.00000
    381    43211570.00000
    382    62191470.00000
    383    66181180.00000
    384    52595160.00000
    385    36076930.00000
    386    24080050.00000
    387    16052650.00000
    388    11221620.00000
    389    8450884.00000
    390    6863494.00000
    391    5814696.00000
    392    4932527.00000
    393    4208644.00000
    394    3668901.00000
    395    3355496.00000
    396    3182194.00000
    397    2936040.00000
    398    2743143.00000
    399    2635507.00000
    400    2479864.00000
    401    2352412.00000
    402    2209342.00000
    403    2065966.00000
    404    2012536.00000
    405    1880640.00000
    406    1729695.00000
    407    1712528.00000
    408    1662668.00000
    409    1595241.00000
    410    1590745.00000
    411    1528411.00000
    412    1464511.00000
    413    1489763.00000
    414    1434640.00000
    415    1333952.00000
    416    1339774.00000
    417    1349056.00000
    418    1341280.00000
    419    1364162.00000
    420    1342708.00000
    421    1235246.00000
    422    1137553.00000
    423    1117369.00000
    424    1083132.00000
    425    1024826.00000
    426    1060581.00000
    427    1087876.00000
    428     988238.80000
    429     961412.10000
    430    1071786.00000
    431    1081173.00000
    432     990995.70000
    433     968607.90000
    434    1008094.00000
    435     968073.40000
    436     868322.90000
    437     845475.60000
    438     867072.60000
    439     854678.50000
    440     846487.40000
    441     883734.60000
    442     896840.60000
    443     869543.70000
    444     871986.50000
    445     861840.60000
    446     811876.60000
    447     798360.30000
    448     815697.20000
    449     842525.00000
    450     889944.20000
    451     895885.90000
    452     849563.20000
    453     826618.60000
    454     814624.10000
    455     807362.20000
    456     761533.10000
    457     729184.90000
    458     748202.70000
    459     734221.50000
    460     776179.40000
    461     799804.90000
    462     738804.40000
    463     745022.50000
    464     757254.80000
    465     740732.00000
    466     728695.40000
    467     677549.20000
    468     702645.80000
    469     808391.40000
    470     778187.20000
    471     730538.60000
    472     749453.30000
    473     714312.60000
    474     717660.60000
    475     751871.30000
    476     750662.10000
    477     772888.90000
    478     779293.80000
    479     759336.90000
    480     785744.20000
    481     742617.10000
    482     655720.20000
    483     671817.90000
    484     774856.10000
    485     824874.90000
    486     796749.20000
    487     759305.40000
    488     690648.10000
    489     679240.60000
    490     726837.90000
    491     713493.40000
    492     649698.70000
    493     606913.10000
    494     661288.90000
    495     784936.10000
    496     864680.60000
    497     862434.40000
    498     816529.90000
    499     786564.60000
    500     795484.10000
    501     823189.50000
    502     864670.60000
    503     829823.40000
    504     749894.80000
    505     777317.40000
    506     777974.30000
    507     731371.10000
    508     741441.30000
    509     757247.60000
    510     777167.30000
    511     835300.80000
    512     803721.00000
    513     683487.10000
    514     689831.50000
    515     791355.60000
    516     855227.40000
    517     827412.40000
    518     765545.80000
    519     778711.60000
    520     820499.70000
    521     845190.90000
    522     868304.10000
    523     853542.20000
    524     803265.40000
    525     805844.90000
    526     863495.60000
    527     826935.60000
    528     753978.80000
    529     794143.80000
    530     849921.20000
    531     854926.10000
    532     780321.50000
    533     713007.60000
    534     736177.00000
    535     748951.60000
    536     774485.80000
    537     840405.40000
    538     846981.00000
    539     815728.80000
    540     801714.10000
    541     804532.40000
    542     843589.50000
    543     819454.60000
    544     753055.10000
    545     771345.40000
    546     777110.20000
    547     730799.80000
    548     757649.00000
    549     783846.00000
    550     777072.90000
    551     798928.30000
    552     757768.10000
    553     657938.40000
    554     629711.60000
    555     690459.00000
    556     771051.30000
    557     800809.80000
    558     782036.90000
    559     760158.60000
    560     735420.90000
    561     750892.30000
    562     776299.20000
    563     709262.20000
    564     660933.60000
    565     703684.90000
    566     744891.90000
    567     768513.00000
    568     759500.80000
    569     734922.60000
    570     717345.10000
    571     704994.90000
    572     669869.50000
    573     679898.40000
    574     776867.20000
    575     759475.10000
    576     639697.80000
    577     680530.10000
    578     868202.70000
    579     977993.80000
    580     982445.70000
    581    1083435.00000
    582    1248170.00000
    583    1369538.00000
    584    1410741.00000
    585    1272867.00000
    586    1108107.00000
    587    1043638.00000
    588     977930.50000
    589     892271.30000
    590     873960.50000
    591     913674.60000
    592     960011.90000
    593    1045695.00000
    594    1078144.00000
    595    1060255.00000
    596    1122237.00000
    597    1194489.00000
    598    1254802.00000
    599    1473745.00000
    600    1835058.00000
    601    1928684.00000
    602    1794826.00000
    603    1805668.00000
    604    1910889.00000
    605    2091844.00000
    606    2443446.00000
    607    3038916.00000
    608    3871220.00000
    609    4533770.00000
    610    4915695.00000
    611    5259254.00000
    612    5444820.00000
    613    5698084.00000
    614    6746518.00000
    615    9391213.00000
    616    15475390.00000
    617    31076730.00000
    618    63320980.00000
    619    90663650.00000
    620    81523100.00000
    621    52790000.00000
    622    31861540.00000
    623    18595390.00000
    624    10769300.00000
    625    7091420.00000
    626    5091165.00000
    627    4015250.00000
    628    3306312.00000
    629    2722698.00000
    630    2320586.00000
    631    2069024.00000
    632    1838073.00000
    633    1727234.00000
    634    1687623.00000
    635    1546312.00000
    636    1377258.00000
    637    1299544.00000
    638    1270389.00000
    639    1257327.00000
    640    1231547.00000
    641    1181514.00000
    642    1104790.00000
    643     947619.90000
    644     876014.80000
    645     941331.90000
    646     964212.90000
    647     929712.90000
    648     936109.20000
    649     993041.80000
    650     988597.80000
    651     971341.80000
    652     988346.10000
    653     999735.70000
    654    1004573.00000
    655     994697.50000
    656     965509.40000
    657     966014.70000
    658     966111.40000
    659     995824.10000
    660    1054453.00000
    661    1045521.00000
    662    1047682.00000
    663    1081475.00000
    664    1033803.00000
    665     949707.20000
    666     915003.80000
    667     896869.90000
    668     873615.90000
    669     879623.80000
    670     924862.20000
    671     900385.50000
    672     833824.00000
    673     892579.80000
    674     973734.40000
    675     961738.60000
    676     950366.70000
    677     935072.70000
    678     941834.20000
    679    1027988.00000
    680     978592.10000
    681     859770.80000
    682     878474.30000
    683     846293.00000
    684     837358.80000
    685     947851.00000
    686     953264.90000
    687     847971.10000
    688     827176.40000
    689     912564.20000
    690     967726.90000
    691     934017.10000
    692     896843.20000
    693     920880.40000
    694     911169.90000
    695     882395.40000
    696     919545.80000
    697     946261.50000
    698     962222.10000
    699     971824.90000
    700     971277.80000
    701     949686.90000
    702     901250.00000
    703     913544.60000
    704     936406.10000
    705     980702.80000
    706    1043406.00000
    707    1001921.00000
    708     952267.90000
    709     999473.80000
    710    1061316.00000
    711    1072536.00000
    712    1066672.00000
    713    1094128.00000
    714    1155834.00000
    715    1207885.00000
    716    1186019.00000
    717    1213192.00000
    718    1279300.00000
    719    1257081.00000
    720    1287493.00000
    721    1349456.00000
    722    1357308.00000
    723    1346184.00000
    724    1350577.00000
    725    1414774.00000
    726    1465782.00000
    727    1461612.00000
    728    1451402.00000
    729    1508181.00000
    730    1585672.00000
    731    1552361.00000
    732    1500767.00000
    733    1509041.00000
    734    1531399.00000
    735    1597666.00000
    736    1729484.00000
    737    1831550.00000
    738    1911572.00000
    739    2001748.00000
    740    2006364.00000
    741    2039330.00000
    742    2153524.00000
    743    2246884.00000
    744    2359350.00000
    745    2366224.00000
    746    2262447.00000
    747    2387515.00000
    748    2616520.00000
    749    2659392.00000
    750    2702918.00000
    751    2778942.00000
    752    2813293.00000
    753    2899555.00000
    754    3002333.00000
    755    3083909.00000
    756    3196955.00000
    757    3310473.00000
    758    3333640.00000
    759    3400206.00000
    760    3560840.00000
    761    3680826.00000
    762    3780104.00000
    763    3891613.00000
    764    4060718.00000
    765    4290102.00000
    766    4478668.00000
    767    4626698.00000
    768    4826288.00000
    769    5115670.00000
    770    5444421.00000
    771    5794759.00000
    772    6244314.00000
    773    6833610.00000
    774    7497878.00000
    775    8156840.00000
    776    8882689.00000
    777    9748373.00000
    778    10708080.00000
    779    11682040.00000
    780    12580590.00000
    781    13332130.00000
    782    13775460.00000
    783    13818370.00000
    784    13525460.00000
    785    12931110.00000
    786    12111080.00000
    787    11117550.00000
    788    10066960.00000
    789    9110696.00000
    790    8185214.00000
    791    7334087.00000
    792    6630516.00000
    793    6019615.00000
    794    5451634.00000
    795    4924494.00000
    796    4480706.00000
    797    4107102.00000
    798    3865422.00000
    799    3709048.00000
    800    3527072.00000
    801    3417846.00000
    802    3299755.00000
    803    3036548.00000
    804    2794492.00000
    805    2690618.00000
    806    2613122.00000
    807    2553126.00000
    808    2520144.00000
    809    2423130.00000
    810    2358221.00000
    811    2306310.00000
    812    2167060.00000
    813    2118922.00000
    814    2157776.00000
    815    2074438.00000
    816    1956386.00000
    817    1944479.00000
    818    1961633.00000
    819    1911133.00000
    820    1796428.00000
    821    1689458.00000
    822    1646409.00000
    823    1603826.00000
    824    1511990.00000
    825    1456380.00000
    826    1476658.00000
    827    1482990.00000
    828    1445060.00000
    829    1408052.00000
    830    1363207.00000
    831    1350050.00000
    832    1334804.00000
    833    1346846.00000
    834    1415432.00000
    835    1385919.00000
    836    1343325.00000
    837    1386565.00000
    838    1405937.00000
    839    1383916.00000
    840    1366236.00000
    841    1346210.00000
    842    1294986.00000
    843    1286055.00000
    844    1337833.00000
    845    1308745.00000
    846    1261859.00000
    847    1313955.00000
    848    1347864.00000
    849    1361960.00000
    850    1384503.00000
    851    1286341.00000
    852    1213269.00000
    853    1292805.00000
    854    1316195.00000
    855    1289738.00000
    856    1345848.00000
    857    1395430.00000
    858    1416714.00000
    859    1493581.00000
    860    1530702.00000
    861    1463064.00000
    862    1491258.00000
    863    1585052.00000
    864    1624788.00000
    865    1754468.00000
    866    1926501.00000
    867    2156652.00000
    868    2578507.00000
    869    2891552.00000
    870    2772346.00000
    871    2492947.00000
    872    2426797.00000
    873    2472879.00000
    874    2402711.00000
    875    2267055.00000
    876    2192964.00000
    877    2158807.00000
    878    2193944.00000
    879    2318453.00000
    880    2505354.00000
    881    2744722.00000
    882    3029230.00000
    883    3258616.00000
    884    3243024.00000
    885    3165097.00000
    886    3245152.00000
    887    3417830.00000
    888    3548488.00000
    889    3638580.00000
    890    3916718.00000
    891    4316075.00000
    892    4869858.00000
    893    5874555.00000
    894    7280916.00000
    895    9389372.00000
    896    13193670.00000
    897    20417170.00000
    898    35031780.00000
    899    57972230.00000
    900    73766950.00000
    901    65395850.00000
    902    43214720.00000
    903    27353490.00000
    904    20873900.00000
    905    16874160.00000
    906    11974880.00000
    907    7659721.00000
    908    5017368.00000
    909    3663441.00000
    910    2909922.00000
    911    2345252.00000
    912    1997494.00000
    913    1811032.00000
    914    1669362.00000
    915    1461378.00000
    916    1243436.00000
    917    1142391.00000
    918    1083096.00000
    919    1036935.00000
    920    1007503.00000
    921     936063.30000
    922     912965.40000
    923     907567.60000
    924     864204.80000
    925     840562.10000
    926     804526.70000
    927     785124.80000
    928     846952.00000
    929     881418.50000
    930     833036.60000
    931     817195.90000
    932     836567.30000
    933     827486.30000
    934     798120.20000
    935     800168.90000
    936     824682.30000
    937     785060.10000
    938     733454.90000
    939     716336.40000
    940     728094.40000
    941     792375.10000
    942     862719.90000
    943     845541.80000
    944     766023.60000
    945     756574.80000
    946     801644.60000
    947     765731.20000
    948     736405.40000
    949     826705.70000
    950     870284.20000
    951     830399.70000
    952     778586.20000
    953     712962.90000
    954     683657.90000
    955     687234.10000
    956     725042.60000
    957     759547.10000
    958     754900.10000
    959     760544.00000
    960     741837.10000
    961     796115.20000
    962     877874.20000
    963     858257.10000
    964     888547.40000
    965     876660.40000
    966     744808.70000
    967     707406.80000
    968     752633.20000
    969     729213.60000
    970     684389.60000
    971     750719.10000
    972     848468.60000
    973     794741.60000
    974     747322.90000
    975     818153.20000
    976     826288.10000
    977     742961.90000
    978     691106.40000
    979     799203.60000
    980     890553.70000
    981     777107.00000
    982     680958.40000
    983     720241.30000
    984     780909.20000
    985     802449.20000
    986     783005.90000
    987     764682.50000
    988     762334.10000
    989     739288.90000
    990     766072.10000
    991     800608.60000
    992     755558.50000
    993     745502.80000
    994     787561.20000
    995     761989.60000
    996     731903.80000
    997     780991.00000
    998     788687.20000
    999     774457.90000
   1000     773691.90000
   1001     752466.20000
   1002     758776.80000
   1003     779551.40000
   1004     788962.10000
   1005     787234.80000
   1006     732462.20000
   1007     646060.20000
   1008     661534.70000
   1009     786769.10000
   1010     882540.20000
   1011     885866.50000
   1012     843621.20000
   1013     804222.10000
   1014     810298.50000
   1015     826157.20000
   1016     838635.40000
   1017     849741.70000
   1018     776314.70000
   1019     681270.10000
   1020     709199.60000
   1021     796327.50000
   1022     836622.70000
   1023     844657.70000
   1024     826639.20000
   1025     837939.40000
   1026     887762.40000
   1027     866954.80000
   1028     799691.40000
