      1     207275.50000
      2     193773.10000
      3     192269.30000
      4     190239.50000
      5     224306.90000
      6     250486.60000
      7     220255.40000
      8     175580.20000
      9     151530.40000
     10     167065.20000
     11     222560.90000
     12     238633.80000
     13     186410.00000
     14     176406.10000
     15     248606.20000
     16     274552.10000
     17     192325.70000
     18     121568.70000
     19     148380.20000
     20     211159.10000
     21     246348.10000
     22     259095.30000
     23     255664.50000
     24     226336.90000
     25     195273.40000
     26     193287.10000
     27     180881.80000
     28     136621.00000
     29     123111.70000
     30     171047.60000
     31     236666.40000
     32     250724.10000
     33     209542.60000
     34     195643.60000
     35     211033.80000
     36     192385.60000
     37     171453.70000
     38     187161.50000
     39     202434.90000
     40     209438.90000
     41     229947.70000
     42     233829.90000
     43     199657.10000
     44     171145.30000
     45     179314.60000
     46     208614.90000
     47     243416.90000
     48     268361.60000
     49     262950.70000
     50     244240.10000
     51     232015.60000
     52     221080.10000
     53     238865.50000
     54     282101.10000
     55     293987.40000
     56     280156.50000
     57     273989.80000
     58     262974.20000
     59     240040.20000
     60     230664.60000
     61     241416.20000
     62     256622.20000
     63     257186.60000
     64     219256.10000
     65     204505.90000
     66     271458.10000
     67     323126.20000
     68     323885.90000
     69     341402.80000
     70     359649.50000
     71     369636.60000
     72     401186.60000
     73     445447.90000
     74     501934.90000
     75     549239.50000
     76     540350.90000
     77     538481.90000
     78     630372.80000
     79     717738.40000
     80     693758.10000
     81     657318.00000
     82     712163.90000
     83     775056.00000
     84     751250.50000
     85     721926.80000
     86     780656.50000
     87     866733.10000
     88     887411.00000
     89     834192.60000
     90     767431.80000
     91     756845.10000
     92     804759.20000
     93     862376.20000
     94     951152.90000
     95    1078358.00000
     96    1156640.00000
     97    1190416.00000
     98    1242882.00000
     99    1364900.00000
    100    1613168.00000
    101    2088981.00000
    102    2905804.00000
    103    4180202.00000
    104    7563142.00000
    105    14407420.00000
    106    19639480.00000
    107    16847370.00000
    108    9274254.00000
    109    4069090.00000
    110    2143609.00000
    111    1373162.00000
    112    1004455.00000
    113     824675.00000
    114     726474.70000
    115     670711.50000
    116     599247.30000
    117     559092.60000
    118     563736.20000
    119     556949.10000
    120     498241.10000
    121     419315.00000
    122     361282.20000
    123     339721.70000
    124     384840.40000
    125     448591.70000
    126     448189.40000
    127     410616.30000
    128     401658.30000
    129     430123.20000
    130     465399.10000
    131     474957.40000
    132     469412.90000
    133     478073.70000
    134     481497.40000
    135     455653.40000
    136     419309.80000
    137     414488.70000
    138     458959.60000
    139     488623.60000
    140     442668.20000
    141     357437.40000
    142     302540.00000
    143     303533.80000
    144     327878.10000
    145     359610.40000
    146     395355.00000
    147     391097.90000
    148     364597.00000
    149     368020.10000
    150     377239.60000
    151     378657.20000
    152     384070.90000
    153     378909.10000
    154     369745.20000
    155     356733.60000
    156     318671.60000
    157     297917.90000
    158     330704.90000
    159     362029.10000
    160     358431.50000
    161     348486.60000
    162     354536.80000
    163     380684.20000
    164     414092.00000
    165     442133.00000
    166     462769.00000
    167     478586.40000
    168     478707.40000
    169     445897.80000
    170     427819.80000
    171     475531.50000
    172     532788.00000
    173     546348.00000
    174     543279.00000
    175     535317.80000
    176     512753.80000
    177     505481.00000
    178     548753.80000
    179     648933.50000
    180     767504.00000
    181     865713.20000
    182     994131.50000
    183    1154792.00000
    184    1233662.00000
    185    1234139.00000
    186    1258781.00000
    187    1332122.00000
    188    1449692.00000
    189    1639942.00000
    190    1927482.00000
    191    2314164.00000
    192    2804940.00000
    193    3451942.00000
    194    4422982.00000
    195    5957873.00000
    196    8612342.00000
    197    13661910.00000
    198    20909650.00000
    199    26110300.00000
    200    25260460.00000
    201    20411190.00000
    202    17001820.00000
    203    18795410.00000
    204    26337050.00000
    205    35619240.00000
    206    39870910.00000
    207    35921900.00000
    208    27133150.00000
    209    19029060.00000
    210    14174320.00000
    211    12469130.00000
    212    13340020.00000
    213    17701900.00000
    214    27943590.00000
    215    40099400.00000
    216    42981080.00000
    217    33683310.00000
    218    21270260.00000
    219    12706730.00000
    220    8110448.00000
    221    5931890.00000
    222    4951427.00000
    223    4490609.00000
    224    4430076.00000
    225    4592145.00000
    226    4735889.00000
    227    4787737.00000
    228    4934478.00000
    229    5335011.00000
    230    6411524.00000
    231    10126330.00000
    232    16916800.00000
    233    21435080.00000
    234    18926750.00000
    235    12499190.00000
    236    7330272.00000
    237    4540010.00000
    238    3297196.00000
    239    2823805.00000
    240    2536532.00000
    241    2283196.00000
    242    2109241.00000
    243    2017406.00000
    244    1944718.00000
    245    1851811.00000
    246    1737464.00000
    247    1622024.00000
    248    1549913.00000
    249    1467572.00000
    250    1333713.00000
    251    1210670.00000
    252    1133484.00000
    253    1098788.00000
    254    1080800.00000
    255    1053850.00000
    256    1023532.00000
    257     998538.00000
    258     983706.10000
    259     962516.00000
    260     920580.60000
    261     881628.70000
    262     853754.60000
    263     839900.90000
    264     873280.00000
    265     911354.90000
    266     874980.90000
    267     809249.50000
    268     776475.30000
    269     766942.10000
    270     782874.50000
    271     808935.00000
    272     815997.90000
    273     820169.80000
    274     812355.90000
    275     772253.80000
    276     761391.60000
    277     805702.20000
    278     821765.20000
    279     802818.50000
    280     830765.60000
    281     886465.30000
    282     890389.40000
    283     868574.10000
    284     891087.20000
    285     938063.80000
    286     965056.40000
    287     963325.40000
    288     944468.60000
    289     940925.00000
    290     939655.10000
    291     943434.20000
    292    1004192.00000
    293    1058544.00000
    294    1056066.00000
    295    1092693.00000
    296    1178599.00000
    297    1248606.00000
    298    1349868.00000
    299    1518681.00000
    300    1683280.00000
    301    1818054.00000
    302    1986482.00000
    303    2237818.00000
    304    2585214.00000
    305    2987969.00000
    306    3408253.00000
    307    3938980.00000
    308    4657346.00000
    309    5473626.00000
    310    6263176.00000
    311    6881284.00000
    312    7135795.00000
    313    6944128.00000
    314    6382654.00000
    315    5620030.00000
    316    4843243.00000
    317    4148209.00000
    318    3536738.00000
    319    3005094.00000
    320    2570694.00000
    321    2236350.00000
    322    1979773.00000
    323    1789496.00000
    324    1650795.00000
    325    1536021.00000
    326    1449122.00000
    327    1390862.00000
    328    1308975.00000
    329    1188683.00000
    330    1110454.00000
    331    1108257.00000
    332    1104012.00000
    333    1051919.00000
    334     978625.90000
    335     912019.10000
    336     873185.40000
    337     868020.00000
    338     883410.90000
    339     896045.00000
    340     870133.10000
    341     797170.80000
    342     727321.40000
    343     710292.90000
    344     717223.90000
    345     694113.00000
    346     669985.10000
    347     691004.80000
    348     713367.20000
    349     681251.40000
    350     625652.10000
    351     618429.30000
    352     682992.50000
    353     753863.70000
    354     733158.00000
    355     644788.60000
    356     621297.10000
    357     657482.20000
    358     645311.30000
    359     621596.10000
    360     637649.90000
    361     639611.60000
    362     640789.80000
    363     663755.90000
    364     659094.20000
    365     632885.90000
    366     615918.00000
    367     603231.50000
    368     600563.90000
    369     609054.20000
    370     613971.90000
    371     607998.00000
    372     597398.60000
    373     602315.90000
    374     633371.20000
    375     660047.20000
    376     649090.90000
    377     616499.40000
    378     587261.40000
    379     578501.40000
    380     607257.40000
    381     640190.20000
    382     629832.60000
    383     585986.50000
    384     551318.60000
    385     553203.20000
    386     577103.20000
    387     601854.50000
    388     624845.10000
    389     629180.40000
    390     615396.70000
    391     605055.20000
    392     591132.40000
    393     584510.60000
    394     608979.50000
    395     630660.10000
    396     617561.80000
    397     595983.80000
    398     605568.10000
    399     641386.40000
    400     644766.00000
    401     609273.40000
    402     603660.40000
    403     636998.60000
    404     659996.20000
    405     652148.00000
    406     632104.80000
    407     634882.30000
    408     644741.90000
    409     618552.80000
    410     602472.50000
    411     669304.80000
    412     776859.10000
    413     836013.40000
    414     828298.30000
    415     770295.50000
    416     710130.60000
    417     715749.60000
    418     732443.60000
    419     670180.20000
    420     607964.60000
    421     631785.30000
    422     674417.80000
    423     677587.50000
    424     672486.00000
    425     686866.80000
    426     716448.60000
    427     737882.80000
    428     714516.40000
    429     654003.60000
    430     626754.60000
    431     661651.40000
    432     697441.10000
    433     689767.10000
    434     681191.80000
    435     701054.90000
    436     701673.70000
    437     682707.50000
    438     690406.40000
    439     681494.10000
    440     639467.10000
    441     652167.80000
    442     719515.50000
    443     759213.70000
    444     757121.40000
    445     737854.70000
    446     732751.80000
    447     765044.60000
    448     795956.90000
    449     799560.40000
    450     817352.20000
    451     859776.20000
    452     901861.50000
    453     942099.20000
    454     968655.10000
    455     969416.50000
    456     978125.90000
    457    1026586.00000
    458    1086110.00000
    459    1113389.00000
    460    1119217.00000
    461    1145118.00000
    462    1215279.00000
    463    1325866.00000
    464    1453291.00000
    465    1554334.00000
    466    1594348.00000
    467    1632724.00000
    468    1746204.00000
    469    1891208.00000
    470    2037527.00000
    471    2222717.00000
    472    2407942.00000
    473    2551760.00000
    474    2706444.00000
    475    2906432.00000
    476    3132240.00000
    477    3378120.00000
    478    3663026.00000
    479    4017180.00000
    480    4455856.00000
    481    4960376.00000
    482    5514142.00000
    483    6079904.00000
    484    6558035.00000
    485    6843622.00000
    486    6841015.00000
    487    6477323.00000
    488    5826162.00000
    489    5084260.00000
    490    4377212.00000
    491    3745568.00000
    492    3247804.00000
    493    2895262.00000
    494    2627345.00000
    495    2428604.00000
    496    2294939.00000
    497    2190058.00000
    498    2134924.00000
    499    2154938.00000
    500    2204421.00000
    501    2264743.00000
    502    2374700.00000
    503    2559208.00000
    504    2817466.00000
    505    3158043.00000
    506    3644976.00000
    507    4372223.00000
    508    5421638.00000
    509    6869941.00000
    510    8498458.00000
    511    9528866.00000
    512    9286073.00000
    513    7995139.00000
    514    6393436.00000
    515    4952539.00000
    516    3821713.00000
    517    3028371.00000
    518    2470569.00000
    519    2033976.00000
    520    1746454.00000
    521    1595764.00000
    522    1454248.00000
    523    1316491.00000
    524    1240017.00000
    525    1181222.00000
    526    1131065.00000
    527    1107704.00000
    528    1058162.00000
    529     975846.20000
    530     927420.80000
    531     936597.10000
    532     961366.00000
    533     955674.80000
    534     932622.90000
    535     933217.00000
    536     930556.70000
    537     883497.20000
    538     836098.30000
    539     816172.20000
    540     791795.70000
    541     778319.10000
    542     790550.80000
    543     790491.30000
    544     771025.80000
    545     748214.30000
    546     717638.60000
    547     691694.40000
    548     699606.70000
    549     724167.50000
    550     716504.90000
    551     685230.40000
    552     676837.50000
    553     691914.20000
    554     700320.60000
    555     692231.90000
    556     682805.90000
    557     680063.50000
    558     670760.10000
    559     659763.40000
    560     661224.10000
    561     655231.40000
    562     636707.60000
    563     639350.50000
    564     669438.90000
    565     697031.80000
    566     695293.60000
    567     668402.80000
    568     661275.40000
    569     684683.70000
    570     683291.50000
    571     652383.40000
    572     639915.80000
    573     655208.30000
    574     708729.30000
    575     773026.90000
    576     764492.10000
    577     708208.20000
    578     684202.90000
    579     684231.10000
    580     674146.90000
    581     644286.10000
    582     628117.40000
    583     654929.10000
    584     684576.60000
    585     693349.40000
    586     690637.20000
    587     659829.60000
    588     611808.20000
    589     609686.40000
    590     662836.70000
    591     702066.50000
    592     715008.30000
    593     713432.80000
    594     661279.10000
    595     624491.60000
    596     684769.10000
    597     748640.50000
    598     738873.10000
    599     703830.90000
    600     662513.20000
    601     613643.50000
    602     606245.30000
    603     649899.50000
    604     683443.10000
    605     682929.40000
    606     662565.10000
    607     627135.60000
    608     626646.40000
    609     674309.10000
    610     680972.60000
    611     652601.60000
    612     675801.60000
    613     713176.20000
    614     697496.40000
    615     658992.80000
    616     651026.20000
    617     681347.60000
    618     695468.20000
    619     637487.40000
    620     556801.40000
    621     538729.20000
    622     565038.80000
    623     607808.40000
    624     682631.50000
    625     721062.60000
    626     690656.90000
    627     694359.20000
    628     728767.80000
    629     698036.60000
    630     643827.00000
    631     631870.10000
    632     640617.10000
    633     654793.10000
    634     648738.00000
    635     622225.10000
    636     636786.70000
    637     675361.80000
    638     678175.10000
    639     658048.70000
    640     647728.00000
    641     663860.90000
    642     703264.40000
    643     742576.70000
    644     746557.10000
    645     707047.60000
