      1     278680.30000
      2     276046.90000
      3     277096.10000
      4     282853.60000
      5     221054.60000
      6     198550.40000
      7     217935.90000
      8     196734.20000
      9     170392.40000
     10     216004.30000
     11     287810.80000
     12     312462.10000
     13     352356.50000
     14     367338.30000
     15     341322.90000
     16     304858.20000
     17     273210.60000
     18     322161.20000
     19     364940.90000
     20     280697.50000
     21     209927.80000
     22     207196.30000
     23     223811.00000
     24     301871.80000
     25     324652.20000
     26     279965.30000
     27     230420.00000
     28     173611.10000
     29     177796.90000
     30     195369.70000
     31     232688.20000
     32     268227.10000
     33     242685.70000
     34     267613.60000
     35     274772.90000
     36     268245.30000
     37     282834.70000
     38     218432.10000
     39     208761.20000
     40     227545.30000
     41     239054.60000
     42     327113.90000
     43     349088.90000
     44     259787.50000
     45     276790.10000
     46     359937.30000
     47     317090.20000
     48     205554.00000
     49     161959.10000
     50     241818.30000
     51     293333.60000
     52     262792.80000
     53     284285.20000
     54     344774.40000
     55     349540.50000
     56     277118.70000
     57     204551.90000
     58     186975.40000
     59     214258.60000
     60     236979.20000
     61     235024.70000
     62     247132.10000
     63     277937.20000
     64     287087.10000
     65     257464.00000
     66     250841.90000
     67     278399.10000
     68     351577.80000
     69     406227.20000
     70     398724.20000
     71     386456.90000
     72     378365.60000
     73     331105.00000
     74     212114.70000
     75     166416.40000
     76     273153.80000
     77     353942.10000
     78     358155.40000
     79     319556.10000
     80     236354.10000
     81     165459.10000
     82     143923.80000
     83     192137.70000
     84     270821.60000
     85     314859.50000
     86     321376.10000
     87     320262.80000
     88     333944.60000
     89     365161.60000
     90     324420.40000
     91     200573.80000
     92      99282.12000
     93     115134.40000
     94     253017.90000
     95     363718.00000
     96     349123.10000
     97     306955.30000
     98     277818.80000
     99     270033.90000
    100     308218.00000
    101     297366.70000
    102     249549.50000
    103     299346.10000
    104     362130.20000
    105     331436.90000
    106     308890.10000
    107     357762.00000
    108     436197.30000
    109     426211.50000
    110     331043.40000
    111     346182.10000
    112     423861.30000
    113     400586.70000
    114     359983.60000
    115     364562.50000
    116     369683.60000
    117     355196.40000
    118     431696.00000
    119     550059.60000
    120     529405.40000
    121     471718.60000
    122     442531.80000
    123     432192.20000
    124     462758.60000
    125     545348.20000
    126     586665.40000
    127     520254.60000
    128     507665.30000
    129     511124.60000
    130     541759.60000
    131     709003.90000
    132     843973.40000
    133     825760.60000
    134     729817.10000
    135     606454.60000
    136     535970.10000
    137     525675.80000
    138     533891.90000
    139     537648.60000
    140     559048.60000
    141     675515.20000
    142     794076.90000
    143     812738.40000
    144     838057.80000
    145    1012106.00000
    146    1414260.00000
    147    1794955.00000
    148    1717201.00000
    149    1323542.00000
    150    1014239.00000
    151     886324.80000
    152     884402.20000
    153     926937.60000
    154     993260.00000
    155    1033743.00000
    156    1021994.00000
    157    1045500.00000
    158    1139008.00000
    159    1375479.00000
    160    1702352.00000
    161    1984734.00000
    162    2333123.00000
    163    3104024.00000
    164    4435599.00000
    165    6370864.00000
    166    9337778.00000
    167    15042530.00000
    168    31412240.00000
    169    70313380.00000
    170    106172400.00000
    171    93234730.00000
    172    50563320.00000
    173    22563540.00000
    174    11681060.00000
    175    7052019.00000
    176    4718145.00000
    177    3445651.00000
    178    2696216.00000
    179    2126769.00000
    180    1707564.00000
    181    1361205.00000
    182    1105779.00000
    183     950138.90000
    184     891712.00000
    185     882311.40000
    186     897364.60000
    187     877831.70000
    188     779790.60000
    189     632109.80000
    190     518436.90000
    191     439214.50000
    192     421087.10000
    193     450461.00000
    194     421567.40000
    195     376798.80000
    196     367796.40000
    197     403128.90000
    198     383473.10000
    199     285696.20000
    200     276267.20000
    201     260565.10000
    202     172250.20000
    203     180999.20000
    204     254428.20000
    205     344139.50000
    206     399765.40000
    207     318139.60000
    208     323795.10000
    209     395210.90000
    210     371140.90000
    211     332909.90000
    212     351457.80000
    213     463350.20000
    214     552505.40000
    215     598467.20000
    216     630672.00000
    217     606059.50000
    218     542638.10000
    219     501960.70000
    220     511250.50000
    221     526268.60000
    222     569743.60000
    223     713252.40000
    224     835478.90000
    225     769005.20000
    226     640558.90000
    227     550244.20000
    228     462048.30000
    229     379917.60000
    230     336498.60000
    231     389021.50000
    232     381077.90000
    233     286181.50000
    234     296459.40000
    235     303220.10000
    236     287146.70000
    237     356623.20000
    238     377070.80000
    239     352573.20000
    240     355349.10000
    241     284132.60000
    242     249021.30000
    243     366358.50000
    244     346453.10000
    245     186125.90000
    246     150066.90000
    247     203496.60000
    248     303422.10000
    249     297268.80000
    250     210632.40000
    251     248941.10000
    252     309506.70000
    253     344506.50000
    254     345493.10000
    255     231261.10000
    256     191848.30000
    257     340534.80000
    258     456645.10000
    259     440508.60000
    260     413546.70000
    261     382925.80000
    262     330684.40000
    263     338437.80000
    264     336687.90000
    265     346743.20000
    266     391665.90000
    267     346261.20000
    268     275447.40000
    269     332680.90000
    270     432019.00000
    271     426952.40000
    272     384582.00000
    273     306373.10000
    274     223837.40000
    275     267377.50000
    276     337404.00000
    277     347221.20000
    278     359918.10000
    279     432129.50000
    280     525770.50000
    281     492014.40000
    282     409238.40000
    283     442057.60000
    284     484369.90000
    285     529015.10000
    286     517431.40000
    287     456785.20000
    288     524170.60000
    289     602386.10000
    290     605192.20000
    291     670860.00000
    292     770032.20000
    293     814880.00000
    294     832423.20000
    295     837902.40000
    296     920774.60000
    297    1075056.00000
    298    1234518.00000
    299    1385983.00000
    300    1463762.00000
    301    1547010.00000
    302    1738059.00000
    303    2070063.00000
    304    2495228.00000
    305    2873766.00000
    306    3285087.00000
    307    3963262.00000
    308    4879714.00000
    309    5661566.00000
    310    6196778.00000
    311    6672520.00000
    312    7489504.00000
    313    9076882.00000
    314    11910080.00000
    315    16957130.00000
    316    26048240.00000
    317    41402820.00000
    318    60726100.00000
    319    72332430.00000
    320    67303420.00000
    321    52231890.00000
    322    38035760.00000
    323    28603560.00000
    324    23611180.00000
    325    22594150.00000
    326    26098650.00000
    327    38109770.00000
    328    68069050.00000
    329    100211100.00000
    330    96621730.00000
    331    68495280.00000
    332    51829960.00000
    333    48361720.00000
    334    58495530.00000
    335    86701250.00000
    336    105960600.00000
    337    92571380.00000
    338    66971770.00000
    339    51989950.00000
    340    50653870.00000
    341    64379100.00000
    342    97375440.00000
    343    142061100.00000
    344    158366400.00000
    345    126429900.00000
    346    84112900.00000
    347    56816390.00000
    348    38308720.00000
    349    26103420.00000
    350    19362680.00000
    351    15484240.00000
    352    13061350.00000
    353    11294440.00000
    354    9855336.00000
    355    8657373.00000
    356    7691489.00000
    357    7062154.00000
    358    6744664.00000
    359    6799132.00000
    360    7133525.00000
    361    7134645.00000
    362    6689408.00000
    363    6401832.00000
    364    6366571.00000
    365    6315600.00000
    366    6484520.00000
    367    7092397.00000
    368    8368027.00000
    369    11001400.00000
    370    16661280.00000
    371    30016980.00000
    372    59268550.00000
    373    89298460.00000
    374    85261690.00000
    375    56667930.00000
    376    35585650.00000
    377    23133880.00000
    378    14342930.00000
    379    9767451.00000
    380    7488913.00000
    381    6095091.00000
    382    5105706.00000
    383    4486613.00000
    384    4132924.00000
    385    3792502.00000
    386    3499539.00000
    387    3309201.00000
    388    3122222.00000
    389    2922483.00000
    390    2800892.00000
    391    2721235.00000
    392    2553595.00000
    393    2381070.00000
    394    2239096.00000
    395    2142472.00000
    396    2091422.00000
    397    2016257.00000
    398    1987864.00000
    399    2042202.00000
    400    1992113.00000
    401    1803152.00000
    402    1661288.00000
    403    1600156.00000
    404    1587926.00000
    405    1660187.00000
    406    1710432.00000
    407    1596929.00000
    408    1492282.00000
    409    1529195.00000
    410    1495731.00000
    411    1397344.00000
    412    1363110.00000
    413    1362284.00000
    414    1291686.00000
    415    1175843.00000
    416    1156589.00000
    417    1188468.00000
    418    1246963.00000
    419    1359246.00000
    420    1352501.00000
    421    1297536.00000
    422    1379746.00000
    423    1429770.00000
    424    1319830.00000
    425    1216246.00000
    426    1192587.00000
    427    1219943.00000
    428    1240758.00000
    429    1203315.00000
    430    1162509.00000
    431    1160207.00000
    432    1181284.00000
    433    1124374.00000
    434    1080261.00000
    435    1078478.00000
    436    1028062.00000
    437     979054.80000
    438     955150.70000
    439     972918.10000
    440     953251.60000
    441     907053.30000
    442     997841.40000
    443    1057407.00000
    444     997759.60000
    445     971082.50000
    446     927920.90000
    447     928684.30000
    448     969474.60000
    449     967862.20000
    450     988220.80000
    451     985423.10000
    452     973025.20000
    453     973143.20000
    454     981220.60000
    455    1004599.00000
    456     940482.40000
    457     846438.70000
    458     905448.00000
    459    1012100.00000
    460     987336.90000
    461     889525.20000
    462     819323.60000
    463     799282.90000
    464     867245.80000
    465     952533.90000
    466     949913.60000
    467     919622.10000
    468     936212.00000
    469     966217.10000
    470     956789.00000
    471     935416.50000
    472     910387.80000
    473     934880.30000
    474     968783.20000
    475     956324.00000
    476     976004.90000
    477     967611.20000
    478     927279.20000
    479     962912.20000
    480     978308.10000
    481     951315.50000
    482     954031.00000
    483     916859.60000
    484     882966.90000
    485     917845.10000
    486     932180.00000
    487     912949.50000
    488     893066.10000
    489     877459.60000
    490     902439.10000
    491     948961.00000
    492    1005854.00000
    493    1046044.00000
    494     992712.50000
    495     924737.80000
    496     928258.10000
    497     948514.90000
    498    1011767.00000
    499    1070030.00000
    500    1027904.00000
    501    1010278.00000
    502    1023470.00000
    503     959840.40000
    504     956642.30000
    505    1007300.00000
    506    1005591.00000
    507     972580.80000
    508     930835.30000
    509     914584.10000
    510     919437.20000
    511     963447.60000
    512     978876.90000
    513     985063.20000
    514    1031596.00000
    515     985680.10000
    516     934536.60000
    517    1002874.00000
    518    1040170.00000
    519     984262.10000
    520     967038.10000
    521    1010937.00000
    522    1025825.00000
    523     956422.10000
    524     890330.80000
    525     873684.50000
    526     876819.90000
    527     936984.60000
    528     922883.90000
    529     845376.80000
    530     849361.10000
    531     926070.40000
    532    1020188.00000
    533    1054398.00000
    534    1017149.00000
    535     976864.80000
    536     950086.20000
    537     945856.80000
    538     959933.30000
    539     926104.60000
    540     924515.20000
    541    1064828.00000
    542    1258769.00000
    543    1519932.00000
    544    1742889.00000
    545    1677434.00000
    546    1546816.00000
    547    1456230.00000
    548    1322017.00000
    549    1282777.00000
    550    1303636.00000
    551    1361429.00000
    552    1505547.00000
    553    1598762.00000
    554    1573196.00000
    555    1519902.00000
    556    1425466.00000
    557    1228406.00000
    558    1083007.00000
    559    1101918.00000
    560    1115691.00000
    561    1032264.00000
    562     974199.40000
    563     934405.40000
    564     909973.00000
    565    1005787.00000
    566    1144737.00000
    567    1257953.00000
    568    1376881.00000
    569    1365487.00000
    570    1339240.00000
    571    1404104.00000
    572    1506313.00000
    573    1680910.00000
    574    1994303.00000
    575    2508119.00000
    576    2915615.00000
    577    3287418.00000
    578    3926436.00000
    579    4268241.00000
    580    4170381.00000
    581    4170624.00000
    582    4218630.00000
    583    4310950.00000
    584    4878626.00000
    585    6267357.00000
    586    9456695.00000
    587    16820950.00000
    588    38313340.00000
    589    81194310.00000
    590    107270400.00000
    591    83923770.00000
    592    49306280.00000
    593    30764090.00000
    594    18153550.00000
    595    10145480.00000
    596    6810212.00000
    597    5181486.00000
    598    4205729.00000
    599    3459911.00000
    600    2970197.00000
    601    2650339.00000
    602    2343126.00000
    603    2164380.00000
    604    1982264.00000
    605    1706982.00000
    606    1543850.00000
    607    1471594.00000
    608    1332715.00000
    609    1211564.00000
    610    1213052.00000
    611    1207397.00000
    612    1171256.00000
    613    1166577.00000
    614    1130288.00000
    615    1045758.00000
    616    1017945.00000
    617    1008285.00000
    618    1016910.00000
    619    1037777.00000
    620     967425.10000
    621     905988.40000
    622     921658.80000
    623     885101.10000
    624     779766.30000
    625     819252.30000
    626     906996.10000
    627     868446.60000
    628     898166.20000
    629     913618.90000
    630     808656.50000
    631     750463.10000
    632     806173.60000
    633     885204.50000
    634     862116.40000
    635     794427.90000
    636     831982.10000
    637     858191.50000
    638     773509.40000
    639     739339.00000
    640     799563.40000
    641     920916.40000
    642    1015135.00000
    643     888615.90000
    644     770536.60000
    645     827979.00000
    646     885276.60000
    647     926589.60000
    648     925911.50000
    649     886735.80000
    650     909516.00000
    651     940493.40000
    652     947699.90000
    653     960799.60000
    654     895942.60000
    655     817447.60000
    656     833063.60000
    657     898021.20000
    658     971846.90000
    659    1048339.00000
    660    1152623.00000
    661    1240540.00000
    662    1141706.00000
    663     997942.60000
    664     986956.20000
    665     933005.90000
    666     840704.30000
    667     849786.20000
    668     902579.60000
    669     882287.50000
    670     853198.10000
    671     903040.20000
    672     921968.80000
    673     851669.90000
    674     829221.70000
    675     887006.30000
    676     905488.90000
    677     910183.90000
    678     949379.70000
    679    1014365.00000
    680    1040958.00000
    681     965002.80000
    682     902492.30000
    683     943786.20000
    684     978109.10000
    685     949571.10000
    686     917421.50000
    687     882798.60000
    688     867375.80000
    689     924800.20000
    690     955833.00000
    691     904502.80000
    692     901892.60000
    693     978930.80000
    694     997909.60000
    695     934319.00000
    696     937302.80000
    697     994892.60000
    698     982944.60000
    699     966698.50000
    700     972240.00000
    701     913018.30000
    702     954626.00000
    703    1108217.00000
    704    1143290.00000
    705    1090493.00000
    706    1094107.00000
    707    1107020.00000
    708    1086310.00000
    709    1099998.00000
    710    1150162.00000
    711    1170674.00000
    712    1173154.00000
    713    1225387.00000
    714    1211988.00000
    715    1178250.00000
    716    1252550.00000
    717    1308389.00000
    718    1312104.00000
    719    1315122.00000
    720    1337920.00000
    721    1402050.00000
    722    1469588.00000
    723    1509178.00000
    724    1489363.00000
    725    1469614.00000
    726    1538895.00000
    727    1589681.00000
    728    1635644.00000
    729    1704080.00000
    730    1768417.00000
    731    1871048.00000
    732    1959067.00000
    733    2031315.00000
    734    2127281.00000
    735    2246074.00000
    736    2328108.00000
    737    2388340.00000
    738    2460152.00000
    739    2537062.00000
    740    2682491.00000
    741    2839124.00000
    742    2975771.00000
    743    3180102.00000
    744    3460760.00000
    745    3818192.00000
    746    4164104.00000
    747    4446564.00000
    748    4600540.00000
    749    4631219.00000
    750    4657600.00000
    751    4647030.00000
    752    4612725.00000
    753    4609620.00000
    754    4642054.00000
    755    4686830.00000
    756    4768642.00000
    757    4908440.00000
    758    5049305.00000
    759    5162476.00000
    760    5319226.00000
    761    5636338.00000
    762    6044691.00000
    763    6440722.00000
    764    6841036.00000
    765    7285912.00000
    766    7926648.00000
    767    8744403.00000
    768    9670107.00000
    769    10756480.00000
    770    11945860.00000
    771    13156980.00000
    772    14290930.00000
    773    15276080.00000
    774    16020100.00000
    775    16430480.00000
    776    16374720.00000
    777    15832260.00000
    778    15051470.00000
    779    14057520.00000
    780    12965260.00000
    781    12066680.00000
    782    11498750.00000
    783    11379400.00000
    784    11504040.00000
    785    11127050.00000
    786    10223630.00000
    787    9590715.00000
    788    9348672.00000
    789    9425163.00000
    790    10288950.00000
    791    12406080.00000
    792    17386860.00000
    793    31134450.00000
    794    63321540.00000
    795    96374420.00000
    796    90311690.00000
    797    55216220.00000
    798    31494460.00000
    799    25390650.00000
    800    23426510.00000
    801    17810120.00000
    802    11378100.00000
    803    7908072.00000
    804    6241159.00000
    805    5238928.00000
    806    4560472.00000
    807    4073894.00000
    808    3758786.00000
    809    3547329.00000
    810    3423640.00000
    811    3364376.00000
    812    3257590.00000
    813    3026116.00000
    814    2735439.00000
    815    2610677.00000
    816    2607048.00000
    817    2595936.00000
    818    2562734.00000
    819    2419740.00000
    820    2244334.00000
    821    2170380.00000
    822    2132029.00000
    823    2049261.00000
    824    1959151.00000
    825    1902378.00000
    826    1819040.00000
    827    1774970.00000
    828    1788491.00000
    829    1763553.00000
    830    1683376.00000
    831    1661466.00000
    832    1713037.00000
    833    1687128.00000
    834    1600355.00000
    835    1577087.00000
    836    1596493.00000
    837    1525858.00000
    838    1416254.00000
    839    1385894.00000
    840    1401359.00000
    841    1389350.00000
    842    1303571.00000
    843    1266030.00000
    844    1332461.00000
    845    1377754.00000
    846    1324893.00000
    847    1294892.00000
    848    1301213.00000
    849    1252773.00000
    850    1201357.00000
    851    1136516.00000
    852    1137400.00000
    853    1218774.00000
    854    1220398.00000
    855    1161606.00000
    856    1118188.00000
    857    1116630.00000
    858    1148128.00000
    859    1154116.00000
    860    1202113.00000
    861    1254168.00000
    862    1201484.00000
    863    1160286.00000
    864    1176104.00000
    865    1158876.00000
    866    1170114.00000
    867    1205168.00000
    868    1208984.00000
    869    1189566.00000
    870    1137890.00000
    871    1081987.00000
    872    1083406.00000
    873    1110317.00000
    874    1089128.00000
    875    1097982.00000
    876    1135767.00000
    877    1116017.00000
    878    1087933.00000
    879    1085456.00000
    880    1084264.00000
    881    1098466.00000
    882    1083538.00000
    883    1043055.00000
    884    1128124.00000
    885    1199676.00000
    886    1121705.00000
    887    1121263.00000
    888    1146188.00000
    889    1116787.00000
    890    1093722.00000
    891    1032398.00000
    892    1036665.00000
    893    1070215.00000
    894    1056827.00000
    895    1079856.00000
    896    1068274.00000
    897     994636.20000
    898     951873.10000
    899     991472.90000
    900    1082667.00000
    901    1099198.00000
    902    1018442.00000
    903    1003528.00000
    904    1060437.00000
    905    1116386.00000
    906    1117461.00000
    907    1040021.00000
    908    1062089.00000
    909    1111726.00000
    910    1024325.00000
    911     967816.00000
    912    1017995.00000
    913    1113765.00000
    914    1158158.00000
    915    1138322.00000
    916    1155641.00000
    917    1066576.00000
    918     950459.70000
    919     946935.40000
    920     967820.80000
    921    1062486.00000
    922    1067850.00000
    923     997908.20000
    924    1027245.00000
    925    1019177.00000
    926     978618.90000
    927     953922.40000
    928     941625.70000
    929    1002360.00000
    930    1090408.00000
    931    1071452.00000
    932    1012371.00000
    933     993003.70000
    934     982293.90000
    935    1038879.00000
    936    1069342.00000
    937    1056028.00000
    938    1053320.00000
    939    1002138.00000
    940    1015631.00000
    941    1063987.00000
    942     997284.30000
    943     920977.80000
    944     947403.90000
    945    1038112.00000
    946    1110561.00000
    947    1094568.00000
    948    1014547.00000
    949    1000734.00000
    950    1054723.00000
    951    1050820.00000
    952    1016916.00000
    953    1011383.00000
    954    1019355.00000
    955    1051399.00000
    956    1050877.00000
    957    1070648.00000
    958    1134265.00000
    959    1100356.00000
    960    1054356.00000
    961    1062197.00000
    962    1012824.00000
    963     967620.90000
    964    1032465.00000
    965    1125444.00000
    966    1061858.00000
    967     979068.10000
    968    1019873.00000
    969    1007821.00000
    970    1000056.00000
    971    1054810.00000
    972    1079474.00000
    973    1110847.00000
    974    1134667.00000
    975    1109126.00000
    976    1096522.00000
    977    1100441.00000
    978    1086611.00000
    979    1080669.00000
    980    1082359.00000
    981    1036720.00000
    982    1018951.00000
    983    1057166.00000
    984    1021301.00000
    985    1010684.00000
    986    1033460.00000
    987     997262.80000
    988    1026180.00000
    989    1076411.00000
    990    1072126.00000
    991    1056875.00000
    992    1007096.00000
    993    1012995.00000
    994    1051903.00000
    995    1052632.00000
    996    1133586.00000
    997    1157398.00000
    998    1068535.00000
    999    1018251.00000
   1000    1001004.00000
   1001    1000206.00000
   1002     971486.60000
   1003     916096.20000
   1004     941513.30000
   1005    1002062.00000
   1006     994961.90000
   1007     990248.80000
   1008    1039960.00000
   1009    1053030.00000
   1010     986845.80000
   1011     998469.80000
   1012    1051102.00000
   1013    1003451.00000
   1014     994785.40000
   1015    1027646.00000
   1016    1010447.00000
   1017     972672.40000
   1018     933987.00000
   1019     930398.20000
   1020     957233.90000
   1021     993055.20000
   1022    1005066.00000
   1023     992094.40000
   1024     963424.60000
   1025     894065.70000
   1026     867543.20000
   1027     943817.20000
