      1     -62040.48000
      2     -85458.64000
      3    -138333.70000
      4    -128849.50000
      5    -138154.30000
      6    -102809.20000
      7    -102389.60000
      8    -142244.30000
      9     -81417.80000
     10     -29480.34000
     11      -8928.07800
     12     -23811.39000
     13    -104878.50000
     14     -99504.95000
     15      -7804.50000
     16     -16051.95000
     17    -117617.70000
     18    -141116.70000
     19     -98781.91000
     20     -56305.38000
     21     -40580.42000
     22     -99150.25000
     23    -104947.60000
     24     -41714.73000
     25      20739.39000
     26      54899.95000
     27       8582.18800
     28     -74929.59000
     29    -135769.10000
     30    -163412.50000
     31    -109925.40000
     32     -51750.83000
     33     -71114.97000
     34     -45510.67000
     35     -11143.00000
     36     -26351.50000
     37     -29737.30000
     38     -53565.53000
     39     -83266.72000
     40    -116836.90000
     41    -119651.30000
     42     -79094.12000
     43    -134252.60000
     44    -172435.70000
     45     -80932.02000
     46     -28658.36000
     47     -65184.02000
     48     -81781.94000
     49     -27009.03000
     50      -6489.51600
     51     -84143.27000
     52    -119231.80000
     53    -121127.70000
     54    -145213.40000
     55     -99547.16000
     56     -78791.48000
     57    -113821.50000
     58    -135953.30000
     59    -140154.50000
     60     -48603.38000
     61      20999.20000
     62     -55762.92000
     63    -143187.90000
     64    -188841.40000
     65    -235955.90000
     66    -191211.90000
     67    -108619.50000
     68    -111670.10000
     69    -103694.10000
     70     -68642.48000
     71    -113872.10000
     72    -172077.50000
     73    -188392.00000
     74    -259672.50000
     75    -253425.50000
     76    -127802.70000
     77     -72147.19000
     78     -63896.88000
     79     -63267.41000
     80     -44605.41000
     81     -70102.34000
     82    -156781.50000
     83    -168836.80000
     84    -184662.20000
     85    -197962.20000
     86    -143405.60000
     87    -136076.80000
     88    -168000.20000
     89    -140489.80000
     90     -96550.03000
     91    -100277.40000
     92    -134814.80000
     93    -207227.00000
     94    -275818.50000
     95    -215121.60000
     96    -132068.90000
     97     -82639.97000
     98      10262.03000
     99      88054.41000
    100      91845.28000
    101      54585.22000
    102     -13107.59000
    103    -133229.30000
    104    -181056.90000
    105    -142471.50000
    106    -137619.90000
    107    -164706.40000
    108    -163764.90000
    109    -135106.30000
    110    -141500.50000
    111    -175997.00000
    112    -185517.00000
    113    -137594.30000
    114    -100547.40000
    115    -136345.50000
    116    -143769.50000
    117    -112767.60000
    118     -47466.31000
    119      43318.47000
    120      61550.34000
    121     -15366.91000
    122     -21898.12000
    123      80077.53000
    124      90346.09000
    125     -14154.28000
    126     -51040.88000
    127       4844.06200
    128      61692.16000
    129      87216.31000
    130     100964.60000
    131      92852.94000
    132      39735.00000
    133      64785.91000
    134     167463.50000
    135     241487.00000
    136     297155.20000
    137     383122.20000
    138     548256.20000
    139     944822.80000
    140    1597146.00000
    141    1870502.00000
    142    1449910.00000
    143     900799.80000
    144     580376.10000
    145     471779.20000
    146     547445.30000
    147     727630.20000
    148     792539.40000
    149     661137.50000
    150     610959.60000
    151     764539.00000
    152    1018070.00000
    153    1470448.00000
    154    1972776.00000
    155    2419856.00000
    156    3121832.00000
    157    4424318.00000
    158    7173584.00000
    159    13518060.00000
    160    30762800.00000
    161    67825060.00000
    162    99608470.00000
    163    87065810.00000
    164    49050180.00000
    165    23772610.00000
    166    13234010.00000
    167    8397587.00000
    168    5763248.00000
    169    4238988.00000
    170    3298962.00000
    171    2629965.00000
    172    2129034.00000
    173    1708310.00000
    174    1455204.00000
    175    1279929.00000
    176    1131823.00000
    177    1004692.00000
    178     901704.50000
    179     872444.30000
    180     756223.80000
    181     576354.00000
    182     497612.40000
    183     401500.80000
    184     268568.50000
    185     258087.30000
    186     316194.50000
    187     293117.20000
    188     283880.90000
    189     274476.20000
    190     177912.40000
    191     102970.30000
    192     129494.00000
    193     219814.10000
    194     280235.00000
    195     281690.40000
    196     244035.20000
    197     176895.00000
    198      92728.56000
    199      23849.08000
    200     -15916.58000
    201     -54266.05000
    202     -41761.20000
    203     -39256.47000
    204     -85033.20000
    205     -66456.38000
    206     -76680.44000
    207    -104032.10000
    208     -85795.70000
    209     -67677.73000
    210       7966.76600
    211      57110.28000
    212      27409.42000
    213      20302.62000
    214      47383.12000
    215       4548.76600
    216     -21068.42000
    217      -6642.21900
    218     -85502.06000
    219    -143921.70000
    220     -88137.16000
    221     -30267.78000
    222     -46624.25000
    223    -115428.90000
    224    -155761.60000
    225     -96200.56000
    226     -66207.34000
    227     -69485.38000
    228      12559.62000
    229      51691.38000
    230      46138.03000
    231      72440.88000
    232      43503.19000
    233      43961.12000
    234      91444.67000
    235      44747.44000
    236     -18051.69000
    237      -4933.15600
    238      -2280.93800
    239     -36413.94000
    240     -24785.06000
    241     -42166.53000
    242    -100238.40000
    243    -100580.40000
    244    -116685.30000
    245     -89919.28000
    246     -16007.94000
    247      -5758.06200
    248      19054.16000
    249      21275.72000
    250     -77089.94000
    251    -198380.40000
    252    -241055.10000
    253    -224271.60000
    254    -231148.20000
    255    -254632.70000
    256    -241326.30000
    257    -213811.80000
    258    -185838.80000
    259    -129731.00000
    260    -114594.40000
    261     -65510.56000
    262     102435.80000
    263     199229.10000
    264     157912.00000
    265     104200.00000
    266      93186.44000
    267     130591.70000
    268     347390.00000
    269     851793.50000
    270    1295526.00000
    271    1293101.00000
    272     965648.40000
    273     651560.20000
    274     463445.30000
    275     295631.50000
    276     213062.90000
    277     293304.60000
    278     382286.50000
    279     570568.40000
    280     921684.80000
    281    1233778.00000
    282    1558009.00000
    283    1953162.00000
    284    2220397.00000
    285    2331202.00000
    286    2524548.00000
    287    3069714.00000
    288    4215791.00000
    289    5937188.00000
    290    8142958.00000
    291    12470940.00000
    292    23822840.00000
    293    48988060.00000
    294    75890820.00000
    295    75659500.00000
    296    52897480.00000
    297    34034230.00000
    298    22668760.00000
    299    14396540.00000
    300    9528751.00000
    301    7005316.00000
    302    5603676.00000
    303    4745641.00000
    304    4155820.00000
    305    3827060.00000
    306    3646909.00000
    307    3482667.00000
    308    3529637.00000
    309    3829954.00000
    310    4129220.00000
    311    4491524.00000
    312    5153348.00000
    313    6207878.00000
    314    7866220.00000
    315    10456640.00000
    316    14559430.00000
    317    21703320.00000
    318    34258310.00000
    319    51955610.00000
    320    65819540.00000
    321    64951790.00000
    322    51712670.00000
    323    36649440.00000
    324    25279370.00000
    325    17968180.00000
    326    13594490.00000
    327    11118860.00000
    328    9744376.00000
    329    8977591.00000
    330    8594536.00000
    331    8240224.00000
    332    7894948.00000
    333    7892148.00000
    334    8249834.00000
    335    9026544.00000
    336    10462630.00000
    337    12916580.00000
    338    17011700.00000
    339    24283730.00000
    340    39354680.00000
    341    71056490.00000
    342    109960600.00000
    343    125937900.00000
    344    121235700.00000
    345    114738700.00000
    346    102473900.00000
    347    93781820.00000
    348    105422700.00000
    349    116150900.00000
    350    98521820.00000
    351    67117340.00000
    352    43772920.00000
    353    30051130.00000
    354    22954950.00000
    355    19283770.00000
    356    16759560.00000
    357    14854200.00000
    358    13768010.00000
    359    13494910.00000
    360    14206400.00000
    361    16922040.00000
    362    23686980.00000
    363    40104990.00000
    364    68062050.00000
    365    85330180.00000
    366    72545060.00000
    367    48801060.00000
    368    32769660.00000
    369    22190950.00000
    370    15369100.00000
    371    11779920.00000
    372    9626924.00000
    373    8182544.00000
    374    7281827.00000
    375    6683891.00000
    376    6172622.00000
    377    5684452.00000
    378    5327653.00000
    379    5067788.00000
    380    4856922.00000
    381    4729646.00000
    382    4586388.00000
    383    4475452.00000
    384    4406954.00000
    385    4350783.00000
    386    4245224.00000
    387    4054935.00000
    388    3833260.00000
    389    3610452.00000
    390    3408766.00000
    391    3194168.00000
    392    3022201.00000
    393    2887486.00000
    394    2689322.00000
    395    2525072.00000
    396    2459797.00000
    397    2411568.00000
    398    2354678.00000
    399    2288320.00000
    400    2204178.00000
    401    2140046.00000
    402    2108050.00000
    403    2086987.00000
    404    1999098.00000
    405    1887381.00000
    406    1824111.00000
    407    1844593.00000
    408    1869686.00000
    409    1787936.00000
    410    1677936.00000
    411    1664126.00000
    412    1725008.00000
    413    1692496.00000
    414    1607650.00000
    415    1596903.00000
    416    1557142.00000
    417    1442346.00000
    418    1426403.00000
    419    1510085.00000
    420    1521480.00000
    421    1449745.00000
    422    1376025.00000
    423    1361692.00000
    424    1364936.00000
    425    1325004.00000
    426    1332719.00000
    427    1352744.00000
    428    1250761.00000
    429    1207833.00000
    430    1301509.00000
    431    1287680.00000
    432    1264402.00000
    433    1324033.00000
    434    1239649.00000
    435    1122969.00000
    436    1175546.00000
    437    1248930.00000
    438    1221158.00000
    439    1210419.00000
    440    1269065.00000
    441    1213299.00000
    442    1105028.00000
    443    1103678.00000
    444    1125685.00000
    445    1118506.00000
    446    1122036.00000
    447    1106442.00000
    448    1043364.00000
    449    1005229.00000
    450     968350.10000
    451     950573.40000
    452     948435.60000
    453     939516.80000
    454    1006310.00000
    455    1073929.00000
    456    1127978.00000
    457    1176055.00000
    458    1091216.00000
    459    1012048.00000
    460    1104216.00000
    461    1173529.00000
    462    1130895.00000
    463    1015353.00000
    464     864282.60000
    465     907008.50000
    466     991742.60000
    467     932681.90000
    468     933842.60000
    469     954624.60000
    470     920946.10000
    471     973568.10000
    472    1071741.00000
    473    1078220.00000
    474    1005419.00000
    475     956192.00000
    476     935009.80000
    477     960532.30000
    478    1047613.00000
    479    1058448.00000
    480    1065149.00000
    481    1142385.00000
    482    1160048.00000
    483    1089423.00000
    484    1039610.00000
    485    1052218.00000
    486    1039041.00000
    487     998214.60000
    488    1005781.00000
    489    1018999.00000
    490    1012296.00000
    491     986674.10000
    492     992537.60000
    493    1041817.00000
    494    1017480.00000
    495     995753.80000
    496    1056129.00000
    497    1015861.00000
    498     907321.80000
    499     916972.90000
    500     977419.60000
    501    1017276.00000
    502     980388.10000
    503     927046.90000
    504     957581.10000
    505     982440.20000
    506     980978.30000
    507     991328.30000
    508     980062.40000
    509     909872.80000
    510     915601.50000
    511    1022920.00000
    512    1069380.00000
    513    1038755.00000
    514     988834.80000
    515     941204.90000
    516     886751.10000
    517     856865.20000
    518     866692.70000
    519     902994.90000
    520     898062.20000
    521     888465.90000
    522     947588.40000
    523    1031042.00000
    524    1116207.00000
    525    1126626.00000
    526    1067503.00000
    527    1041520.00000
    528    1020234.00000
    529     975821.60000
    530     913868.80000
    531     894434.90000
    532     921247.10000
    533     938050.90000
    534     923935.20000
    535     879570.90000
    536     876753.90000
    537     848831.40000
    538     808418.10000
    539     846676.40000
    540     910670.20000
    541     862427.90000
    542     757661.50000
    543     768761.10000
    544     791383.90000
    545     776968.10000
    546     770260.50000
    547     790112.70000
    548     882709.90000
    549     910595.70000
    550     843557.40000
    551     803560.20000
    552     797577.60000
    553     817460.50000
    554     821209.60000
    555     832409.50000
    556     841888.60000
    557     770892.80000
    558     742876.90000
    559     747728.10000
    560     757188.80000
    561     758301.20000
    562     714355.10000
    563     710367.80000
    564     709313.70000
    565     675718.80000
    566     658783.20000
    567     659351.90000
    568     689382.90000
    569     751465.90000
    570     799920.40000
    571     879197.80000
    572     936021.40000
    573     847636.40000
    574     766773.40000
    575     967801.20000
    576    1291729.00000
    577    1379726.00000
    578    1376703.00000
    579    1621998.00000
    580    2016292.00000
    581    2317694.00000
    582    2209601.00000
    583    1859304.00000
    584    1692609.00000
    585    1579314.00000
    586    1391111.00000
    587    1203187.00000
    588    1174392.00000
    589    1334899.00000
    590    1447092.00000
    591    1485643.00000
    592    1569654.00000
    593    1851434.00000
    594    2251334.00000
    595    2450427.00000
    596    2492682.00000
    597    2639362.00000
    598    3108182.00000
    599    4288234.00000
    600    5544124.00000
    601    5697962.00000
    602    5183318.00000
    603    5141280.00000
    604    5967568.00000
    605    8670966.00000
    606    15802170.00000
    607    40343960.00000
    608    87654980.00000
    609    108125100.00000
    610    76358020.00000
    611    42823620.00000
    612    26671310.00000
    613    14772080.00000
    614    8288270.00000
    615    5787730.00000
    616    4402056.00000
    617    3530167.00000
    618    2954558.00000
    619    2570607.00000
    620    2305330.00000
    621    2113540.00000
    622    1935084.00000
    623    1799530.00000
    624    1774521.00000
    625    1726221.00000
    626    1538226.00000
    627    1331278.00000
    628    1285125.00000
    629    1330033.00000
    630    1288418.00000
    631    1226744.00000
    632    1236104.00000
    633    1191141.00000
    634    1127122.00000
    635    1134457.00000
    636    1149385.00000
    637    1130118.00000
    638    1070694.00000
    639    1029295.00000
    640    1041187.00000
    641    1047986.00000
    642    1044783.00000
    643    1024349.00000
    644     985429.10000
    645     993275.50000
    646    1026239.00000
    647     982087.40000
    648     916724.20000
    649     976030.50000
    650    1050616.00000
    651    1010522.00000
    652     943112.80000
    653     901530.30000
    654     870455.10000
    655     891957.60000
    656     896474.60000
    657     851949.70000
    658     894611.00000
    659     950896.60000
    660     916704.00000
    661     907423.60000
    662     889642.20000
    663     898879.80000
    664     938406.40000
    665     920319.80000
    666     932809.60000
    667     937024.00000
    668     841840.80000
    669     829031.60000
    670     901661.40000
    671     889597.60000
    672     897814.60000
    673     929006.60000
    674     920173.80000
    675     951109.20000
    676     970349.80000
    677     929866.10000
    678     902437.60000
    679     930123.40000
    680     943369.10000
    681     952683.60000
    682     968435.30000
    683     913725.30000
    684     888024.10000
    685     953439.40000
    686     968903.50000
    687     947818.90000
    688     956819.90000
    689     971464.20000
    690    1016102.00000
    691    1017435.00000
    692    1050602.00000
    693    1121184.00000
    694    1142057.00000
    695    1142222.00000
    696    1131474.00000
    697    1133967.00000
    698    1102653.00000
    699    1014724.00000
    700     986874.30000
    701    1046669.00000
    702    1095168.00000
    703    1130888.00000
    704    1186649.00000
    705    1224391.00000
    706    1170596.00000
    707    1132452.00000
    708    1189428.00000
    709    1191707.00000
    710    1181998.00000
    711    1216798.00000
    712    1257237.00000
    713    1297176.00000
    714    1286741.00000
    715    1300322.00000
    716    1348045.00000
    717    1379655.00000
    718    1428143.00000
    719    1375626.00000
    720    1298184.00000
    721    1342103.00000
    722    1376478.00000
    723    1417107.00000
    724    1491606.00000
    725    1565254.00000
    726    1675119.00000
    727    1768315.00000
    728    1754540.00000
    729    1695744.00000
    730    1676587.00000
    731    1767774.00000
    732    1890552.00000
    733    1950140.00000
    734    2034814.00000
    735    2113375.00000
    736    2200050.00000
    737    2308334.00000
    738    2350575.00000
    739    2464589.00000
    740    2714044.00000
    741    2939150.00000
    742    3038201.00000
    743    3071240.00000
    744    3205809.00000
    745    3447481.00000
    746    3633839.00000
    747    3754763.00000
    748    3854240.00000
    749    3934379.00000
    750    4041088.00000
    751    4098437.00000
    752    4171249.00000
    753    4198253.00000
    754    4163502.00000
    755    4248377.00000
    756    4282679.00000
    757    4224586.00000
    758    4238831.00000
    759    4362794.00000
    760    4494438.00000
    761    4640624.00000
    762    4998336.00000
    763    5412369.00000
    764    5745714.00000
    765    6089763.00000
    766    6397575.00000
    767    6670892.00000
    768    6927904.00000
    769    7277006.00000
    770    7861516.00000
    771    8618006.00000
    772    9435206.00000
    773    10282670.00000
    774    11233440.00000
    775    12385900.00000
    776    13686340.00000
    777    14874080.00000
    778    15712930.00000
    779    16175440.00000
    780    16244360.00000
    781    15772370.00000
    782    14779120.00000
    783    13547750.00000
    784    12232650.00000
    785    10910760.00000
    786    9693409.00000
    787    8584905.00000
    788    7604806.00000
    789    6871222.00000
    790    6314860.00000
    791    5801870.00000
    792    5339116.00000
    793    4935476.00000
    794    4526388.00000
    795    4133410.00000
    796    3965762.00000
    797    3899059.00000
    798    3678968.00000
    799    3426266.00000
    800    3304095.00000
    801    3312019.00000
    802    3349985.00000
    803    3284760.00000
    804    3103366.00000
    805    2993360.00000
    806    2965250.00000
    807    2936758.00000
    808    2884575.00000
    809    2813861.00000
    810    2909760.00000
    811    3170312.00000
    812    3545839.00000
    813    3981707.00000
    814    4235669.00000
    815    4441578.00000
    816    4783523.00000
    817    5059887.00000
    818    5103416.00000
    819    5156994.00000
    820    5424545.00000
    821    5434158.00000
    822    5024038.00000
    823    4843532.00000
    824    5267660.00000
    825    6352691.00000
    826    8209633.00000
    827    11535680.00000
    828    18839850.00000
    829    37708100.00000
    830    71498680.00000
    831    91389640.00000
    832    71806710.00000
    833    39811090.00000
    834    24247000.00000
    835    21285390.00000
    836    19146380.00000
    837    13400950.00000
    838    8074742.00000
    839    5499176.00000
    840    4278687.00000
    841    3548536.00000
    842    2997962.00000
    843    2668608.00000
    844    2519654.00000
    845    2348689.00000
    846    2163944.00000
    847    2049868.00000
    848    1957394.00000
    849    1859876.00000
    850    1816770.00000
    851    1752244.00000
    852    1622205.00000
    853    1531861.00000
    854    1501731.00000
    855    1491032.00000
    856    1436843.00000
    857    1400822.00000
    858    1468369.00000
    859    1509362.00000
    860    1432582.00000
    861    1318855.00000
    862    1268794.00000
    863    1274472.00000
    864    1268860.00000
    865    1232547.00000
    866    1228804.00000
    867    1237902.00000
    868    1203335.00000
    869    1199915.00000
    870    1194467.00000
    871    1109836.00000
    872    1083664.00000
    873    1172703.00000
    874    1162457.00000
    875    1081394.00000
    876    1073916.00000
    877    1110822.00000
    878    1158240.00000
    879    1173370.00000
    880    1148983.00000
    881    1103675.00000
    882    1041786.00000
    883    1010592.00000
    884     994386.60000
    885    1001773.00000
    886    1072531.00000
    887    1084789.00000
    888    1002674.00000
    889     909387.20000
    890     870687.10000
    891     882851.20000
    892     910104.90000
    893     956861.10000
    894    1004730.00000
    895    1024794.00000
    896    1024189.00000
    897    1022075.00000
    898     969853.90000
    899     924701.60000
    900     957581.00000
    901     960496.20000
    902     945979.70000
    903     993738.60000
    904     991221.60000
    905     896163.60000
    906     853018.70000
    907     918922.90000
    908     964482.00000
    909     984510.60000
    910     975253.40000
    911     919326.00000
    912     992676.00000
    913    1040854.00000
    914     953056.10000
    915     910673.70000
    916     931654.90000
    917     940676.00000
    918     904824.20000
    919     911643.90000
    920     985636.60000
    921    1045990.00000
    922    1043585.00000
    923    1037324.00000
    924    1093623.00000
    925    1101860.00000
    926    1004656.00000
    927     958147.80000
    928     985591.30000
    929     960820.50000
    930     914748.70000
    931     901111.30000
    932     927902.60000
    933     953838.00000
    934     930948.20000
    935     947692.10000
    936     987720.40000
    937     997896.20000
    938     974418.60000
    939     919312.20000
    940     918749.80000
    941     947045.80000
    942    1024280.00000
    943    1016772.00000
    944     862667.50000
    945     874387.90000
    946     996745.90000
    947    1007834.00000
    948     955776.80000
    949     901906.70000
    950     827833.40000
    951     840759.40000
    952     942989.80000
    953     907195.90000
    954     838659.40000
    955     945563.80000
    956    1011399.00000
    957     985506.10000
    958    1058427.00000
    959    1047074.00000
    960     930432.40000
    961     915867.00000
    962     910170.20000
    963     889750.10000
    964     887371.10000
    965     837200.10000
    966     827019.20000
    967     921715.90000
    968    1009016.00000
    969    1007766.00000
    970     942663.70000
    971     957122.80000
    972     994443.00000
    973     904004.90000
    974     881898.90000
    975     964560.30000
    976     974981.40000
    977     947814.50000
    978     959181.60000
    979     966959.90000
    980     910092.60000
    981     878648.00000
    982     918045.60000
    983     901365.40000
    984     833801.70000
    985     857213.60000
    986     966881.80000
    987     990982.50000
    988     934165.40000
    989     918842.30000
    990     942237.50000
    991     949944.50000
    992     953780.10000
    993     988919.20000
    994    1025914.00000
    995    1025133.00000
    996    1018799.00000
    997    1009583.00000
    998     955516.90000
    999     917429.80000
   1000     949658.40000
   1001     987101.60000
   1002     964961.20000
   1003     930365.10000
   1004     903492.90000
   1005     872720.50000
   1006     848138.30000
   1007     857108.60000
   1008     881290.80000
   1009     871796.80000
   1010     895812.20000
   1011     965171.50000
   1012     959852.40000
   1013     914704.10000
   1014     908681.10000
   1015     902594.90000
   1016     922607.10000
   1017     930482.70000
   1018     870499.60000
   1019     816685.60000
   1020     830455.60000
   1021     892238.40000
   1022     915888.20000
   1023     920921.40000
   1024     939712.90000
   1025     919061.10000
   1026     898806.60000
   1027     897497.30000
   1028     901612.10000
