      1     181935.20000
      2     166275.40000
      3     154717.40000
      4     173197.60000
      5     197988.60000
      6     176641.10000
      7     135234.10000
      8     148793.10000
      9     183984.40000
     10     181970.20000
     11     174926.60000
     12     186545.60000
     13     209855.90000
     14     234273.90000
     15     231028.70000
     16     204810.50000
     17     184671.90000
     18     194434.10000
     19     221344.00000
     20     207273.80000
     21     189027.50000
     22     228004.00000
     23     240687.80000
     24     192674.40000
     25     182322.50000
     26     232023.80000
     27     279777.80000
     28     295022.80000
     29     280386.10000
     30     273132.40000
     31     310467.00000
     32     357494.00000
     33     375325.10000
     34     368835.50000
     35     350512.90000
     36     360891.10000
     37     412191.90000
     38     469954.40000
     39     522520.00000
     40     569745.90000
     41     639250.20000
     42     734703.00000
     43     787712.10000
     44     807512.20000
     45     880464.10000
     46    1031384.00000
     47    1236244.00000
     48    1450999.00000
     49    1620998.00000
     50    1781710.00000
     51    2045895.00000
     52    2412884.00000
     53    2818546.00000
     54    3300449.00000
     55    3824160.00000
     56    4202360.00000
     57    4309762.00000
     58    4140120.00000
     59    3760322.00000
     60    3288636.00000
     61    2808522.00000
     62    2361818.00000
     63    1988891.00000
     64    1702957.00000
     65    1501320.00000
     66    1366028.00000
     67    1246483.00000
     68    1134329.00000
     69    1058955.00000
     70     978886.10000
     71     854140.70000
     72     774979.90000
     73     820604.20000
     74     901338.50000
     75     909883.90000
     76     884801.30000
     77     906194.80000
     78     961986.30000
     79    1001703.00000
     80    1022526.00000
     81    1073762.00000
     82    1253197.00000
     83    1565047.00000
     84    1756675.00000
     85    1601069.00000
     86    1266862.00000
     87    1061981.00000
     88    1036913.00000
     89    1103681.00000
     90    1203643.00000
     91    1273075.00000
     92    1285575.00000
     93    1286223.00000
     94    1349637.00000
     95    1461240.00000
     96    1546789.00000
     97    1645287.00000
     98    1875676.00000
     99    2376470.00000
    100    3194422.00000
    101    4885263.00000
    102    8513958.00000
    103    12333340.00000
    104    12101080.00000
    105    7876590.00000
    106    3999366.00000
    107    2283806.00000
    108    1629747.00000
    109    1300004.00000
    110    1119621.00000
    111    1011596.00000
    112     993064.50000
    113    1055103.00000
    114    1106913.00000
    115    1015201.00000
    116     840181.10000
    117     739132.40000
    118     719863.40000
    119     736709.10000
    120     756244.10000
    121     761030.50000
    122     769187.40000
    123     799264.60000
    124     859488.10000
    125     930028.00000
    126     991987.40000
    127    1050862.00000
    128    1060879.00000
    129     963719.60000
    130     799584.40000
    131     659766.50000
    132     601548.50000
    133     611515.80000
    134     607930.30000
    135     554474.10000
    136     509531.30000
    137     500781.10000
    138     490524.90000
    139     473196.00000
    140     458983.50000
    141     414597.10000
    142     347071.80000
    143     327477.80000
    144     366201.90000
    145     405406.00000
    146     401147.70000
    147     356395.50000
    148     336260.30000
    149     382636.90000
    150     444868.30000
    151     483857.80000
    152     498832.60000
    153     478724.90000
    154     455931.90000
    155     478909.50000
    156     542177.20000
    157     611671.80000
    158     620854.90000
    159     542847.20000
    160     478388.60000
    161     495344.00000
    162     517803.90000
    163     495854.60000
    164     487692.20000
    165     519453.50000
    166     542145.10000
    167     533545.50000
    168     512604.50000
    169     497397.80000
    170     483317.00000
    171     463667.10000
    172     471467.20000
    173     485627.20000
    174     428693.80000
    175     353182.60000
    176     366108.60000
    177     441586.20000
    178     510814.20000
    179     563363.80000
    180     588188.20000
    181     585144.80000
    182     603987.80000
    183     652991.20000
    184     706256.20000
    185     800874.80000
    186     951894.20000
    187    1113887.00000
    188    1322394.00000
    189    1655318.00000
    190    2022859.00000
    191    2306164.00000
    192    2595317.00000
    193    2973994.00000
    194    3463536.00000
    195    4270300.00000
    196    5907752.00000
    197    9133185.00000
    198    13453330.00000
    199    15878820.00000
    200    14145530.00000
    201    10084450.00000
    202    6812240.00000
    203    5168080.00000
    204    4552700.00000
    205    4498157.00000
    206    4925687.00000
    207    5944553.00000
    208    8102024.00000
    209    12176970.00000
    210    16550580.00000
    211    17623930.00000
    212    15214110.00000
    213    13431900.00000
    214    15556260.00000
    215    19735980.00000
    216    20728980.00000
    217    17875760.00000
    218    16381380.00000
    219    17744300.00000
    220    17454700.00000
    221    13469900.00000
    222    8730415.00000
    223    5766642.00000
    224    4520578.00000
    225    4243184.00000
    226    4249836.00000
    227    3961888.00000
    228    3377703.00000
    229    2832541.00000
    230    2513817.00000
    231    2409009.00000
    232    2388644.00000
    233    2353101.00000
    234    2296581.00000
    235    2221176.00000
    236    2155845.00000
    237    2209446.00000
    238    2410200.00000
    239    2647035.00000
    240    2810672.00000
    241    2827112.00000
    242    2728214.00000
    243    2638761.00000
    244    2645204.00000
    245    2847867.00000
    246    3341482.00000
    247    4080525.00000
    248    4953696.00000
    249    6399841.00000
    250    9297993.00000
    251    12574310.00000
    252    13024020.00000
    253    9902712.00000
    254    6100233.00000
    255    3731115.00000
    256    2554408.00000
    257    1966839.00000
    258    1692463.00000
    259    1509668.00000
    260    1346676.00000
    261    1238113.00000
    262    1172101.00000
    263    1117505.00000
    264    1064516.00000
    265    1010677.00000
    266     987343.40000
    267     992860.50000
    268     969471.10000
    269     913129.10000
    270     859967.10000
    271     837863.20000
    272     841362.10000
    273     819958.60000
    274     764017.20000
    275     727717.60000
    276     719184.40000
    277     683736.90000
    278     643307.10000
    279     653775.30000
    280     674902.50000
    281     679924.20000
    282     670105.60000
    283     631377.40000
    284     607973.60000
    285     614063.50000
    286     615820.00000
    287     634989.50000
    288     673621.80000
    289     690174.20000
    290     691752.40000
    291     704937.10000
    292     717924.90000
    293     719971.00000
    294     713554.30000
    295     707792.90000
    296     731345.70000
    297     758525.00000
    298     735655.00000
    299     714652.70000
    300     749561.60000
    301     798206.60000
    302     844326.50000
    303     892902.60000
    304     929487.30000
    305     982848.90000
    306    1049624.00000
    307    1094167.00000
    308    1152928.00000
    309    1227844.00000
    310    1274071.00000
    311    1328560.00000
    312    1425918.00000
    313    1529171.00000
    314    1607384.00000
    315    1658415.00000
    316    1706528.00000
    317    1772602.00000
    318    1812369.00000
    319    1790628.00000
    320    1754342.00000
    321    1725777.00000
    322    1663955.00000
    323    1556472.00000
    324    1461388.00000
    325    1431739.00000
    326    1402691.00000
    327    1314142.00000
    328    1239616.00000
    329    1208320.00000
    330    1153357.00000
    331    1057456.00000
    332     965588.00000
    333     916791.20000
    334     888420.20000
    335     846084.80000
    336     814632.60000
    337     794559.60000
    338     750415.80000
    339     706069.20000
    340     688348.10000
    341     666878.10000
    342     628250.80000
    343     594895.40000
    344     589197.00000
    345     604673.00000
    346     590834.10000
    347     544276.20000
    348     523561.60000
    349     519418.20000
    350     506816.20000
    351     523628.50000
    352     553755.20000
    353     553328.80000
    354     552151.60000
    355     562991.80000
    356     543641.40000
    357     484172.60000
    358     447312.80000
    359     480472.00000
    360     517308.40000
    361     501719.60000
    362     465295.70000
    363     421804.70000
    364     393670.30000
    365     414832.80000
    366     453464.70000
    367     471205.50000
    368     474844.60000
    369     468942.20000
    370     432182.40000
    371     398112.30000
    372     436645.80000
    373     494555.60000
    374     483264.80000
    375     440007.40000
    376     421885.90000
    377     415883.90000
    378     420951.40000
    379     472490.90000
    380     520934.80000
    381     483014.50000
    382     425231.90000
    383     426568.80000
    384     448818.10000
    385     469415.20000
    386     479186.00000
    387     462884.10000
    388     447458.10000
    389     432292.60000
    390     410536.80000
    391     423261.30000
    392     467118.40000
    393     485722.60000
    394     462654.50000
    395     438640.40000
    396     459758.40000
    397     509244.80000
    398     517397.50000
    399     473450.30000
    400     442811.80000
    401     449520.90000
    402     461510.60000
    403     470712.60000
    404     479995.90000
    405     482573.30000
    406     502118.00000
    407     549537.10000
    408     553732.40000
    409     478168.30000
    410     421092.30000
    411     444050.90000
    412     479668.40000
    413     471733.30000
    414     437252.50000
    415     429447.20000
    416     455117.30000
    417     459827.70000
    418     452757.90000
    419     484006.60000
    420     545012.20000
    421     585635.50000
    422     545019.30000
    423     454140.80000
    424     438330.50000
    425     507615.50000
    426     557991.80000
    427     564714.20000
    428     562615.40000
    429     543075.40000
    430     518790.90000
    431     541170.00000
    432     588706.30000
    433     601775.50000
    434     586080.00000
    435     582746.10000
    436     609447.00000
    437     633914.30000
    438     619724.30000
    439     595471.90000
    440     596044.90000
    441     605905.50000
    442     618751.10000
    443     664990.90000
    444     744614.50000
    445     796569.80000
    446     787021.40000
    447     764363.10000
    448     771592.00000
    449     773942.20000
    450     741377.00000
    451     724201.10000
    452     752068.20000
    453     785496.40000
    454     816926.20000
    455     860554.20000
    456     887448.90000
    457     876970.10000
    458     877865.80000
    459     948711.20000
    460    1029688.00000
    461    1019867.00000
    462     997582.40000
    463    1091020.00000
    464    1209596.00000
    465    1235112.00000
    466    1240900.00000
    467    1292808.00000
    468    1373516.00000
    469    1486470.00000
    470    1618629.00000
    471    1755449.00000
    472    1883508.00000
    473    1953652.00000
    474    1983788.00000
    475    2060766.00000
    476    2220308.00000
    477    2430412.00000
    478    2648441.00000
    479    2863705.00000
    480    3086972.00000
    481    3355482.00000
    482    3725132.00000
    483    4171122.00000
    484    4600598.00000
    485    4974014.00000
    486    5269937.00000
    487    5405421.00000
    488    5287910.00000
    489    4901544.00000
    490    4365111.00000
    491    3835206.00000
    492    3351838.00000
    493    2928094.00000
    494    2619640.00000
    495    2434046.00000
    496    2329877.00000
    497    2237959.00000
    498    2135921.00000
    499    2094192.00000
    500    2131660.00000
    501    2207936.00000
    502    2320307.00000
    503    2465492.00000
    504    2634104.00000
    505    2850023.00000
    506    3147626.00000
    507    3495898.00000
    508    3780462.00000
    509    3912914.00000
    510    3876394.00000
    511    3681425.00000
    512    3374515.00000
    513    3015342.00000
    514    2633475.00000
    515    2283191.00000
    516    2037176.00000
    517    1868645.00000
    518    1689120.00000
    519    1502174.00000
    520    1381612.00000
    521    1318897.00000
    522    1229540.00000
    523    1132680.00000
    524    1105515.00000
    525    1090882.00000
    526    1044044.00000
    527    1030698.00000
    528    1028708.00000
    529     984876.70000
    530     941267.80000
    531     930185.10000
    532     952411.80000
    533     983072.20000
    534     969612.20000
    535     925682.60000
    536     900119.40000
    537     880246.60000
    538     844822.50000
    539     814022.20000
    540     785896.20000
    541     738230.50000
    542     698426.80000
    543     686321.20000
    544     678442.40000
    545     678572.40000
    546     684634.10000
    547     670039.20000
    548     646848.00000
    549     633050.60000
    550     627718.70000
    551     625799.80000
    552     598956.60000
    553     556135.30000
    554     556333.70000
    555     589752.60000
    556     599670.60000
    557     570160.70000
    558     515448.90000
    559     497149.30000
    560     550715.20000
    561     590885.60000
    562     563454.20000
    563     528752.80000
    564     523176.20000
    565     535753.60000
    566     577163.50000
    567     631361.20000
    568     624682.20000
    569     563908.10000
    570     555692.40000
    571     588510.40000
    572     573413.60000
    573     565717.60000
    574     609618.70000
    575     609229.80000
    576     554975.10000
    577     525310.20000
    578     525806.20000
    579     560314.60000
    580     620133.30000
    581     623905.80000
    582     576606.00000
    583     589034.30000
    584     679925.20000
    585     756043.20000
    586     755862.50000
    587     698886.20000
    588     619898.90000
    589     540845.30000
    590     510649.30000
    591     547837.20000
    592     575367.00000
    593     548506.50000
    594     523491.30000
    595     541574.40000
    596     577245.60000
    597     572864.80000
    598     524927.90000
    599     506533.30000
    600     519670.90000
    601     516458.00000
    602     531066.10000
    603     572596.10000
    604     585050.00000
    605     562438.80000
    606     538080.20000
    607     536713.80000
    608     550974.90000
    609     559695.40000
    610     575548.40000
    611     581983.50000
    612     547245.20000
    613     515949.60000
    614     503472.80000
    615     466080.50000
    616     445643.00000
    617     493525.40000
    618     539053.10000
    619     532474.20000
    620     537258.10000
    621     564824.00000
    622     547031.40000
    623     514679.40000
    624     550268.40000
    625     608968.60000
    626     607152.70000
    627     567514.40000
    628     552265.50000
    629     579473.40000
    630     615494.90000
    631     611023.60000
    632     578414.40000
    633     560255.30000
    634     561635.70000
    635     579874.90000
    636     590342.90000
    637     579832.00000
    638     600906.60000
    639     644003.80000
    640     642998.00000
    641     631770.50000
    642     659543.10000
    643     684973.80000
    644     677536.10000
    645     655856.80000
