      1     285720.80000
      2     337881.40000
      3     351758.70000
      4     306414.30000
      5     274828.50000
      6     276145.40000
      7     294180.40000
      8     326917.00000
      9     353289.30000
     10     318187.40000
     11     260474.30000
     12     287715.80000
     13     267162.80000
     14     268458.30000
     15     422174.50000
     16     420748.20000
     17     287122.00000
     18     283776.40000
     19     374143.90000
     20     453459.30000
     21     446268.80000
     22     376466.50000
     23     351181.00000
     24     351480.90000
     25     370493.30000
     26     417955.40000
     27     413319.50000
     28     333306.80000
     29     274866.40000
     30     370361.80000
     31     420151.00000
     32     345330.90000
     33     316951.70000
     34     355610.30000
     35     439706.20000
     36     432080.80000
     37     406057.20000
     38     397706.70000
     39     342286.60000
     40     374201.40000
     41     448409.70000
     42     490537.30000
     43     458678.80000
     44     448870.80000
     45     532384.40000
     46     509815.00000
     47     410749.70000
     48     391956.30000
     49     445636.50000
     50     474201.10000
     51     470454.60000
     52     519956.40000
     53     516027.60000
     54     454169.20000
     55     472131.90000
     56     452808.00000
     57     444860.60000
     58     511559.80000
     59     510662.90000
     60     527470.60000
     61     546289.90000
     62     534238.60000
     63     587927.90000
     64     635082.40000
     65     628092.80000
     66     580879.30000
     67     560559.20000
     68     643021.40000
     69     759556.90000
     70     808978.10000
     71     800523.30000
     72     763891.80000
     73     707912.20000
     74     694859.90000
     75     727475.30000
     76     788080.70000
     77     925559.80000
     78    1059893.00000
     79    1136480.00000
     80    1289883.00000
     81    1371510.00000
     82    1375187.00000
     83    1535748.00000
     84    1760027.00000
     85    2031994.00000
     86    2379587.00000
     87    2850191.00000
     88    3390308.00000
     89    3850713.00000
     90    4262812.00000
     91    4749807.00000
     92    5628076.00000
     93    6927811.00000
     94    8806696.00000
     95    12069320.00000
     96    17814570.00000
     97    28326860.00000
     98    47021220.00000
     99    70106270.00000
    100    80177480.00000
    101    67002490.00000
    102    44017830.00000
    103    26780240.00000
    104    17122410.00000
    105    11749110.00000
    106    8622785.00000
    107    6605614.00000
    108    5200516.00000
    109    4355694.00000
    110    3743713.00000
    111    3148930.00000
    112    2771045.00000
    113    2507447.00000
    114    2216818.00000
    115    2060242.00000
    116    1956102.00000
    117    1800758.00000
    118    1668793.00000
    119    1528518.00000
    120    1404282.00000
    121    1394207.00000
    122    1395941.00000
    123    1342861.00000
    124    1242954.00000
    125    1132048.00000
    126    1076070.00000
    127    1050271.00000
    128    1034733.00000
    129    1075628.00000
    130    1146406.00000
    131    1148231.00000
    132    1097029.00000
    133    1044004.00000
    134    1070229.00000
    135    1161619.00000
    136    1149124.00000
    137    1079130.00000
    138    1079234.00000
    139    1157952.00000
    140    1360740.00000
    141    1560773.00000
    142    1615942.00000
    143    1641798.00000
    144    1790384.00000
    145    2096022.00000
    146    2506199.00000
    147    2957398.00000
    148    3067553.00000
    149    2622764.00000
    150    2090383.00000
    151    1838594.00000
    152    1840099.00000
    153    1920482.00000
    154    1989191.00000
    155    2023540.00000
    156    2134335.00000
    157    2397193.00000
    158    2747527.00000
    159    3241448.00000
    160    3889828.00000
    161    4649918.00000
    162    5626436.00000
    163    7036536.00000
    164    9098631.00000
    165    12003910.00000
    166    17479570.00000
    167    31238630.00000
    168    63962690.00000
    169    101473500.00000
    170    100067800.00000
    171    61625020.00000
    172    29243070.00000
    173    14997960.00000
    174    8956652.00000
    175    6021330.00000
    176    4336097.00000
    177    3269126.00000
    178    2627258.00000
    179    2159362.00000
    180    1763409.00000
    181    1471761.00000
    182    1246901.00000
    183    1160108.00000
    184    1198701.00000
    185    1160758.00000
    186    1031313.00000
    187     963532.50000
    188     891622.80000
    189     807434.90000
    190     799585.20000
    191     793958.50000
    192     746600.70000
    193     727029.50000
    194     733733.10000
    195     717958.80000
    196     674848.30000
    197     640670.10000
    198     556876.50000
    199     476042.00000
    200     529468.30000
    201     652265.60000
    202     688759.50000
    203     678979.40000
    204     626191.10000
    205     522674.80000
    206     550353.10000
    207     684788.10000
    208     684218.20000
    209     600793.10000
    210     599342.10000
    211     579927.80000
    212     523395.10000
    213     561292.20000
    214     632528.10000
    215     658596.50000
    216     713300.20000
    217     760731.10000
    218     758320.40000
    219     701330.10000
    220     590690.40000
    221     500789.10000
    222     439833.20000
    223     445341.20000
    224     593889.60000
    225     675395.60000
    226     604662.00000
    227     620474.90000
    228     704049.80000
    229     721453.00000
    230     659904.70000
    231     630224.70000
    232     662060.20000
    233     624116.80000
    234     616595.40000
    235     671281.20000
    236     642191.80000
    237     597172.40000
    238     626579.80000
    239     644248.00000
    240     618104.10000
    241     578042.80000
    242     542682.50000
    243     498964.50000
    244     439425.30000
    245     392106.60000
    246     400818.80000
    247     459872.60000
    248     483238.70000
    249     453740.30000
    250     461929.10000
    251     471450.60000
    252     389709.50000
    253     341785.40000
    254     397113.70000
    255     458082.60000
    256     477970.10000
    257     502553.00000
    258     531519.00000
    259     575567.60000
    260     643300.00000
    261     692897.90000
    262     627947.60000
    263     563596.60000
    264     699099.50000
    265     751185.90000
    266     659641.80000
    267     642959.70000
    268     664632.80000
    269     666605.10000
    270     601392.80000
    271     610236.90000
    272     694965.20000
    273     695053.90000
    274     674690.60000
    275     690909.80000
    276     681269.20000
    277     665718.60000
    278     701527.90000
    279     706931.10000
    280     664924.90000
    281     666626.10000
    282     690356.90000
    283     702283.60000
    284     724545.60000
    285     711967.20000
    286     689036.60000
    287     702723.50000
    288     732059.50000
    289     769159.50000
    290     829375.80000
    291     865141.10000
    292     866846.80000
    293     905142.00000
    294     945310.60000
    295    1003145.00000
    296    1076387.00000
    297    1024828.00000
    298    1084795.00000
    299    1278995.00000
    300    1328031.00000
    301    1362190.00000
    302    1446767.00000
    303    1581680.00000
    304    1766891.00000
    305    1931074.00000
    306    2120577.00000
    307    2400521.00000
    308    2783711.00000
    309    3208242.00000
    310    3807688.00000
    311    4581524.00000
    312    5545501.00000
    313    7099183.00000
    314    9476460.00000
    315    13179220.00000
    316    19438360.00000
    317    30351380.00000
    318    47823020.00000
    319    66663550.00000
    320    73186820.00000
    321    62587020.00000
    322    45193900.00000
    323    30512280.00000
    324    20690500.00000
    325    14779320.00000
    326    11244770.00000
    327    9061872.00000
    328    7782108.00000
    329    7090388.00000
    330    6624582.00000
    331    6420586.00000
    332    6538373.00000
    333    6954288.00000
    334    7643730.00000
    335    8574705.00000
    336    10175610.00000
    337    12732050.00000
    338    16745540.00000
    339    24375640.00000
    340    41189280.00000
    341    75838540.00000
    342    115885200.00000
    343    135197000.00000
    344    142823500.00000
    345    140966000.00000
    346    112817900.00000
    347    83224600.00000
    348    76750800.00000
    349    86135550.00000
    350    94273530.00000
    351    84589030.00000
    352    62153940.00000
    353    42209500.00000
    354    28581020.00000
    355    19887670.00000
    356    14638590.00000
    357    11345810.00000
    358    9254477.00000
    359    7980610.00000
    360    7136547.00000
    361    6428318.00000
    362    5886413.00000
    363    5430100.00000
    364    5017776.00000
    365    4713448.00000
    366    4395919.00000
    367    4097155.00000
    368    3966961.00000
    369    3950068.00000
    370    3870700.00000
    371    3729044.00000
    372    3659669.00000
    373    3596957.00000
    374    3660767.00000
    375    3894153.00000
    376    4001038.00000
    377    4003930.00000
    378    4164488.00000
    379    4479300.00000
    380    4702112.00000
    381    4776294.00000
    382    4768496.00000
    383    4636991.00000
    384    4418884.00000
    385    4351986.00000
    386    4510738.00000
    387    4642774.00000
    388    4553104.00000
    389    4264231.00000
    390    3995272.00000
    391    3958321.00000
    392    3954455.00000
    393    3904704.00000
    394    4088578.00000
    395    4522940.00000
    396    5111436.00000
    397    5766436.00000
    398    6474490.00000
    399    7426964.00000
    400    8809453.00000
    401    10659390.00000
    402    13482200.00000
    403    19347590.00000
    404    32003690.00000
    405    54359970.00000
    406    74847460.00000
    407    73015440.00000
    408    53464720.00000
    409    35751320.00000
    410    23993510.00000
    411    15658240.00000
    412    10603000.00000
    413    7808310.00000
    414    6155978.00000
    415    5146318.00000
    416    4541898.00000
    417    4214192.00000
    418    4026054.00000
    419    3894882.00000
    420    3745331.00000
    421    3517250.00000
    422    3269918.00000
    423    3009632.00000
    424    2822790.00000
    425    2812585.00000
    426    2854865.00000
    427    2800599.00000
    428    2598902.00000
    429    2269020.00000
    430    1928638.00000
    431    1712744.00000
    432    1579324.00000
    433    1425023.00000
    434    1349738.00000
    435    1367289.00000
    436    1336437.00000
    437    1257020.00000
    438    1220910.00000
    439    1251077.00000
    440    1255674.00000
    441    1237258.00000
    442    1260755.00000
    443    1236419.00000
    444    1186381.00000
    445    1145709.00000
    446    1125200.00000
    447    1162940.00000
    448    1066109.00000
    449     950332.80000
    450    1048133.00000
    451    1107024.00000
    452    1041716.00000
    453    1017244.00000
    454    1007057.00000
    455     995130.20000
    456    1039937.00000
    457    1118544.00000
    458    1099737.00000
    459     951225.90000
    460     894483.00000
    461     898928.00000
    462     877835.60000
    463     935098.10000
    464    1000503.00000
    465     996079.00000
    466     912176.80000
    467     853433.10000
    468     900540.40000
    469     951341.90000
    470     943525.80000
    471     944751.20000
    472     968437.20000
    473     936447.40000
    474     879364.20000
    475     872669.20000
    476     880635.90000
    477     916990.10000
    478     974427.10000
    479     928037.60000
    480     847365.80000
    481     890529.50000
    482     989863.60000
    483     961930.70000
    484     863041.70000
    485     853917.50000
    486     890970.20000
    487     933240.00000
    488     977794.70000
    489     979025.20000
    490     970954.60000
    491     924711.60000
    492     824636.00000
    493     855585.60000
    494     957252.90000
    495     945129.60000
    496     877058.50000
    497     851428.60000
    498     896662.20000
    499     963941.40000
    500     944026.40000
    501     894286.80000
    502     921847.10000
    503     984512.10000
    504     971619.70000
    505     857818.00000
    506     891579.30000
    507    1001354.00000
    508     958078.10000
    509     924780.70000
    510     922391.50000
    511     914227.10000
    512     950993.50000
    513     978520.70000
    514     986153.40000
    515     967990.70000
    516     960046.90000
    517     941877.70000
    518     895236.20000
    519     891670.70000
    520     902758.20000
    521     913198.50000
    522     922910.10000
    523     962840.10000
    524     989453.10000
    525     913590.00000
    526     870695.40000
    527     950174.40000
    528    1006284.00000
    529     966488.90000
    530     973486.20000
    531    1010161.00000
    532     938171.90000
    533     835650.40000
    534     822305.80000
    535     871652.60000
    536     904140.70000
    537     947382.00000
    538     957389.60000
    539     835569.70000
    540     770242.10000
    541     901902.10000
    542     947488.80000
    543     817830.30000
    544     822134.00000
    545     927054.10000
    546     876328.10000
    547     780831.50000
    548     858125.60000
    549     927992.00000
    550     806903.40000
    551     722318.30000
    552     790494.20000
    553     839763.80000
    554     841121.80000
    555     871486.10000
    556     846311.60000
    557     801816.20000
    558     829284.90000
    559     868736.10000
    560     849218.80000
    561     848049.80000
    562     868044.20000
    563     811283.70000
    564     764347.90000
    565     814211.00000
    566     894154.60000
    567     912859.60000
    568     876360.80000
    569     870342.30000
    570     949673.20000
    571    1013055.00000
    572     995237.00000
    573     966069.60000
    574     986166.10000
    575    1088867.00000
    576    1287820.00000
    577    1517934.00000
    578    1599058.00000
    579    1468749.00000
    580    1338793.00000
    581    1247964.00000
    582    1132340.00000
    583    1087679.00000
    584    1159326.00000
    585    1225615.00000
    586    1277354.00000
    587    1314567.00000
    588    1227444.00000
    589    1129328.00000
    590    1137436.00000
    591    1154226.00000
    592    1256316.00000
    593    1479400.00000
    594    1658104.00000
    595    1706148.00000
    596    1711368.00000
    597    1898138.00000
    598    2484774.00000
    599    3293046.00000
    600    3964574.00000
    601    4491407.00000
    602    5064818.00000
    603    5788972.00000
    604    6890110.00000
    605    8546001.00000
    606    12288750.00000
    607    22268360.00000
    608    51750270.00000
    609    101490000.00000
    610    119547900.00000
    611    84334900.00000
    612    48745790.00000
    613    31642260.00000
    614    18447350.00000
    615    10448080.00000
    616    7335798.00000
    617    5762397.00000
    618    4715452.00000
    619    3936447.00000
    620    3341878.00000
    621    2880088.00000
    622    2440354.00000
    623    2123352.00000
    624    1996334.00000
    625    1967901.00000
    626    1873988.00000
    627    1655470.00000
    628    1510091.00000
    629    1487244.00000
    630    1425500.00000
    631    1280404.00000
    632    1174124.00000
    633    1149089.00000
    634    1130738.00000
    635    1155083.00000
    636    1166156.00000
    637    1104567.00000
    638    1092040.00000
    639    1118463.00000
    640    1079170.00000
    641     989060.60000
    642     944096.00000
    643    1036781.00000
    644    1118723.00000
    645    1064971.00000
    646    1007511.00000
    647     997496.40000
    648     981023.90000
    649     950326.30000
    650     947549.20000
    651     979750.40000
    652     999454.00000
    653     955460.20000
    654     991955.00000
    655    1080566.00000
    656    1017658.00000
    657     930787.90000
    658     900057.20000
    659     891794.40000
    660     890060.20000
    661     812295.30000
    662     775585.10000
    663     860256.00000
    664     960809.60000
    665     992569.00000
    666     999943.50000
    667     960956.50000
    668     863746.10000
    669     867358.80000
    670     956868.90000
    671     959525.90000
    672     914496.50000
    673     907019.60000
    674     950986.20000
    675    1004436.00000
    676    1010939.00000
    677    1005068.00000
    678     967976.30000
    679     923614.80000
    680     931576.90000
    681     924263.30000
    682     903744.50000
    683     975097.80000
    684    1013990.00000
    685     929388.20000
    686     884769.40000
    687     944752.20000
    688     943795.60000
    689     928877.60000
    690     996937.70000
    691    1017301.00000
    692     954320.10000
    693     910707.10000
    694     997850.60000
    695    1044577.00000
    696    1010638.00000
    697    1084409.00000
    698    1114316.00000
    699    1028035.00000
    700     973218.90000
    701    1012266.00000
    702    1090284.00000
    703    1123920.00000
    704    1127225.00000
    705    1105708.00000
    706    1095994.00000
    707    1159884.00000
    708    1208326.00000
    709    1180525.00000
    710    1179619.00000
    711    1245204.00000
    712    1265815.00000
    713    1266157.00000
    714    1333329.00000
    715    1387420.00000
    716    1333288.00000
    717    1254460.00000
    718    1322221.00000
    719    1382228.00000
    720    1343261.00000
    721    1391567.00000
    722    1426802.00000
    723    1393058.00000
    724    1463100.00000
    725    1524388.00000
    726    1531990.00000
    727    1591234.00000
    728    1652448.00000
    729    1691347.00000
    730    1686455.00000
    731    1720478.00000
    732    1808688.00000
    733    1938576.00000
    734    2093712.00000
    735    2159105.00000
    736    2220513.00000
    737    2319036.00000
    738    2516470.00000
    739    2808258.00000
    740    3068897.00000
    741    3220325.00000
    742    3308173.00000
    743    3378466.00000
    744    3324468.00000
    745    3324547.00000
    746    3466457.00000
    747    3536566.00000
    748    3628513.00000
    749    3821804.00000
    750    3885764.00000
    751    3886674.00000
    752    3918338.00000
    753    3952123.00000
    754    4068210.00000
    755    4137242.00000
    756    4113378.00000
    757    4128419.00000
    758    4178119.00000
    759    4258172.00000
    760    4379403.00000
    761    4560892.00000
    762    4732012.00000
    763    4899476.00000
    764    5115608.00000
    765    5341454.00000
    766    5706214.00000
    767    6196064.00000
    768    6635813.00000
    769    7161892.00000
    770    7908044.00000
    771    8766633.00000
    772    9806221.00000
    773    11115780.00000
    774    12682100.00000
    775    14512170.00000
    776    16507130.00000
    777    18484740.00000
    778    20151050.00000
    779    21268510.00000
    780    21853390.00000
    781    21826180.00000
    782    21408950.00000
    783    21326780.00000
    784    22261500.00000
    785    25456250.00000
    786    33675120.00000
    787    51570610.00000
    788    76605620.00000
    789    88666580.00000
    790    74751160.00000
    791    51045330.00000
    792    35837440.00000
    793    29384030.00000
    794    24774700.00000
    795    19020470.00000
    796    13887000.00000
    797    10650730.00000
    798    8702698.00000
    799    7437647.00000
    800    6557316.00000
    801    5809093.00000
    802    5191384.00000
    803    4818215.00000
    804    4487807.00000
    805    4106066.00000
    806    3808553.00000
    807    3598442.00000
    808    3479896.00000
    809    3362178.00000
    810    3223658.00000
    811    3207544.00000
    812    3217584.00000
    813    3151748.00000
    814    3006812.00000
    815    2769840.00000
    816    2578626.00000
    817    2510408.00000
    818    2472160.00000
    819    2448750.00000
    820    2422957.00000
    821    2340338.00000
    822    2285460.00000
    823    2242422.00000
    824    2126342.00000
    825    1977757.00000
    826    1863259.00000
    827    1810017.00000
    828    1811026.00000
    829    1818177.00000
    830    1834469.00000
    831    1850646.00000
    832    1801643.00000
    833    1735738.00000
    834    1726130.00000
    835    1715342.00000
    836    1595440.00000
    837    1519208.00000
    838    1574108.00000
    839    1609257.00000
    840    1651808.00000
    841    1621183.00000
    842    1517366.00000
    843    1544581.00000
    844    1555308.00000
    845    1499344.00000
    846    1488232.00000
    847    1488963.00000
    848    1514810.00000
    849    1526225.00000
    850    1493083.00000
    851    1434384.00000
    852    1313390.00000
    853    1217494.00000
    854    1248451.00000
    855    1265891.00000
    856    1282166.00000
    857    1350197.00000
    858    1382276.00000
    859    1343587.00000
    860    1256064.00000
    861    1250758.00000
    862    1278573.00000
    863    1269162.00000
    864    1291893.00000
    865    1301433.00000
    866    1235624.00000
    867    1203708.00000
    868    1227817.00000
    869    1233075.00000
    870    1242340.00000
    871    1199258.00000
    872    1164377.00000
    873    1193206.00000
    874    1220937.00000
    875    1258608.00000
    876    1244119.00000
    877    1186721.00000
    878    1140126.00000
    879    1138811.00000
    880    1177796.00000
    881    1228593.00000
    882    1307446.00000
    883    1273930.00000
    884    1170685.00000
    885    1163059.00000
    886    1227225.00000
    887    1272339.00000
    888    1268348.00000
    889    1252784.00000
    890    1221756.00000
    891    1182883.00000
    892    1142512.00000
    893    1110805.00000
    894    1124772.00000
    895    1187840.00000
    896    1199463.00000
    897    1146062.00000
    898    1158365.00000
    899    1206250.00000
    900    1213399.00000
    901    1226924.00000
    902    1195776.00000
    903    1139213.00000
    904    1135350.00000
    905    1133858.00000
    906    1168135.00000
    907    1181788.00000
    908    1136273.00000
    909    1158198.00000
    910    1199896.00000
    911    1138784.00000
    912    1057591.00000
    913    1076728.00000
    914    1143058.00000
    915    1161048.00000
    916    1129522.00000
    917    1161726.00000
    918    1224402.00000
    919    1200822.00000
    920    1141896.00000
    921    1112197.00000
    922    1137937.00000
    923    1138898.00000
    924    1078593.00000
    925    1020458.00000
    926    1039347.00000
    927    1108450.00000
    928    1099649.00000
    929    1095562.00000
    930    1093370.00000
    931    1066993.00000
    932    1107350.00000
    933    1120958.00000
    934    1083561.00000
    935    1051748.00000
    936    1027570.00000
    937    1014493.00000
    938    1063834.00000
    939    1180018.00000
    940    1224690.00000
    941    1134992.00000
    942    1036175.00000
    943    1051227.00000
    944    1101664.00000
    945    1125382.00000
    946    1202155.00000
    947    1280095.00000
    948    1223263.00000
    949    1129834.00000
    950    1110888.00000
    951    1086582.00000
    952    1057577.00000
    953    1052571.00000
    954    1091707.00000
    955    1168917.00000
    956    1201036.00000
    957    1156325.00000
    958    1088468.00000
    959    1112810.00000
    960    1137403.00000
    961    1158315.00000
    962    1194155.00000
    963    1118342.00000
    964    1136650.00000
    965    1246224.00000
    966    1223293.00000
    967    1141715.00000
    968    1155800.00000
    969    1177802.00000
    970    1125328.00000
    971    1126169.00000
    972    1151675.00000
    973    1145141.00000
    974    1145508.00000
    975    1143609.00000
    976    1144602.00000
    977    1180716.00000
    978    1205061.00000
    979    1179019.00000
    980    1195719.00000
    981    1230736.00000
    982    1192818.00000
    983    1155560.00000
    984    1129556.00000
    985    1079759.00000
    986    1111823.00000
    987    1169775.00000
    988    1084092.00000
    989    1003282.00000
    990    1056395.00000
    991    1139769.00000
    992    1146450.00000
    993    1108855.00000
    994    1105938.00000
    995    1082431.00000
    996    1038254.00000
    997    1033166.00000
    998    1075830.00000
    999    1087868.00000
   1000    1085419.00000
   1001    1103906.00000
   1002    1080877.00000
   1003    1038092.00000
   1004    1022773.00000
   1005    1053561.00000
   1006    1048148.00000
   1007     991498.40000
   1008     984689.90000
   1009    1037488.00000
   1010    1042195.00000
   1011    1005601.00000
   1012    1035374.00000
   1013    1000502.00000
   1014     913711.00000
   1015     967246.60000
   1016    1033918.00000
   1017    1026909.00000
   1018    1058322.00000
   1019    1102763.00000
   1020    1062208.00000
   1021    1040864.00000
   1022    1113487.00000
   1023    1079159.00000
   1024     975856.90000
   1025    1011153.00000
   1026    1070667.00000
   1027    1085530.00000
   1028    1074256.00000
