      1     851725.90000
      2     809681.00000
      3     835276.30000
      4     841489.60000
      5     825320.80000
      6     887862.40000
      7     968166.90000
      8     959942.30000
      9     900344.50000
     10     865409.40000
     11     837285.60000
     12     853162.10000
     13     897309.80000
     14     894651.60000
     15     894818.60000
     16     935851.20000
     17     899404.20000
     18     853757.50000
     19     875630.50000
     20     923694.10000
     21     932092.80000
     22     896734.40000
     23     976192.50000
     24     995291.20000
     25     920465.00000
     26    1002883.00000
     27    1034543.00000
     28    1000456.00000
     29    1013613.00000
     30     938661.80000
     31     884695.00000
     32     906821.10000
     33     986870.10000
     34    1017667.00000
     35     913105.20000
     36     839311.10000
     37     839934.20000
     38     899070.50000
     39     931895.40000
     40     904240.40000
     41     843319.80000
     42     742692.20000
     43     759123.40000
     44     900784.20000
     45    1002378.00000
     46     946817.10000
     47     860816.10000
     48     939901.50000
     49     987794.80000
     50     880539.60000
     51     847787.10000
     52     940593.20000
     53     982893.50000
     54     984462.50000
     55    1031210.00000
     56    1039641.00000
     57    1001200.00000
     58     968268.90000
     59     962855.60000
     60     970905.00000
     61     943366.90000
     62     910912.40000
     63     931298.60000
     64     987060.90000
     65     960587.70000
     66     898162.90000
     67     971087.50000
     68    1093931.00000
     69    1084208.00000
     70    1019993.00000
     71    1011567.00000
     72    1036472.00000
     73    1071398.00000
     74    1069188.00000
     75    1039502.00000
     76    1084400.00000
     77    1114504.00000
     78    1067138.00000
     79    1082787.00000
     80    1139526.00000
     81    1174190.00000
     82    1116631.00000
     83    1110768.00000
     84    1205895.00000
     85    1147087.00000
     86    1103546.00000
     87    1149977.00000
     88    1134032.00000
     89    1133846.00000
     90    1156742.00000
     91    1175653.00000
     92    1240212.00000
     93    1278046.00000
     94    1234399.00000
     95    1168652.00000
     96    1182647.00000
     97    1276603.00000
     98    1272553.00000
     99    1249660.00000
    100    1286284.00000
    101    1287176.00000
    102    1289348.00000
    103    1302944.00000
    104    1343290.00000
    105    1342152.00000
    106    1249252.00000
    107    1256180.00000
    108    1303599.00000
    109    1268692.00000
    110    1284050.00000
    111    1330264.00000
    112    1312990.00000
    113    1289991.00000
    114    1338321.00000
    115    1418785.00000
    116    1461106.00000
    117    1449622.00000
    118    1451466.00000
    119    1442917.00000
    120    1385944.00000
    121    1360918.00000
    122    1326550.00000
    123    1282265.00000
    124    1346291.00000
    125    1486046.00000
    126    1543816.00000
    127    1470072.00000
    128    1442367.00000
    129    1528344.00000
    130    1551186.00000
    131    1541018.00000
    132    1577212.00000
    133    1552695.00000
    134    1552001.00000
    135    1636374.00000
    136    1680288.00000
    137    1673908.00000
    138    1664229.00000
    139    1729044.00000
    140    1824906.00000
    141    1864468.00000
    142    1891695.00000
    143    1882813.00000
    144    1870640.00000
    145    1921270.00000
    146    1934089.00000
    147    1919473.00000
    148    2056392.00000
    149    2280415.00000
    150    2441637.00000
    151    2557720.00000
    152    2591111.00000
    153    2563196.00000
    154    2545292.00000
    155    2593813.00000
    156    2663731.00000
    157    2640076.00000
    158    2642072.00000
    159    2753744.00000
    160    2956871.00000
    161    3154725.00000
    162    3319979.00000
    163    3587327.00000
    164    3863598.00000
    165    4049468.00000
    166    4318216.00000
    167    4684014.00000
    168    5032248.00000
    169    5290374.00000
    170    5512265.00000
    171    6044170.00000
    172    6944756.00000
    173    8097640.00000
    174    9771540.00000
    175    12351680.00000
    176    16448010.00000
    177    23244720.00000
    178    34229800.00000
    179    48964080.00000
    180    59722920.00000
    181    56331860.00000
    182    41142710.00000
    183    25777110.00000
    184    15985600.00000
    185    10611840.00000
    186    7609611.00000
    187    5858367.00000
    188    4805472.00000
    189    4156896.00000
    190    3794942.00000
    191    3697623.00000
    192    3636320.00000
    193    3485298.00000
    194    3304911.00000
    195    3161474.00000
    196    3248902.00000
    197    3334278.00000
    198    3181614.00000
    199    3075526.00000
    200    3102195.00000
    201    3173989.00000
    202    3279277.00000
    203    3440801.00000
    204    3590144.00000
    205    3606941.00000
    206    3525938.00000
    207    3427388.00000
    208    3426722.00000
    209    3542994.00000
    210    3729478.00000
    211    3984016.00000
    212    4232054.00000
    213    4444183.00000
    214    4726048.00000
    215    5170655.00000
    216    5784320.00000
    217    6449584.00000
    218    7273526.00000
    219    8600530.00000
    220    10776360.00000
    221    14602650.00000
    222    22270490.00000
    223    41225660.00000
    224    78273000.00000
    225    105723100.00000
    226    88997100.00000
    227    51384890.00000
    228    28396370.00000
    229    20585100.00000
    230    20356880.00000
    231    26654160.00000
    232    45921390.00000
    233    79769040.00000
    234    98314840.00000
    235    77066750.00000
    236    41889460.00000
    237    20381460.00000
    238    11142070.00000
    239    7166370.00000
    240    5072004.00000
    241    3641212.00000
    242    2554266.00000
    243    1863057.00000
    244    1546102.00000
    245    1422487.00000
    246    1341990.00000
    247    1248083.00000
    248    1076350.00000
    249     952145.50000
    250    1020827.00000
    251     999099.80000
    252     874097.50000
    253     892442.80000
    254     902147.90000
    255     826013.50000
    256     819479.20000
    257     913321.90000
    258     941832.40000
    259     833754.40000
    260     700717.90000
    261     604121.20000
    262     579075.60000
    263     618678.10000
    264     650036.20000
    265     699923.20000
    266     744544.80000
    267     794005.60000
    268     857455.90000
    269     916981.50000
    270     898993.90000
    271     830918.40000
    272     877905.20000
    273     904466.60000
    274     832382.50000
    275     804843.40000
    276     815531.90000
    277     859254.90000
    278     948723.60000
    279     962248.00000
    280     922331.20000
    281     965567.40000
    282    1067610.00000
    283    1117503.00000
    284    1094112.00000
    285    1110880.00000
    286    1143989.00000
    287    1103566.00000
    288    1162982.00000
    289    1281225.00000
    290    1297208.00000
    291    1393432.00000
    292    1510570.00000
    293    1508997.00000
    294    1588892.00000
    295    1647806.00000
    296    1623724.00000
    297    1680974.00000
    298    1702853.00000
    299    1760232.00000
    300    1923466.00000
    301    1979726.00000
    302    2002450.00000
    303    2089463.00000
    304    2188202.00000
    305    2306230.00000
    306    2425628.00000
    307    2546147.00000
    308    2689586.00000
    309    2964330.00000
    310    3341242.00000
    311    3604906.00000
    312    3811009.00000
    313    4133659.00000
    314    4535730.00000
    315    4939506.00000
    316    5536950.00000
    317    6475514.00000
    318    7752074.00000
    319    9540622.00000
    320    12286430.00000
    321    16694500.00000
    322    23977460.00000
    323    36229360.00000
    324    53318240.00000
    325    66618380.00000
    326    65005050.00000
    327    50548070.00000
    328    34393520.00000
    329    22482810.00000
    330    15099430.00000
    331    10810010.00000
    332    8221956.00000
    333    6640605.00000
    334    5585641.00000
    335    4785347.00000
    336    4145765.00000
    337    3695423.00000
    338    3482736.00000
    339    3414938.00000
    340    3360474.00000
    341    3319894.00000
    342    3297984.00000
    343    3314206.00000
    344    3544953.00000
    345    3940379.00000
    346    4199374.00000
    347    4283250.00000
    348    4401205.00000
    349    4686565.00000
    350    5058129.00000
    351    5393507.00000
    352    5664580.00000
    353    5849249.00000
    354    6061364.00000
    355    6554006.00000
    356    7327253.00000
    357    8302428.00000
    358    9570855.00000
    359    11390970.00000
    360    14646870.00000
    361    20829150.00000
    362    32459640.00000
    363    51738120.00000
    364    70432900.00000
    365    71677740.00000
    366    55416900.00000
    367    37471160.00000
    368    25306010.00000
    369    17972830.00000
    370    13967320.00000
    371    11964320.00000
    372    11205100.00000
    373    11471390.00000
    374    13029480.00000
    375    16850020.00000
    376    25092570.00000
    377    44095640.00000
    378    76684550.00000
    379    95647710.00000
    380    77811480.00000
    381    49860560.00000
    382    34438080.00000
    383    25979330.00000
    384    23164720.00000
    385    27794520.00000
    386    42040140.00000
    387    64436360.00000
    388    75567740.00000
    389    62090060.00000
    390    40162940.00000
    391    24631400.00000
    392    14865340.00000
    393    9084016.00000
    394    5997348.00000
    395    4251168.00000
    396    3244866.00000
    397    2605016.00000
    398    2197110.00000
    399    1978285.00000
    400    1829778.00000
    401    1729236.00000
    402    1683457.00000
    403    1670968.00000
    404    1536080.00000
    405    1295008.00000
    406    1197660.00000
    407    1187893.00000
    408    1136711.00000
    409    1073494.00000
    410     980243.80000
    411     921302.00000
    412     906990.20000
    413     820957.80000
    414     744334.50000
    415     722074.20000
    416     698474.20000
    417     693976.50000
    418     623891.20000
    419     550228.00000
    420     617197.90000
    421     704768.50000
    422     639782.10000
    423     540186.50000
    424     517811.60000
    425     456517.40000
    426     423890.50000
    427     447144.10000
    428     435207.10000
    429     424465.80000
    430     398914.40000
    431     454643.50000
    432     533762.50000
    433     495363.10000
    434     471197.50000
    435     482754.90000
    436     482719.90000
    437     475125.00000
    438     488160.20000
    439     478092.10000
    440     428099.10000
    441     440448.50000
    442     511048.80000
    443     553277.20000
    444     493834.10000
    445     427575.90000
    446     399415.00000
    447     401880.10000
    448     450325.20000
    449     428798.40000
    450     384719.50000
    451     435906.90000
    452     520465.20000
    453     500986.90000
    454     403445.20000
    455     413516.90000
    456     467957.20000
    457     425713.10000
    458     511020.30000
    459     598407.90000
    460     481371.10000
    461     429719.20000
    462     469398.80000
    463     432892.60000
    464     388339.10000
    465     455515.70000
    466     505281.40000
    467     496764.40000
    468     513279.70000
    469     547446.00000
    470     534377.30000
    471     462585.80000
    472     442862.90000
    473     485124.40000
    474     536161.60000
    475     553713.70000
    476     553701.60000
    477     575231.10000
    478     595929.30000
    479     600995.00000
    480     601330.70000
    481     641040.90000
    482     665386.90000
    483     593734.60000
    484     566755.80000
    485     627498.20000
    486     647912.10000
    487     667404.60000
    488     693476.70000
    489     639397.50000
    490     622659.40000
    491     684710.40000
    492     697988.20000
    493     687528.50000
    494     657051.20000
    495     619835.30000
    496     637412.10000
    497     663485.10000
    498     648583.00000
    499     705525.40000
    500     794995.80000
    501     742621.40000
    502     693491.90000
    503     696956.80000
    504     676732.00000
    505     721413.80000
    506     711275.70000
    507     643526.80000
    508     720111.00000
    509     749594.10000
    510     653003.60000
    511     687538.90000
    512     795107.40000
    513     805424.60000
    514     776367.80000
    515     781725.20000
    516     778152.10000
    517     738503.60000
    518     734170.10000
    519     754363.60000
    520     733357.70000
    521     690720.50000
    522     783551.10000
    523     881437.20000
    524     831514.40000
    525     801878.40000
    526     829209.30000
    527     883916.80000
    528     874663.00000
    529     832740.60000
    530     844961.80000
    531     872458.80000
    532     924272.60000
    533     924638.40000
    534     938891.60000
    535     982362.50000
    536     977676.80000
    537    1021118.00000
    538    1027158.00000
    539     964272.60000
    540     972175.80000
    541    1049578.00000
    542    1114925.00000
    543    1176781.00000
    544    1248166.00000
    545    1293208.00000
    546    1378392.00000
    547    1499201.00000
    548    1565003.00000
    549    1694846.00000
    550    1903806.00000
    551    2077045.00000
    552    2335389.00000
    553    2633120.00000
    554    2590868.00000
    555    2365960.00000
    556    2386572.00000
    557    2565550.00000
    558    2766645.00000
    559    3097076.00000
    560    3504021.00000
    561    4022852.00000
    562    4939638.00000
    563    6254388.00000
    564    7612114.00000
    565    8875766.00000
    566    10573920.00000
    567    14238120.00000
    568    22982480.00000
    569    43790640.00000
    570    74005610.00000
    571    84033440.00000
    572    61627560.00000
    573    37133900.00000
    574    26060810.00000
    575    18090260.00000
    576    10546850.00000
    577    6263532.00000
    578    4357977.00000
    579    3301959.00000
    580    2610425.00000
    581    2146391.00000
    582    1904692.00000
    583    1770628.00000
    584    1558491.00000
    585    1285979.00000
    586    1162794.00000
    587    1120779.00000
    588    1043040.00000
    589     952383.20000
    590     828755.60000
    591     776498.40000
    592     825041.70000
    593     872476.50000
    594     878626.00000
    595     831144.10000
    596     812861.20000
    597     823507.10000
    598     862519.10000
    599     935185.40000
    600     959324.00000
    601     922050.80000
    602     844959.60000
    603     826303.40000
    604     863432.80000
    605     828022.40000
    606     756092.10000
    607     672096.40000
    608     638139.60000
    609     670328.60000
    610     658299.60000
    611     658216.40000
    612     672929.80000
    613     693210.80000
    614     686010.20000
    615     608226.10000
    616     576134.10000
    617     561322.90000
    618     555780.10000
    619     604157.90000
    620     644076.80000
    621     638545.90000
    622     567211.20000
    623     588345.20000
    624     709765.10000
    625     716864.20000
    626     638683.10000
    627     628266.90000
    628     635109.10000
    629     597786.90000
    630     627058.20000
    631     648129.00000
    632     629013.30000
    633     614451.50000
    634     579860.60000
    635     645755.90000
    636     733900.50000
    637     719375.80000
    638     707461.10000
    639     742923.90000
    640     730303.00000
    641     655025.20000
    642     623437.50000
    643     671729.00000
    644     720216.90000
    645     760653.50000
    646     791830.90000
    647     791571.20000
    648     803782.00000
    649     813113.20000
    650     765209.90000
    651     674206.30000
    652     691670.90000
    653     764070.30000
    654     775014.10000
    655     794008.00000
    656     823797.50000
    657     768711.80000
    658     654306.40000
    659     631830.20000
    660     663279.80000
    661     722367.80000
    662     807411.20000
    663     792437.20000
    664     718576.10000
    665     711500.80000
    666     708953.20000
    667     700543.90000
    668     778063.80000
    669     837559.10000
    670     812073.80000
    671     793901.80000
    672     800990.40000
    673     833717.40000
    674     859795.80000
    675     837386.40000
    676     830375.20000
    677     853839.80000
    678     869098.80000
    679     924230.80000
    680    1075909.00000
    681    1147632.00000
    682    1099894.00000
    683    1050510.00000
    684    1012935.00000
    685    1068500.00000
    686    1068042.00000
    687     987657.60000
    688    1011705.00000
    689    1032491.00000
    690    1005549.00000
    691    1029970.00000
    692    1007372.00000
    693     922558.90000
    694     925292.40000
    695     952790.20000
    696     915527.90000
    697     877257.70000
    698     896435.90000
    699     936046.80000
    700     968999.70000
    701    1000640.00000
    702     995378.80000
    703     997073.20000
    704     998964.70000
    705     987402.20000
    706     978311.90000
    707     982556.10000
    708    1011863.00000
    709     992960.80000
    710    1011707.00000
    711    1091251.00000
    712    1116464.00000
    713    1100776.00000
    714    1026527.00000
    715     985265.90000
    716    1070319.00000
    717    1172875.00000
    718    1200537.00000
    719    1198165.00000
    720    1292810.00000
    721    1339829.00000
    722    1290478.00000
    723    1285397.00000
    724    1358678.00000
    725    1501815.00000
    726    1547370.00000
    727    1515810.00000
    728    1586482.00000
    729    1735050.00000
    730    1881975.00000
    731    2037559.00000
    732    2197670.00000
    733    2287397.00000
    734    2265213.00000
    735    2236550.00000
    736    2250086.00000
    737    2265774.00000
    738    2329028.00000
    739    2414192.00000
    740    2528796.00000
    741    2698974.00000
    742    2825134.00000
    743    2884204.00000
    744    2922769.00000
    745    2911836.00000
    746    2930356.00000
    747    3001930.00000
    748    2978459.00000
    749    2970128.00000
    750    3026913.00000
    751    3077081.00000
    752    3123242.00000
    753    3143164.00000
    754    3247401.00000
    755    3445193.00000
    756    3620116.00000
    757    3771678.00000
    758    3966308.00000
    759    4177540.00000
    760    4287998.00000
    761    4431250.00000
    762    4675942.00000
    763    4778572.00000
    764    4862719.00000
    765    5124620.00000
    766    5347090.00000
    767    5472477.00000
    768    5729862.00000
    769    6143488.00000
    770    6610676.00000
    771    7096032.00000
    772    7521162.00000
    773    8002344.00000
    774    8656771.00000
    775    9433923.00000
    776    10312250.00000
    777    11211530.00000
    778    12090760.00000
    779    12984990.00000
    780    13826870.00000
    781    14367840.00000
    782    14575420.00000
    783    14560790.00000
    784    14239070.00000
    785    13537160.00000
    786    12491580.00000
    787    11330560.00000
    788    10236800.00000
    789    9247318.00000
    790    8377914.00000
    791    7551278.00000
    792    6770840.00000
    793    6107768.00000
    794    5541814.00000
    795    5061374.00000
    796    4678388.00000
    797    4321062.00000
    798    4032429.00000
    799    3831182.00000
    800    3577684.00000
    801    3347525.00000
    802    3177326.00000
    803    3042388.00000
    804    2944332.00000
    805    2784876.00000
    806    2619735.00000
    807    2450840.00000
    808    2407134.00000
    809    2508657.00000
    810    2502006.00000
    811    2492291.00000
    812    2520497.00000
    813    2439246.00000
    814    2310290.00000
    815    2270441.00000
    816    2247564.00000
    817    2203638.00000
    818    2193494.00000
    819    2206929.00000
    820    2221873.00000
    821    2186243.00000
    822    2103856.00000
    823    2061337.00000
    824    2059268.00000
    825    2018772.00000
    826    1948154.00000
    827    1790957.00000
    828    1645458.00000
    829    1631109.00000
    830    1565666.00000
    831    1501760.00000
    832    1569526.00000
    833    1614709.00000
    834    1567889.00000
    835    1531028.00000
    836    1547761.00000
    837    1599873.00000
    838    1648346.00000
    839    1655852.00000
    840    1632870.00000
    841    1639027.00000
    842    1765632.00000
    843    1882484.00000
    844    1894624.00000
    845    1774694.00000
    846    1589280.00000
    847    1551001.00000
    848    1521550.00000
    849    1389874.00000
    850    1388530.00000
    851    1469818.00000
    852    1444604.00000
    853    1352017.00000
    854    1282302.00000
    855    1347607.00000
    856    1467809.00000
    857    1560329.00000
    858    1594904.00000
    859    1560151.00000
    860    1554020.00000
    861    1634482.00000
    862    1713156.00000
    863    1873747.00000
    864    2240771.00000
    865    2410290.00000
    866    2291120.00000
    867    2221942.00000
    868    2225449.00000
    869    2243640.00000
    870    2291528.00000
    871    2313606.00000
    872    2398061.00000
    873    2571924.00000
    874    2681406.00000
    875    2701079.00000
    876    2596844.00000
    877    2469422.00000
    878    2429040.00000
    879    2456448.00000
    880    2702576.00000
    881    3129750.00000
    882    3549058.00000
    883    4046960.00000
    884    4356105.00000
    885    4273680.00000
    886    4218418.00000
    887    4438165.00000
    888    4852756.00000
    889    5552884.00000
    890    6667182.00000
    891    8425892.00000
    892    11472110.00000
    893    17533890.00000
    894    30920680.00000
    895    58819470.00000
    896    88251340.00000
    897    84803060.00000
    898    52820070.00000
    899    28244010.00000
    900    20459220.00000
    901    19083590.00000
    902    15509370.00000
    903    9627620.00000
    904    5716720.00000
    905    3938975.00000
    906    2984094.00000
    907    2424422.00000
    908    2062668.00000
    909    1787164.00000
    910    1580317.00000
    911    1425822.00000
    912    1308198.00000
    913    1218009.00000
    914    1129461.00000
    915    1073030.00000
    916    1061249.00000
    917    1029922.00000
    918     911582.50000
    919     820182.40000
    920     856682.40000
    921     922666.10000
    922     928698.90000
    923     919018.10000
    924     939516.40000
    925     928172.00000
    926     910953.20000
    927     874346.50000
    928     811762.30000
    929     805200.40000
    930     854788.20000
    931     865072.50000
    932     843032.10000
    933     873761.40000
    934     899557.40000
    935     861936.70000
    936     820661.40000
    937     891035.30000
    938    1051691.00000
    939    1140585.00000
    940    1179469.00000
    941    1193153.00000
    942    1100488.00000
    943    1006428.00000
    944     995429.20000
    945     993876.40000
    946     958241.20000
    947     890714.60000
    948     799193.20000
    949     753335.10000
    950     797220.10000
    951     867063.10000
    952     878935.30000
    953     875766.10000
    954     927826.10000
    955     935211.90000
    956     884647.40000
    957     863051.10000
    958     935352.20000
    959     989373.00000
    960     940703.50000
    961     931134.90000
    962     938240.00000
    963     935694.50000
    964     912268.80000
    965     865823.60000
    966     899087.60000
    967     920632.10000
    968     913293.70000
    969     929749.90000
    970     909891.40000
    971     941502.30000
    972     950452.70000
    973     908560.00000
    974     938121.60000
    975     923408.40000
    976     818557.60000
    977     798818.10000
    978     828481.10000
    979     831671.20000
    980     891246.50000
    981     919961.30000
    982     909714.20000
    983     930314.60000
    984     963087.80000
    985     957121.40000
    986     910377.10000
    987     938739.40000
    988     975429.30000
    989     950092.30000
    990     947966.60000
    991     947691.70000
    992    1006129.00000
    993    1061640.00000
    994    1026937.00000
    995    1011658.00000
    996    1012190.00000
    997     965496.50000
    998     894237.80000
    999     892846.20000
   1000     936981.90000
   1001     965735.50000
   1002     934538.10000
   1003     867805.00000
   1004     894701.10000
   1005     924152.10000
   1006     898765.00000
   1007     925582.20000
   1008     981268.50000
   1009     983708.30000
   1010     899787.20000
   1011     846492.10000
   1012     867839.00000
   1013     828857.00000
   1014     751523.50000
   1015     749353.80000
   1016     822411.10000
   1017     902284.40000
   1018     977321.20000
   1019     985276.40000
   1020     887783.40000
   1021     875764.90000
   1022     929854.90000
   1023     859561.50000
   1024     763673.80000
   1025     802002.10000
   1026     922631.60000
   1027     940628.10000
   1028     907856.80000
