      1     304936.90000
      2     202767.60000
      3     171441.30000
      4     178113.70000
      5     193616.90000
      6     228208.30000
      7     283268.60000
      8     302040.90000
      9     297038.90000
     10     274792.50000
     11     242111.30000
     12     212838.80000
     13     177211.20000
     14     207298.20000
     15     218951.90000
     16     135433.40000
     17     136933.40000
     18     227858.50000
     19     251197.30000
     20     178080.10000
     21     153264.90000
     22     249837.80000
     23     265762.80000
     24     207481.00000
     25     197231.00000
     26     203894.50000
     27     176889.70000
     28     128743.10000
     29     138919.80000
     30     167230.30000
     31     194392.40000
     32     214758.90000
     33     212911.20000
     34     204054.20000
     35     182585.30000
     36     201160.60000
     37     234294.00000
     38     220293.40000
     39     145325.20000
     40      72227.50000
     41      99363.12000
     42     134408.10000
     43      78578.56000
     44      79795.62000
     45     146946.10000
     46     112835.80000
     47      92015.50000
     48     136977.90000
     49     116794.20000
     50     122898.90000
     51     179734.40000
     52     193675.30000
     53     225439.50000
     54     287944.90000
     55     321826.60000
     56     278865.20000
     57     191104.50000
     58     157703.20000
     59     117752.40000
     60     115040.90000
     61     198062.40000
     62     256621.90000
     63     235659.40000
     64     174832.80000
     65     210779.20000
     66     266360.00000
     67     257963.80000
     68     230443.70000
     69     192919.70000
     70     173545.30000
     71     186102.70000
     72     231174.50000
     73     216466.10000
     74     175473.80000
     75     248489.10000
     76     278749.70000
     77     173894.80000
     78     132117.70000
     79     174198.40000
     80     173314.60000
     81     137219.10000
     82     153246.40000
     83     167247.10000
     84     135632.90000
     85     136197.90000
     86     198735.80000
     87     262664.30000
     88     226960.30000
     89     203308.80000
     90     247501.50000
     91     295882.40000
     92     332442.70000
     93     259419.40000
     94     134684.60000
     95     148895.70000
     96     200882.90000
     97     109478.70000
     98      85776.62000
     99     191891.80000
    100     235857.20000
    101     253641.10000
    102     299582.40000
    103     267534.70000
    104     224221.90000
    105     280132.80000
    106     274244.90000
    107     144292.70000
    108      80246.25000
    109     201412.10000
    110     282139.80000
    111     200987.30000
    112     181036.30000
    113     224660.10000
    114     189001.10000
    115     181307.40000
    116     240733.50000
    117     243367.80000
    118     227547.90000
    119     244180.90000
    120     249058.20000
    121     223152.90000
    122     184759.50000
    123     131379.20000
    124     133720.60000
    125     177888.60000
    126     182913.80000
    127     186436.30000
    128     156694.50000
    129     130114.90000
    130     131494.00000
    131     182462.80000
    132     198626.60000
    133     106262.40000
    134      71135.38000
    135     129049.20000
    136     187664.80000
    137     142441.90000
    138     159217.40000
    139     261854.20000
    140     165973.40000
    141      51815.06000
    142      94768.88000
    143     103625.20000
    144      94627.31000
    145     111763.80000
    146      90668.06000
    147     111125.60000
    148     170824.90000
    149     177608.90000
    150     113162.10000
    151     101775.10000
    152     178088.00000
    153     118332.60000
    154      22326.00000
    155      64252.50000
    156     110129.10000
    157     152672.20000
    158     215784.20000
    159     250002.10000
    160     221488.80000
    161     147010.60000
    162     137658.90000
    163     167008.90000
    164     113276.20000
    165      92954.25000
    166     141365.10000
    167     131186.00000
    168     102941.00000
    169      86738.38000
    170     107126.60000
    171     142719.60000
    172     155077.50000
    173     171991.40000
    174     198342.80000
    175     192703.60000
    176     174679.00000
    177     215270.10000
    178     256784.10000
    179     303076.10000
    180     362400.00000
    181     413933.10000
    182     447275.10000
    183     356677.50000
    184     235348.60000
    185     260079.20000
    186     423994.10000
    187     610479.70000
    188     719728.40000
    189     771265.10000
    190     750571.30000
    191     679551.60000
    192     590589.70000
    193     522775.20000
    194     567976.40000
    195     645107.20000
    196     683012.10000
    197     665207.10000
    198     583422.40000
    199     632713.40000
    200     683724.00000
    201     585035.60000
    202     664940.50000
    203     910272.20000
    204    1050454.00000
    205    1130667.00000
    206    1277732.00000
    207    1516939.00000
    208    1842288.00000
    209    2194950.00000
    210    2699227.00000
    211    3298273.00000
    212    3532755.00000
    213    3472961.00000
    214    3700426.00000
    215    4482770.00000
    216    5378374.00000
    217    6517540.00000
    218    8689188.00000
    219    12872610.00000
    220    22226050.00000
    221    47628400.00000
    222    88710580.00000
    223    105755200.00000
    224    78520990.00000
    225    43203210.00000
    226    24431260.00000
    227    17340400.00000
    228    16601550.00000
    229    21327660.00000
    230    38123040.00000
    231    75931060.00000
    232    106684500.00000
    233    91312420.00000
    234    51911010.00000
    235    25719590.00000
    236    14257160.00000
    237    9259361.00000
    238    6735361.00000
    239    5223035.00000
    240    4241491.00000
    241    3492772.00000
    242    2881404.00000
    243    2484036.00000
    244    2204672.00000
    245    1979543.00000
    246    1804592.00000
    247    1596390.00000
    248    1513626.00000
    249    1521441.00000
    250    1436516.00000
    251    1302696.00000
    252    1208961.00000
    253    1146282.00000
    254    1081864.00000
    255    1112962.00000
    256    1211327.00000
    257    1286763.00000
    258    1357479.00000
    259    1347800.00000
    260    1240198.00000
    261    1127506.00000
    262     994378.90000
    263     919571.10000
    264     926737.10000
    265     885438.90000
    266     899747.10000
    267     859448.60000
    268     732544.50000
    269     729687.00000
    270     804695.10000
    271     835978.50000
    272     800513.20000
    273     772304.00000
    274     713914.10000
    275     611335.30000
    276     564052.60000
    277     547416.90000
    278     527070.60000
    279     562434.10000
    280     649420.40000
    281     686812.00000
    282     711498.40000
    283     752298.20000
    284     789783.10000
    285     889492.80000
    286    1020264.00000
    287    1053564.00000
    288    1032128.00000
    289    1055900.00000
    290    1054934.00000
    291     975328.80000
    292     884038.00000
    293     912235.70000
    294     998919.90000
    295     955601.40000
    296     878307.60000
    297     878750.80000
    298     883115.10000
    299     944524.50000
    300    1001223.00000
    301     958949.20000
    302     961013.60000
    303    1072077.00000
    304    1195332.00000
    305    1256659.00000
    306    1263112.00000
    307    1329506.00000
    308    1459469.00000
    309    1614530.00000
    310    1891562.00000
    311    2256881.00000
    312    2660675.00000
    313    3150350.00000
    314    3689880.00000
    315    4272086.00000
    316    5012306.00000
    317    6007035.00000
    318    7427210.00000
    319    9706755.00000
    320    13578050.00000
    321    20505740.00000
    322    32708980.00000
    323    50717690.00000
    324    67054240.00000
    325    69393230.00000
    326    57181340.00000
    327    41284810.00000
    328    28935730.00000
    329    20935290.00000
    330    15932610.00000
    331    12752640.00000
    332    10837670.00000
    333    9892023.00000
    334    9772928.00000
    335    10119310.00000
    336    10500210.00000
    337    10953930.00000
    338    11815800.00000
    339    13211650.00000
    340    15789640.00000
    341    21027760.00000
    342    31015930.00000
    343    51047550.00000
    344    92223880.00000
    345    140126000.00000
    346    148989000.00000
    347    117542600.00000
    348    84201220.00000
    349    59718210.00000
    350    40672630.00000
    351    28337520.00000
    352    21295990.00000
    353    16805170.00000
    354    13442150.00000
    355    11093840.00000
    356    9489933.00000
    357    8254865.00000
    358    7328537.00000
    359    6724568.00000
    360    6334990.00000
    361    6039733.00000
    362    5727305.00000
    363    5508990.00000
    364    5637254.00000
    365    5757525.00000
    366    5689540.00000
    367    5933132.00000
    368    6580030.00000
    369    7526246.00000
    370    8962010.00000
    371    11060380.00000
    372    14326430.00000
    373    20678630.00000
    374    34620770.00000
    375    68022690.00000
    376    125772200.00000
    377    170180400.00000
    378    157199100.00000
    379    108203900.00000
    380    67898200.00000
    381    42784290.00000
    382    26150010.00000
    383    16953140.00000
    384    12365220.00000
    385    9703102.00000
    386    8004770.00000
    387    6844565.00000
    388    5945530.00000
    389    5345539.00000
    390    4904804.00000
    391    4493414.00000
    392    4228151.00000
    393    4081330.00000
    394    3956173.00000
    395    3819336.00000
    396    3673610.00000
    397    3471512.00000
    398    3288314.00000
    399    3161714.00000
    400    2981786.00000
    401    2751011.00000
    402    2604565.00000
    403    2529604.00000
    404    2449775.00000
    405    2366064.00000
    406    2227097.00000
    407    2126356.00000
    408    2115908.00000
    409    2097528.00000
    410    2117605.00000
    411    2064895.00000
    412    1910604.00000
    413    1801169.00000
    414    1731257.00000
    415    1751410.00000
    416    1819902.00000
    417    1743984.00000
    418    1603024.00000
    419    1571485.00000
    420    1574997.00000
    421    1509628.00000
    422    1488367.00000
    423    1555602.00000
    424    1518739.00000
    425    1398480.00000
    426    1370801.00000
    427    1375581.00000
    428    1328235.00000
    429    1283485.00000
    430    1256598.00000
    431    1216336.00000
    432    1143313.00000
    433    1133598.00000
    434    1217987.00000
    435    1279275.00000
    436    1290385.00000
    437    1307024.00000
    438    1324566.00000
    439    1260088.00000
    440    1134519.00000
    441    1081678.00000
    442    1123899.00000
    443    1142396.00000
    444    1145077.00000
    445    1195956.00000
    446    1213582.00000
    447    1165172.00000
    448    1112824.00000
    449    1055232.00000
    450     950256.60000
    451     889971.00000
    452     934694.80000
    453    1039373.00000
    454    1026203.00000
    455     940997.00000
    456    1017857.00000
    457    1136507.00000
    458    1124672.00000
    459    1051514.00000
    460    1005303.00000
    461     916229.00000
    462     878752.60000
    463     946436.40000
    464     985361.10000
    465     933361.20000
    466     905812.60000
    467     956119.20000
    468     957578.60000
    469     913050.60000
    470     903257.60000
    471     963205.90000
    472     962930.40000
    473     884241.10000
    474     890157.40000
    475     918645.00000
    476     909064.40000
    477     874153.20000
    478     864058.70000
    479     911004.90000
    480     895064.00000
    481     850078.50000
    482     888482.90000
    483     940221.80000
    484     965934.90000
    485    1015568.00000
    486    1028091.00000
    487     986242.40000
    488    1004258.00000
    489    1039488.00000
    490    1019982.00000
    491     998626.40000
    492    1047105.00000
    493    1147714.00000
    494    1178122.00000
    495    1180167.00000
    496    1181749.00000
    497    1163456.00000
    498    1201301.00000
    499    1271889.00000
    500    1264935.00000
    501    1257398.00000
    502    1272244.00000
    503    1232339.00000
    504    1234663.00000
    505    1363020.00000
    506    1470960.00000
    507    1472032.00000
    508    1521306.00000
    509    1672785.00000
    510    1896718.00000
    511    2209696.00000
    512    2503871.00000
    513    3022374.00000
    514    3987388.00000
    515    5252009.00000
    516    6582429.00000
    517    7730991.00000
    518    8683016.00000
    519    11130160.00000
    520    18848610.00000
    521    42919340.00000
    522    83691360.00000
    523    98361640.00000
    524    68825750.00000
    525    39891740.00000
    526    28916000.00000
    527    19628130.00000
    528    11350160.00000
    529    7419334.00000
    530    5560922.00000
    531    4459436.00000
    532    3907985.00000
    533    3484780.00000
    534    3092200.00000
    535    2784996.00000
    536    2545336.00000
    537    2369652.00000
    538    2273350.00000
    539    2203623.00000
    540    2110876.00000
    541    1982468.00000
    542    1879938.00000
    543    1826153.00000
    544    1798805.00000
    545    1627416.00000
    546    1342974.00000
    547    1280786.00000
    548    1386260.00000
    549    1395086.00000
    550    1343257.00000
    551    1324426.00000
    552    1358971.00000
    553    1294635.00000
    554    1169747.00000
    555    1197220.00000
    556    1247255.00000
    557    1207068.00000
    558    1169239.00000
    559    1184673.00000
    560    1238574.00000
    561    1229203.00000
    562    1103462.00000
    563    1079432.00000
    564    1197065.00000
    565    1200878.00000
    566    1067926.00000
    567    1006599.00000
    568    1036639.00000
    569    1050512.00000
    570    1048818.00000
    571    1016266.00000
    572     975374.60000
    573    1039132.00000
    574    1044475.00000
    575     961993.90000
    576     957162.80000
    577     953572.60000
    578     900603.00000
    579     844911.50000
    580     855190.20000
    581     876660.60000
    582     859458.20000
    583     909011.00000
    584     974054.80000
    585     929829.70000
    586     887898.10000
    587     918649.80000
    588     956109.10000
    589     939936.00000
    590     881082.60000
    591     905264.30000
    592     977607.50000
    593    1062506.00000
    594    1126876.00000
    595    1129643.00000
    596    1122313.00000
    597    1109837.00000
    598    1188673.00000
    599    1292724.00000
    600    1228300.00000
    601    1053170.00000
    602     932840.00000
    603     880138.50000
    604     858479.80000
    605     899797.40000
    606     925685.50000
    607     897967.80000
    608     860092.80000
    609     841285.60000
    610     914092.00000
    611     957997.20000
    612     915358.80000
    613     851528.80000
    614     759514.40000
    615     725944.40000
    616     776595.80000
    617     875247.90000
    618     965800.30000
    619     959886.10000
    620     948444.10000
    621     952641.10000
    622     883234.10000
    623     835862.50000
    624     850563.90000
    625     816924.70000
    626     763585.40000
    627     832768.40000
    628     923307.60000
    629     878630.90000
    630     776700.20000
    631     789972.00000
    632     899602.60000
    633     884467.00000
    634     801084.50000
    635     804291.30000
    636     839650.30000
    637     871786.00000
    638     849459.60000
    639     851496.60000
    640     910183.00000
    641     883203.60000
    642     860481.80000
    643     933657.30000
    644     933286.20000
    645     850108.80000
    646     851949.40000
    647     925025.10000
    648     976215.20000
    649     976204.20000
    650     951687.60000
    651     899413.60000
    652     879487.30000
    653     914819.00000
    654     922716.40000
    655     943023.70000
    656     962942.90000
    657     924140.50000
    658     882717.90000
    659     904653.40000
    660     955685.10000
    661     989725.70000
    662    1027223.00000
    663    1044275.00000
    664    1010563.00000
    665     987252.90000
    666    1037908.00000
    667    1075967.00000
    668    1038616.00000
    669    1036197.00000
    670    1103520.00000
    671    1115375.00000
    672    1094014.00000
    673    1101517.00000
    674    1067163.00000
    675     985842.00000
    676     981264.50000
    677     995235.40000
    678     963070.80000
    679     989967.20000
    680    1065541.00000
    681    1135430.00000
    682    1089806.00000
    683    1025641.00000
    684    1066541.00000
    685    1099024.00000
    686    1058999.00000
    687    1022190.00000
    688    1027844.00000
    689     970190.30000
    690     889415.70000
    691     941405.90000
    692    1012349.00000
    693     989414.00000
    694     988811.20000
    695    1007115.00000
    696    1033582.00000
    697    1104497.00000
    698    1134400.00000
    699    1113971.00000
    700    1081281.00000
    701    1070348.00000
    702    1070932.00000
    703    1033641.00000
    704    1077694.00000
    705    1163866.00000
    706    1180256.00000
    707    1215698.00000
    708    1209616.00000
    709    1126525.00000
    710    1118682.00000
    711    1205746.00000
    712    1294110.00000
    713    1304261.00000
    714    1263243.00000
    715    1318591.00000
    716    1407946.00000
    717    1406386.00000
    718    1453452.00000
    719    1523805.00000
    720    1510086.00000
    721    1489585.00000
    722    1562638.00000
    723    1643527.00000
    724    1618712.00000
    725    1592683.00000
    726    1642245.00000
    727    1787894.00000
    728    1929702.00000
    729    1983719.00000
    730    2024044.00000
    731    2132280.00000
    732    2189476.00000
    733    2206007.00000
    734    2396096.00000
    735    2600561.00000
    736    2694527.00000
    737    2841348.00000
    738    3114477.00000
    739    3395986.00000
    740    3605265.00000
    741    3791661.00000
    742    3984816.00000
    743    4192628.00000
    744    4377874.00000
    745    4492911.00000
    746    4498278.00000
    747    4354606.00000
    748    4152338.00000
    749    4112691.00000
    750    4232699.00000
    751    4283836.00000
    752    4309140.00000
    753    4438094.00000
    754    4611530.00000
    755    4825268.00000
    756    5022244.00000
    757    5198548.00000
    758    5440607.00000
    759    5666643.00000
    760    5842584.00000
    761    6031721.00000
    762    6297068.00000
    763    6623180.00000
    764    6935757.00000
    765    7331052.00000
    766    7851427.00000
    767    8448434.00000
    768    9174915.00000
    769    10046130.00000
    770    11011840.00000
    771    12092280.00000
    772    13242480.00000
    773    14322520.00000
    774    15229100.00000
    775    15802040.00000
    776    15925540.00000
    777    15619320.00000
    778    14920580.00000
    779    13888620.00000
    780    12721440.00000
    781    11533770.00000
    782    10338820.00000
    783    9203420.00000
    784    8231803.00000
    785    7412610.00000
    786    6676766.00000
    787    6065598.00000
    788    5566112.00000
    789    5114950.00000
    790    4692230.00000
    791    4340638.00000
    792    4012098.00000
    793    3683616.00000
    794    3495841.00000
    795    3332679.00000
    796    3116468.00000
    797    2962712.00000
    798    2805680.00000
    799    2624684.00000
    800    2513170.00000
    801    2450777.00000
    802    2370980.00000
    803    2348621.00000
    804    2309633.00000
    805    2190581.00000
    806    2215369.00000
    807    2307164.00000
    808    2191424.00000
    809    2106970.00000
    810    2254140.00000
    811    2412694.00000
    812    2535314.00000
    813    2767468.00000
    814    3123321.00000
    815    3415284.00000
    816    3337776.00000
    817    2957264.00000
    818    2679837.00000
    819    2722049.00000
    820    3041946.00000
    821    3506940.00000
    822    3796232.00000
    823    3771557.00000
    824    3872880.00000
    825    4369009.00000
    826    4907445.00000
    827    5054224.00000
    828    5045565.00000
    829    5543574.00000
    830    6301725.00000
    831    7164808.00000
    832    8858884.00000
    833    12752950.00000
    834    22210660.00000
    835    47211770.00000
    836    84656450.00000
    837    94968960.00000
    838    64801080.00000
    839    33552840.00000
    840    21438390.00000
    841    20388620.00000
    842    20143870.00000
    843    15024490.00000
    844    9142709.00000
    845    6137064.00000
    846    4757190.00000
    847    3895245.00000
    848    3394648.00000
    849    3077103.00000
    850    2789290.00000
    851    2520202.00000
    852    2262967.00000
    853    2108424.00000
    854    2047436.00000
    855    1982318.00000
    856    1941827.00000
    857    1813058.00000
    858    1704275.00000
    859    1711554.00000
    860    1638649.00000
    861    1563161.00000
    862    1549191.00000
    863    1509926.00000
    864    1532068.00000
    865    1530226.00000
    866    1422563.00000
    867    1373051.00000
    868    1393056.00000
    869    1369576.00000
    870    1331773.00000
    871    1412654.00000
    872    1453964.00000
    873    1318834.00000
    874    1220284.00000
    875    1212484.00000
    876    1249400.00000
    877    1298716.00000
    878    1253732.00000
    879    1214584.00000
    880    1237397.00000
    881    1193992.00000
    882    1210309.00000
    883    1261202.00000
    884    1208726.00000
    885    1242962.00000
    886    1294560.00000
    887    1207852.00000
    888    1098966.00000
    889    1034686.00000
    890    1064112.00000
    891    1156159.00000
    892    1181657.00000
    893    1174415.00000
    894    1200640.00000
    895    1202781.00000
    896    1157748.00000
    897    1097910.00000
    898    1100475.00000
    899    1181139.00000
    900    1199092.00000
    901    1111134.00000
    902    1037400.00000
    903    1045173.00000
    904    1026878.00000
    905    1017504.00000
    906    1091858.00000
    907    1101012.00000
    908    1046221.00000
    909    1050699.00000
    910    1066059.00000
    911    1028704.00000
    912     975694.10000
    913     964147.00000
    914     992859.00000
    915    1002475.00000
    916     974807.80000
    917     919192.60000
    918     934645.10000
    919    1048973.00000
    920    1112607.00000
    921    1081799.00000
    922    1024488.00000
    923     979232.90000
    924     955358.60000
    925     946898.20000
    926     981021.20000
    927    1035915.00000
    928    1074884.00000
    929    1125602.00000
    930    1111719.00000
    931    1035625.00000
    932    1025763.00000
    933    1038202.00000
    934    1001005.00000
    935     955302.40000
    936     920235.60000
    937     906631.70000
    938     952853.10000
    939    1030830.00000
    940    1065637.00000
    941    1055719.00000
    942    1064784.00000
    943    1052649.00000
    944     973604.30000
    945     939431.90000
    946     979669.80000
    947    1009169.00000
    948    1001844.00000
    949    1000202.00000
    950    1040625.00000
    951    1040624.00000
    952    1023036.00000
    953    1050142.00000
    954    1030592.00000
    955     983806.20000
    956     996342.60000
    957    1041863.00000
    958    1035784.00000
    959     994155.40000
    960     993932.40000
    961    1060319.00000
    962    1100063.00000
    963    1065627.00000
    964    1019830.00000
    965     989754.40000
    966    1007134.00000
    967    1030705.00000
    968    1018718.00000
    969    1011317.00000
    970    1012918.00000
    971    1007103.00000
    972    1037862.00000
    973    1097939.00000
    974    1133521.00000
    975    1107702.00000
    976    1069919.00000
    977    1053256.00000
    978     980892.80000
    979     919364.00000
    980     954699.10000
    981    1037073.00000
    982    1008735.00000
    983     886683.50000
    984     872371.20000
    985     987887.10000
    986    1063834.00000
    987    1037496.00000
    988    1057544.00000
    989    1095302.00000
    990    1053850.00000
    991    1026906.00000
    992     984719.50000
    993     909946.40000
    994     980414.70000
    995    1091584.00000
    996    1087980.00000
    997    1050562.00000
    998    1022743.00000
    999    1026031.00000
   1000    1030322.00000
   1001     990738.90000
   1002     977635.10000
   1003    1094398.00000
   1004    1197458.00000
   1005    1152012.00000
   1006    1093320.00000
   1007    1044888.00000
   1008    1036456.00000
   1009    1014447.00000
   1010     962087.80000
   1011    1026386.00000
   1012    1036224.00000
   1013     988247.20000
   1014    1017465.00000
   1015     996374.20000
   1016     939011.00000
   1017     970845.10000
   1018    1023418.00000
   1019    1008761.00000
   1020     973341.40000
   1021     950294.40000
   1022     981614.70000
   1023    1040744.00000
   1024    1064809.00000
   1025    1048918.00000
   1026    1052820.00000
   1027    1094862.00000
   1028    1053600.00000
