      1     163054.80000
      2     158589.50000
      3     210113.50000
      4     257628.40000
      5     272833.40000
      6     227975.20000
      7     197495.80000
      8     210953.70000
      9     202097.10000
     10     140110.20000
     11      62635.12000
     12      53909.16000
     13     116801.20000
     14     203963.50000
     15     206808.60000
     16     152080.10000
     17     125009.90000
     18     145507.90000
     19     215779.80000
     20     223709.40000
     21     180339.00000
     22     140381.20000
     23     130348.70000
     24     120744.20000
     25     100577.40000
     26     136509.90000
     27     185379.10000
     28     224403.10000
     29     205592.80000
     30     133774.20000
     31     116725.50000
     32     156168.80000
     33     174277.90000
     34     145158.20000
     35     130256.00000
     36     134096.20000
     37     155261.90000
     38     171874.60000
     39      63637.19000
     40     -10879.84000
     41      96581.00000
     42     141146.00000
     43     100453.80000
     44      88522.44000
     45      80126.62000
     46     108440.30000
     47     133466.20000
     48     142496.10000
     49     179180.30000
     50     141665.60000
     51      57252.69000
     52      71968.53000
     53     105748.20000
     54      96274.22000
     55     100109.20000
     56     126457.10000
     57     168948.20000
     58     178538.60000
     59     147505.80000
     60     144319.20000
     61     169754.60000
     62     152292.40000
     63      78313.41000
     64     104264.70000
     65     205982.60000
     66     166119.60000
     67     134410.00000
     68     175792.60000
     69     144170.30000
     70     148546.70000
     71     156611.80000
     72     112275.40000
     73     153759.90000
     74     159106.20000
     75     111185.90000
     76     167942.80000
     77     152694.90000
     78      92420.47000
     79     127024.50000
     80     142830.60000
     81     167330.20000
     82     194399.50000
     83     138738.20000
     84     107406.00000
     85     175997.40000
     86     223294.50000
     87     119803.70000
     88      37063.28000
     89      94855.25000
     90     116283.00000
     91      80397.44000
     92      59399.03000
     93     103247.10000
     94     132439.50000
     95     132027.20000
     96     200503.80000
     97     235721.40000
     98     213820.80000
     99     143205.50000
    100     108172.40000
    101     201483.30000
    102     179329.50000
    103      45406.56000
    104     121957.20000
    105     277414.00000
    106     275205.00000
    107     169429.50000
    108      96039.97000
    109     162754.80000
    110     232483.30000
    111     204838.50000
    112     126917.90000
    113     103275.80000
    114      87418.81000
    115      25941.44000
    116      12820.81000
    117      72219.03000
    118     173018.60000
    119     162919.50000
    120      88980.91000
    121      83115.09000
    122     104252.40000
    123     119881.80000
    124     138945.70000
    125     146574.80000
    126     130246.00000
    127     125840.80000
    128      97656.31000
    129      46329.00000
    130      34341.50000
    131      14133.81000
    132     -41480.75000
    133      11554.00000
    134     169916.80000
    135     179427.30000
    136      34090.56000
    137      -8086.68800
    138      90458.12000
    139      90133.50000
    140      22894.00000
    141      46374.44000
    142      82411.06000
    143      42900.69000
    144       -863.81250
    145      37528.38000
    146      87870.38000
    147     122853.60000
    148     138240.60000
    149     138410.00000
    150     147595.10000
    151     148352.10000
    152     102684.10000
    153      47988.94000
    154      46400.56000
    155      66245.50000
    156     135075.40000
    157     139938.80000
    158      54684.75000
    159      42762.38000
    160      13437.56000
    161     -21905.94000
    162      64790.81000
    163     115895.80000
    164      78796.25000
    165      83369.81000
    166      93868.56000
    167      89501.88000
    168      53228.38000
    169      10567.25000
    170      14160.56000
    171      49538.19000
    172     108540.00000
    173     134820.60000
    174     157871.60000
    175     204869.90000
    176     169063.80000
    177     150220.50000
    178     168266.60000
    179     123510.20000
    180     156218.20000
    181     208157.60000
    182     177558.00000
    183     154292.60000
    184     145115.20000
    185     122153.50000
    186     121322.80000
    187     193429.40000
    188     249125.60000
    189     259984.90000
    190     355638.60000
    191     480630.90000
    192     570717.90000
    193     618839.50000
    194     590332.60000
    195     538531.30000
    196     489480.90000
    197     466270.20000
    198     560590.50000
    199     668097.30000
    200     662704.40000
    201     697880.00000
    202     809594.60000
    203     921851.40000
    204    1153497.00000
    205    1414939.00000
    206    1619244.00000
    207    1756303.00000
    208    1623664.00000
    209    1422692.00000
    210    1418418.00000
    211    1529726.00000
    212    1753654.00000
    213    2094347.00000
    214    2497689.00000
    215    2671942.00000
    216    2596719.00000
    217    2619258.00000
    218    2821986.00000
    219    3222643.00000
    220    3962655.00000
    221    5180614.00000
    222    7089666.00000
    223    10004740.00000
    224    15398680.00000
    225    28261570.00000
    226    60611360.00000
    227    103928300.00000
    228    123086200.00000
    229    124649100.00000
    230    124858600.00000
    231    100353800.00000
    232    59220040.00000
    233    31222690.00000
    234    18163470.00000
    235    11969350.00000
    236    8616064.00000
    237    6658854.00000
    238    5382420.00000
    239    4389719.00000
    240    3633278.00000
    241    3110201.00000
    242    2710037.00000
    243    2440643.00000
    244    2239151.00000
    245    2050755.00000
    246    1893757.00000
    247    1674872.00000
    248    1456686.00000
    249    1357562.00000
    250    1316698.00000
    251    1262709.00000
    252    1156381.00000
    253    1097222.00000
    254    1061224.00000
    255     982409.30000
    256    1025768.00000
    257    1137314.00000
    258    1151285.00000
    259    1047782.00000
    260     907004.40000
    261     821995.30000
    262     822704.50000
    263     830576.40000
    264     776197.40000
    265     717269.90000
    266     671231.60000
    267     683052.10000
    268     716312.00000
    269     740302.10000
    270     719814.90000
    271     642282.20000
    272     686770.00000
    273     774838.10000
    274     800614.30000
    275     739545.30000
    276     630803.20000
    277     604275.20000
    278     613617.90000
    279     671662.20000
    280     705468.60000
    281     714027.20000
    282     830527.60000
    283     946795.10000
    284    1059134.00000
    285    1304562.00000
    286    1574921.00000
    287    1717598.00000
    288    1828412.00000
    289    2047622.00000
    290    2484374.00000
    291    2900512.00000
    292    2886631.00000
    293    2580546.00000
    294    2354687.00000
    295    2398604.00000
    296    2619074.00000
    297    2928222.00000
    298    3519184.00000
    299    4503432.00000
    300    5766295.00000
    301    7342642.00000
    302    9463992.00000
    303    13501620.00000
    304    23588210.00000
    305    46488840.00000
    306    72917140.00000
    307    74693090.00000
    308    53043800.00000
    309    34310270.00000
    310    23450240.00000
    311    15627480.00000
    312    11082630.00000
    313    8890746.00000
    314    7875744.00000
    315    7572054.00000
    316    7625806.00000
    317    7942845.00000
    318    8841895.00000
    319    10520380.00000
    320    13275210.00000
    321    18106260.00000
    322    26797260.00000
    323    41082750.00000
    324    57512000.00000
    325    65004440.00000
    326    57850380.00000
    327    43467030.00000
    328    30364940.00000
    329    21038840.00000
    330    15207850.00000
    331    11834360.00000
    332    9770143.00000
    333    8445887.00000
    334    7794062.00000
    335    7844238.00000
    336    8335638.00000
    337    8724923.00000
    338    9011744.00000
    339    9348482.00000
    340    9903457.00000
    341    11091740.00000
    342    13118620.00000
    343    16965420.00000
    344    24943730.00000
    345    39431820.00000
    346    57234770.00000
    347    65470690.00000
    348    57361920.00000
    349    42402030.00000
    350    29771490.00000
    351    20922250.00000
    352    15263730.00000
    353    11807280.00000
    354    9730539.00000
    355    8532743.00000
    356    7747844.00000
    357    7169755.00000
    358    6910328.00000
    359    6946348.00000
    360    7338494.00000
    361    8470949.00000
    362    10698140.00000
    363    15112750.00000
    364    24699840.00000
    365    46026450.00000
    366    73576720.00000
    367    79317780.00000
    368    58745620.00000
    369    38068350.00000
    370    25845530.00000
    371    18124160.00000
    372    14958820.00000
    373    15408630.00000
    374    19710240.00000
    375    33074240.00000
    376    62140960.00000
    377    87824590.00000
    378    79510980.00000
    379    52076260.00000
    380    33392520.00000
    381    21898070.00000
    382    13768220.00000
    383    9525557.00000
    384    7274571.00000
    385    5914764.00000
    386    5017654.00000
    387    4391080.00000
    388    3987088.00000
    389    3643748.00000
    390    3314844.00000
    391    3070719.00000
    392    2873386.00000
    393    2738376.00000
    394    2664586.00000
    395    2543234.00000
    396    2408514.00000
    397    2356460.00000
    398    2348795.00000
    399    2346768.00000
    400    2279196.00000
    401    2147378.00000
    402    2028970.00000
    403    1937869.00000
    404    1951102.00000
    405    1956113.00000
    406    1768497.00000
    407    1638700.00000
    408    1596873.00000
    409    1544716.00000
    410    1570477.00000
    411    1534037.00000
    412    1441430.00000
    413    1411660.00000
    414    1426281.00000
    415    1400554.00000
    416    1355340.00000
    417    1363296.00000
    418    1327416.00000
    419    1246257.00000
    420    1154356.00000
    421    1109476.00000
    422    1210569.00000
    423    1334302.00000
    424    1300497.00000
    425    1222432.00000
    426    1167606.00000
    427    1164310.00000
    428    1208988.00000
    429    1139944.00000
    430    1101990.00000
    431    1191019.00000
    432    1216241.00000
    433    1230630.00000
    434    1259727.00000
    435    1237733.00000
    436    1223195.00000
    437    1177616.00000
    438    1073608.00000
    439    1006409.00000
    440    1000504.00000
    441    1049696.00000
    442    1033127.00000
    443     898350.20000
    444     821038.60000
    445     826066.00000
    446     922257.20000
    447    1012972.00000
    448     967214.70000
    449     886585.00000
    450     857901.80000
    451     927496.40000
    452    1022848.00000
    453     995584.80000
    454     916932.60000
    455     863490.10000
    456     830342.00000
    457     831281.00000
    458     863718.30000
    459     866053.80000
    460     851022.80000
    461     863528.50000
    462     911004.90000
    463     946395.80000
    464     912229.10000
    465     888954.90000
    466     884889.90000
    467     872500.40000
    468     847227.80000
    469     809673.80000
    470     818441.20000
    471     835098.80000
    472     822275.60000
    473     832032.40000
    474     887320.90000
    475     918295.10000
    476     846078.20000
    477     782946.40000
    478     819137.20000
    479     828847.90000
    480     787274.00000
    481     832374.70000
    482     916824.90000
    483     916168.00000
    484     896135.40000
    485     865446.40000
    486     851390.10000
    487     907439.10000
    488     880988.80000
    489     859374.60000
    490     920406.70000
    491     918206.60000
    492     824893.60000
    493     750530.20000
    494     795173.90000
    495     857435.60000
    496     800890.80000
    497     738285.50000
    498     758392.10000
    499     805152.80000
    500     914347.20000
    501    1019506.00000
    502    1009213.00000
    503     951783.90000
    504     949142.20000
    505    1009400.00000
    506    1094225.00000
    507    1105664.00000
    508    1125832.00000
    509    1192284.00000
    510    1110180.00000
    511    1042326.00000
    512    1096234.00000
    513    1042010.00000
    514     897356.90000
    515     862321.60000
    516     897140.40000
    517     893437.50000
    518     886876.80000
    519     825724.80000
    520     782014.40000
    521     799721.40000
    522     806540.90000
    523     843475.40000
    524     902011.70000
    525     889491.60000
    526     855080.00000
    527     877961.30000
    528     941023.20000
    529     964365.90000
    530     960263.70000
    531    1008408.00000
    532    1079360.00000
    533    1094205.00000
    534    1050844.00000
    535    1063950.00000
    536    1078770.00000
    537    1009536.00000
    538     997244.30000
    539    1130796.00000
    540    1198448.00000
    541    1130093.00000
    542    1122290.00000
    543    1198042.00000
    544    1320714.00000
    545    1505726.00000
    546    1730918.00000
    547    2054320.00000
    548    2386348.00000
    549    2503745.00000
    550    2334827.00000
    551    2319179.00000
    552    2633682.00000
    553    3059138.00000
    554    3461625.00000
    555    3602877.00000
    556    3587168.00000
    557    4055874.00000
    558    4823788.00000
    559    5358241.00000
    560    6286005.00000
    561    9454923.00000
    562    18696640.00000
    563    47942000.00000
    564    89200300.00000
    565    91268580.00000
    566    54861500.00000
    567    31537890.00000
    568    23376520.00000
    569    14052190.00000
    570    7382499.00000
    571    4830992.00000
    572    3680238.00000
    573    2983725.00000
    574    2571740.00000
    575    2264386.00000
    576    2008233.00000
    577    1782652.00000
    578    1658868.00000
    579    1545308.00000
    580    1410957.00000
    581    1413845.00000
    582    1428946.00000
    583    1283337.00000
    584    1186310.00000
    585    1184684.00000
    586    1179094.00000
    587    1163648.00000
    588    1095428.00000
    589     999253.20000
    590    1000656.00000
    591    1043532.00000
    592     980961.20000
    593     914502.40000
    594     972535.80000
    595    1014312.00000
    596     978257.50000
    597     914408.20000
    598     892371.10000
    599     927022.00000
    600     919074.90000
    601     859763.70000
    602     842426.00000
    603     848344.40000
    604     821240.70000
    605     768558.80000
    606     694707.90000
    607     696379.10000
    608     775625.90000
    609     845543.10000
    610     842310.50000
    611     809746.20000
    612     826869.40000
    613     837099.20000
    614     849169.80000
    615     807880.80000
    616     743761.20000
    617     779495.60000
    618     788783.50000
    619     763543.30000
    620     774781.20000
    621     742220.80000
    622     722762.20000
    623     778417.90000
    624     844376.10000
    625     855167.90000
    626     759038.10000
    627     706398.30000
    628     757506.60000
    629     776882.10000
    630     784363.10000
    631     849054.40000
    632     887434.90000
    633     809087.10000
    634     737206.90000
    635     760637.00000
    636     764275.80000
    637     732565.60000
    638     734444.70000
    639     783181.00000
    640     810207.10000
    641     815263.10000
    642     820744.00000
    643     763166.20000
    644     720571.10000
    645     748265.40000
    646     742735.40000
    647     694133.90000
    648     744230.20000
    649     804815.00000
    650     800039.70000
    651     789423.70000
    652     735955.10000
    653     729427.60000
    654     781706.40000
    655     772898.90000
    656     697115.40000
    657     689815.00000
    658     763629.80000
    659     743541.10000
    660     696594.30000
    661     725119.90000
    662     789122.60000
    663     849612.90000
    664     845436.80000
    665     831820.00000
    666     795632.40000
    667     771453.20000
    668     803515.10000
    669     783854.10000
    670     775806.40000
    671     755568.60000
    672     731699.50000
    673     765696.40000
    674     789237.10000
    675     859529.10000
    676     945626.40000
    677     951701.90000
    678     864253.90000
    679     813212.80000
    680     826111.40000
    681     817938.20000
    682     851122.60000
    683     822420.60000
    684     775212.60000
    685     826275.50000
    686     856430.40000
    687     854057.90000
    688     850313.60000
    689     837690.00000
    690     827119.20000
    691     877940.80000
    692     893217.40000
    693     815408.90000
    694     796291.70000
    695     897096.40000
    696     961785.90000
    697     941701.10000
    698     982237.40000
    699     964953.00000
    700     894852.00000
    701     916591.60000
    702     947346.90000
    703     943555.00000
    704     946534.90000
    705     998438.20000
    706    1075677.00000
    707    1114710.00000
    708    1096517.00000
    709    1077316.00000
    710    1090911.00000
    711    1124470.00000
    712    1152289.00000
    713    1130558.00000
    714    1147632.00000
    715    1188642.00000
    716    1146410.00000
    717    1150639.00000
    718    1219385.00000
    719    1240802.00000
    720    1286852.00000
    721    1300114.00000
    722    1280399.00000
    723    1358766.00000
    724    1406768.00000
    725    1355046.00000
    726    1383368.00000
    727    1496140.00000
    728    1516122.00000
    729    1494578.00000
    730    1547413.00000
    731    1641661.00000
    732    1732756.00000
    733    1853251.00000
    734    1988596.00000
    735    2120936.00000
    736    2268953.00000
    737    2421660.00000
    738    2546503.00000
    739    2578775.00000
    740    2604324.00000
    741    2743276.00000
    742    2852976.00000
    743    2909046.00000
    744    3053057.00000
    745    3150052.00000
    746    3128587.00000
    747    3081954.00000
    748    3072068.00000
    749    3162846.00000
    750    3295299.00000
    751    3426963.00000
    752    3545012.00000
    753    3662680.00000
    754    3759346.00000
    755    3795540.00000
    756    3861995.00000
    757    3987429.00000
    758    4153793.00000
    759    4249498.00000
    760    4363599.00000
    761    4659715.00000
    762    4964932.00000
    763    5322896.00000
    764    5862044.00000
    765    6421981.00000
    766    6833677.00000
    767    7133425.00000
    768    7463088.00000
    769    7862730.00000
    770    8381214.00000
    771    9023817.00000
    772    9848251.00000
    773    10885820.00000
    774    11877800.00000
    775    12827140.00000
    776    13895960.00000
    777    14768010.00000
    778    15219540.00000
    779    15294750.00000
    780    14918540.00000
    781    14178280.00000
    782    13181440.00000
    783    11966200.00000
    784    10653820.00000
    785    9410947.00000
    786    8432776.00000
    787    7593057.00000
    788    6782178.00000
    789    6112320.00000
    790    5564950.00000
    791    5246320.00000
    792    4964383.00000
    793    4464422.00000
    794    4046638.00000
    795    3777524.00000
    796    3552669.00000
    797    3391014.00000
    798    3153106.00000
    799    2938173.00000
    800    2863349.00000
    801    2756310.00000
    802    2572444.00000
    803    2422078.00000
    804    2347633.00000
    805    2284670.00000
    806    2195592.00000
    807    2091434.00000
    808    2033918.00000
    809    2063879.00000
    810    2059480.00000
    811    2042869.00000
    812    1997256.00000
    813    1874676.00000
    814    1883791.00000
    815    2065453.00000
    816    2369888.00000
    817    2677839.00000
    818    2808872.00000
    819    2721866.00000
    820    2547362.00000
    821    2497317.00000
    822    2534892.00000
    823    2431608.00000
    824    2294064.00000
    825    2243461.00000
    826    2251530.00000
    827    2431692.00000
    828    2687550.00000
    829    2851502.00000
    830    2978461.00000
    831    3042488.00000
    832    2884996.00000
    833    2731194.00000
    834    2913664.00000
    835    3342158.00000
    836    3714597.00000
    837    3657907.00000
    838    3443340.00000
    839    3532110.00000
    840    3980868.00000
    841    4812894.00000
    842    6034724.00000
    843    7941088.00000
    844    11806960.00000
    845    20725110.00000
    846    43231160.00000
    847    76308920.00000
    848    85388260.00000
    849    58775330.00000
    850    31146060.00000
    851    20850290.00000
    852    19646270.00000
    853    17488570.00000
    854    11762200.00000
    855    7051182.00000
    856    4853311.00000
    857    3722358.00000
    858    3119027.00000
    859    2819879.00000
    860    2471210.00000
    861    2110992.00000
    862    1920170.00000
    863    1779150.00000
    864    1682671.00000
    865    1644978.00000
    866    1578834.00000
    867    1469675.00000
    868    1385927.00000
    869    1370498.00000
    870    1322239.00000
    871    1245585.00000
    872    1228828.00000
    873    1265778.00000
    874    1296559.00000
    875    1346545.00000
    876    1295822.00000
    877    1103428.00000
    878    1057082.00000
    879    1128000.00000
    880    1151030.00000
    881    1183856.00000
    882    1175495.00000
    883    1079720.00000
    884    1009092.00000
    885    1030241.00000
    886    1012645.00000
    887     986232.50000
    888    1013873.00000
    889     936236.90000
    890     861325.80000
    891     911518.10000
    892    1040129.00000
    893    1082946.00000
    894    1024749.00000
    895    1051397.00000
    896    1052308.00000
    897     975939.10000
    898     936809.90000
    899     981109.10000
    900    1012389.00000
    901     988047.00000
    902     967114.60000
    903     913491.20000
    904     923918.20000
    905     966892.40000
    906     949259.80000
    907     949718.40000
    908     996116.10000
    909    1001190.00000
    910     988225.60000
    911     966319.50000
    912     955018.10000
    913     999029.90000
    914     946363.40000
    915     865803.10000
    916     921210.20000
    917    1017611.00000
    918    1021500.00000
    919    1002461.00000
    920    1028611.00000
    921    1050899.00000
    922    1035996.00000
    923    1011041.00000
    924    1077442.00000
    925    1140826.00000
    926    1082397.00000
    927    1010368.00000
    928     972454.70000
    929     956500.00000
    930     948578.00000
    931    1010249.00000
    932    1080135.00000
    933    1059230.00000
    934    1033415.00000
    935     999892.90000
    936     973999.20000
    937     941819.60000
    938     933689.50000
    939    1011113.00000
    940     996978.20000
    941     922585.80000
    942     939252.10000
    943     921277.90000
    944     884033.80000
    945     943510.20000
    946     971264.80000
    947     921619.90000
    948     883534.60000
    949     819036.10000
    950     819392.10000
    951     950006.90000
    952     990091.80000
    953     874461.10000
    954     799985.30000
    955     810685.80000
    956     837622.70000
    957     891136.40000
    958     907555.50000
    959     923101.20000
    960     932315.80000
    961     852537.60000
    962     775499.80000
    963     758886.90000
    964     843064.30000
    965     908902.70000
    966     908442.20000
    967     981971.70000
    968    1032164.00000
    969     976030.20000
    970     920667.10000
    971     917744.90000
    972     942149.10000
    973     911208.30000
    974     801815.90000
    975     783856.80000
    976     914151.70000
    977     987451.40000
    978     936048.10000
    979     938218.40000
    980    1015971.00000
    981     982993.80000
    982     860398.10000
    983     830455.90000
    984     850905.00000
    985     882580.60000
    986     891566.70000
    987     877829.00000
    988     897452.60000
    989     800118.30000
    990     707031.20000
    991     843286.20000
    992     994369.40000
    993    1042135.00000
    994    1058891.00000
    995     964719.10000
    996     875425.50000
    997     924859.60000
    998     969393.60000
    999     951194.60000
   1000     970643.20000
   1001    1034807.00000
   1002     980599.80000
   1003     888711.20000
   1004     878257.30000
   1005     837724.90000
   1006     816860.50000
   1007     871967.90000
   1008     955650.80000
   1009     956663.60000
   1010     895921.20000
   1011     902673.30000
   1012     941283.80000
   1013     965143.50000
   1014     927153.20000
   1015     848058.50000
   1016     819210.20000
   1017     885719.00000
   1018     972389.00000
   1019     925277.90000
   1020     793678.00000
   1021     769613.40000
   1022     848310.70000
   1023     874864.90000
   1024     925757.60000
   1025    1018651.00000
   1026     958179.60000
   1027     890384.90000
   1028     925127.60000
