      1     455889.60000
      2     417201.40000
      3     433249.60000
      4     390011.40000
      5     259612.20000
      6     284011.40000
      7     421359.00000
      8     428681.90000
      9     383963.50000
     10     423606.30000
     11     450194.50000
     12     404632.40000
     13     366728.20000
     14     368580.60000
     15     362287.50000
     16     282142.20000
     17     211804.60000
     18     244330.80000
     19     296323.50000
     20     294449.30000
     21     240057.10000
     22     302881.00000
     23     443935.40000
     24     424490.90000
     25     367620.50000
     26     386621.90000
     27     404829.00000
     28     429018.90000
     29     436547.10000
     30     453872.80000
     31     417027.30000
     32     338152.80000
     33     412444.60000
     34     428643.40000
     35     279544.40000
     36     248675.90000
     37     329603.70000
     38     331721.00000
     39     293595.90000
     40     293356.60000
     41     310128.80000
     42     308422.10000
     43     298183.40000
     44     324991.60000
     45     396684.70000
     46     417747.10000
     47     344327.00000
     48     303842.90000
     49     344627.80000
     50     371281.40000
     51     397253.00000
     52     424535.80000
     53     393229.40000
     54     398035.10000
     55     449154.50000
     56     432782.10000
     57     360706.40000
     58     395749.40000
     59     446476.90000
     60     378223.80000
     61     353061.80000
     62     443803.60000
     63     511292.90000
     64     490013.40000
     65     436646.10000
     66     440547.10000
     67     512282.80000
     68     435322.10000
     69     317061.00000
     70     404890.40000
     71     503877.50000
     72     518552.00000
     73     539344.50000
     74     562507.60000
     75     569992.30000
     76     553641.90000
     77     538720.40000
     78     549579.60000
     79     634446.10000
     80     705110.80000
     81     666622.10000
     82     660457.80000
     83     743910.10000
     84     850286.00000
     85     933411.90000
     86     987121.00000
     87    1066089.00000
     88    1145520.00000
     89    1252630.00000
     90    1504258.00000
     91    1796469.00000
     92    2037888.00000
     93    2261822.00000
     94    2402780.00000
     95    2507992.00000
     96    2679788.00000
     97    2917365.00000
     98    3294144.00000
     99    3805423.00000
    100    4467320.00000
    101    5481426.00000
    102    6853862.00000
    103    8796574.00000
    104    11987790.00000
    105    17206560.00000
    106    25693620.00000
    107    39071790.00000
    108    55393280.00000
    109    65069210.00000
    110    59792860.00000
    111    44424490.00000
    112    29590130.00000
    113    19609870.00000
    114    13604250.00000
    115    9983028.00000
    116    7658261.00000
    117    6059754.00000
    118    4902366.00000
    119    4022412.00000
    120    3450371.00000
    121    3072751.00000
    122    2656280.00000
    123    2326289.00000
    124    2143038.00000
    125    1965358.00000
    126    1823264.00000
    127    1688226.00000
    128    1515962.00000
    129    1355500.00000
    130    1283695.00000
    131    1240535.00000
    132    1103111.00000
    133    1083359.00000
    134    1138582.00000
    135    1057611.00000
    136     938881.40000
    137     832088.40000
    138     799328.90000
    139     824746.90000
    140     803391.50000
    141     780348.90000
    142     772246.40000
    143     750555.20000
    144     703947.10000
    145     675893.10000
    146     663126.30000
    147     627830.10000
    148     616091.00000
    149     587154.50000
    150     558745.70000
    151     644507.10000
    152     806387.20000
    153     889279.10000
    154     802720.20000
    155     720739.10000
    156     738306.40000
    157     711702.90000
    158     690030.80000
    159     734821.90000
    160     692714.50000
    161     639043.40000
    162     676799.30000
    163     629613.10000
    164     585996.10000
    165     715824.40000
    166     840973.00000
    167     871737.40000
    168     838178.20000
    169     775578.30000
    170     730730.10000
    171     655336.80000
    172     606583.10000
    173     581734.90000
    174     565047.20000
    175     599005.70000
    176     573248.50000
    177     529188.00000
    178     599019.90000
    179     623261.10000
    180     511754.80000
    181     497938.10000
    182     558744.60000
    183     528098.40000
    184     499742.90000
    185     514359.50000
    186     595827.40000
    187     676632.60000
    188     675874.40000
    189     573246.60000
    190     499930.40000
    191     526798.20000
    192     537500.20000
    193     591906.20000
    194     613550.60000
    195     602408.20000
    196     690917.90000
    197     739416.80000
    198     761093.90000
    199     844755.80000
    200     905037.40000
    201     959336.20000
    202    1003742.00000
    203    1016086.00000
    204    1029996.00000
    205    1053994.00000
    206    1128434.00000
    207    1237765.00000
    208    1342691.00000
    209    1495475.00000
    210    1588408.00000
    211    1600492.00000
    212    1618635.00000
    213    1665649.00000
    214    1744219.00000
    215    1800763.00000
    216    1952939.00000
    217    2309113.00000
    218    2682735.00000
    219    3111082.00000
    220    3627861.00000
    221    4204294.00000
    222    5021620.00000
    223    6359702.00000
    224    8916822.00000
    225    14627140.00000
    226    29031580.00000
    227    63179680.00000
    228    102401500.00000
    229    102385900.00000
    230    65105410.00000
    231    32565840.00000
    232    17210440.00000
    233    10661170.00000
    234    7650720.00000
    235    6004678.00000
    236    4991460.00000
    237    4317233.00000
    238    4043698.00000
    239    4081360.00000
    240    4146024.00000
    241    4132542.00000
    242    4344907.00000
    243    4961260.00000
    244    5769962.00000
    245    6825772.00000
    246    8528288.00000
    247    11799780.00000
    248    19063080.00000
    249    37335530.00000
    250    73991370.00000
    251    105192800.00000
    252    94655300.00000
    253    58000390.00000
    254    30767250.00000
    255    17767020.00000
    256    11631950.00000
    257    8439898.00000
    258    6575337.00000
    259    5411231.00000
    260    4754186.00000
    261    4328998.00000
    262    3845568.00000
    263    3341348.00000
    264    2870479.00000
    265    2481852.00000
    266    2205046.00000
    267    1998690.00000
    268    1894781.00000
    269    1803630.00000
    270    1654516.00000
    271    1574601.00000
    272    1516723.00000
    273    1384002.00000
    274    1280830.00000
    275    1253438.00000
    276    1250917.00000
    277    1290076.00000
    278    1273955.00000
    279    1182820.00000
    280    1155050.00000
    281    1133872.00000
    282    1042827.00000
    283    1026452.00000
    284    1099577.00000
    285    1143626.00000
    286    1115754.00000
    287    1043212.00000
    288     989563.50000
    289     985659.00000
    290    1015198.00000
    291    1055148.00000
    292    1042199.00000
    293    1033524.00000
    294    1101570.00000
    295    1134586.00000
    296    1148517.00000
    297    1257832.00000
    298    1391491.00000
    299    1419332.00000
    300    1373640.00000
    301    1413338.00000
    302    1609519.00000
    303    1788140.00000
    304    1884566.00000
    305    2027142.00000
    306    2125326.00000
    307    2116215.00000
    308    2168016.00000
    309    2298854.00000
    310    2412728.00000
    311    2599139.00000
    312    2846218.00000
    313    3104046.00000
    314    3454441.00000
    315    4027834.00000
    316    4875903.00000
    317    6011826.00000
    318    7666311.00000
    319    10248640.00000
    320    14423720.00000
    321    21661300.00000
    322    34297020.00000
    323    52752870.00000
    324    69040130.00000
    325    70699940.00000
    326    57509230.00000
    327    40602010.00000
    328    27379870.00000
    329    18825060.00000
    330    13700200.00000
    331    10673650.00000
    332    8837514.00000
    333    7540658.00000
    334    6533237.00000
    335    5835172.00000
    336    5529384.00000
    337    5431066.00000
    338    5181209.00000
    339    4877210.00000
    340    4753694.00000
    341    4704441.00000
    342    4768648.00000
    343    5068656.00000
    344    5568140.00000
    345    6346492.00000
    346    7475787.00000
    347    9159764.00000
    348    12176820.00000
    349    17930980.00000
    350    28846710.00000
    351    48238190.00000
    352    71058140.00000
    353    78808300.00000
    354    64780270.00000
    355    44515070.00000
    356    29323140.00000
    357    19282960.00000
    358    13180070.00000
    359    9751634.00000
    360    7844703.00000
    361    6664482.00000
    362    5789928.00000
    363    5232310.00000
    364    4989450.00000
    365    4890956.00000
    366    4767867.00000
    367    4622860.00000
    368    4541734.00000
    369    4617526.00000
    370    4984063.00000
    371    5679689.00000
    372    6740772.00000
    373    8648579.00000
    374    12487760.00000
    375    20649230.00000
    376    40103280.00000
    377    75183840.00000
    378    98575320.00000
    379    82583390.00000
    380    52431320.00000
    381    34007000.00000
    382    22180900.00000
    383    14056830.00000
    384    9950109.00000
    385    7756410.00000
    386    6377056.00000
    387    5480938.00000
    388    4909310.00000
    389    4586727.00000
    390    4448423.00000
    391    4337030.00000
    392    4166008.00000
    393    4043387.00000
    394    3960086.00000
    395    3836638.00000
    396    3706775.00000
    397    3560215.00000
    398    3475927.00000
    399    3493566.00000
    400    3537552.00000
    401    3591046.00000
    402    3749959.00000
    403    4128126.00000
    404    4793181.00000
    405    5872147.00000
    406    7772431.00000
    407    10773430.00000
    408    15202990.00000
    409    23338470.00000
    410    41042440.00000
    411    68222480.00000
    412    82714370.00000
    413    68707430.00000
    414    45490780.00000
    415    29934800.00000
    416    19539450.00000
    417    12529880.00000
    418    8757292.00000
    419    6740936.00000
    420    5478494.00000
    421    4698216.00000
    422    4358324.00000
    423    4157052.00000
    424    3877854.00000
    425    3570234.00000
    426    3233320.00000
    427    2929395.00000
    428    2742694.00000
    429    2601536.00000
    430    2484804.00000
    431    2412285.00000
    432    2255082.00000
    433    1994172.00000
    434    1769313.00000
    435    1658709.00000
    436    1640542.00000
    437    1588125.00000
    438    1461516.00000
    439    1385542.00000
    440    1397686.00000
    441    1369314.00000
    442    1318742.00000
    443    1346578.00000
    444    1404165.00000
    445    1386968.00000
    446    1318597.00000
    447    1282609.00000
    448    1276569.00000
    449    1247743.00000
    450    1193856.00000
    451    1203795.00000
    452    1225214.00000
    453    1113484.00000
    454    1033283.00000
    455    1085887.00000
    456    1076774.00000
    457    1063226.00000
    458    1018866.00000
    459     989190.10000
    460    1079590.00000
    461    1076508.00000
    462    1051252.00000
    463    1059128.00000
    464    1027564.00000
    465    1059365.00000
    466    1084766.00000
    467    1002041.00000
    468     950388.70000
    469     991327.10000
    470    1022090.00000
    471     980015.20000
    472     915344.10000
    473     882929.00000
    474     885148.50000
    475     930977.90000
    476     947467.40000
    477     926979.00000
    478     985040.10000
    479    1054309.00000
    480    1000843.00000
    481     941386.90000
    482    1050485.00000
    483    1143661.00000
    484    1063973.00000
    485    1004593.00000
    486    1011340.00000
    487     945054.10000
    488     891243.90000
    489     888044.20000
    490     870885.10000
    491     909333.60000
    492     931804.90000
    493     907632.60000
    494     954394.60000
    495     991721.50000
    496     904140.90000
    497     902000.60000
    498    1009543.00000
    499     994543.20000
    500     958760.40000
    501     949828.70000
    502     937329.90000
    503     973789.10000
    504    1014201.00000
    505    1059118.00000
    506    1026779.00000
    507     973713.90000
    508     975461.70000
    509    1006401.00000
    510    1045610.00000
    511     998786.30000
    512     929727.90000
    513     935212.40000
    514     977091.00000
    515     999838.50000
    516     986785.40000
    517     969186.00000
    518     993065.90000
    519    1007403.00000
    520     974863.80000
    521     949423.10000
    522     949998.20000
    523     943900.10000
    524     904991.70000
    525     894389.80000
    526     952960.80000
    527     998192.10000
    528    1044888.00000
    529    1082596.00000
    530    1043777.00000
    531    1023540.00000
    532    1059182.00000
    533    1057645.00000
    534    1051887.00000
    535    1123164.00000
    536    1167205.00000
    537    1154358.00000
    538    1206464.00000
    539    1284317.00000
    540    1363632.00000
    541    1404000.00000
    542    1411574.00000
    543    1473683.00000
    544    1607874.00000
    545    1857677.00000
    546    2239195.00000
    547    2706336.00000
    548    3187862.00000
    549    3489782.00000
    550    3613894.00000
    551    3675403.00000
    552    3846580.00000
    553    4191381.00000
    554    4681182.00000
    555    5404010.00000
    556    6621599.00000
    557    8685124.00000
    558    12806240.00000
    559    22678830.00000
    560    50776520.00000
    561    96241340.00000
    562    111140200.00000
    563    76440900.00000
    564    43058010.00000
    565    32165660.00000
    566    23648580.00000
    567    13825930.00000
    568    8512587.00000
    569    6491355.00000
    570    5162592.00000
    571    4133523.00000
    572    3435520.00000
    573    2977838.00000
    574    2672445.00000
    575    2436196.00000
    576    2172670.00000
    577    1971822.00000
    578    1827024.00000
    579    1750516.00000
    580    1695789.00000
    581    1592351.00000
    582    1564224.00000
    583    1567714.00000
    584    1469726.00000
    585    1384187.00000
    586    1350255.00000
    587    1295588.00000
    588    1201026.00000
    589    1205813.00000
    590    1331703.00000
    591    1338689.00000
    592    1245088.00000
    593    1282102.00000
    594    1314214.00000
    595    1190110.00000
    596    1122199.00000
    597    1146643.00000
    598    1134111.00000
    599    1129336.00000
    600    1055131.00000
    601     957889.90000
    602    1026593.00000
    603    1071811.00000
    604    1009004.00000
    605     942932.00000
    606     940160.90000
    607     984751.80000
    608     977221.00000
    609     985199.90000
    610    1030859.00000
    611    1078791.00000
    612    1065838.00000
    613     988342.30000
    614     944113.80000
    615     904034.50000
    616     878731.80000
    617     852672.00000
    618     884355.90000
    619     983378.20000
    620     986477.60000
    621     972877.80000
    622    1059025.00000
    623    1086330.00000
    624     994476.50000
    625     911489.60000
    626     874736.60000
    627     868851.60000
    628     899816.70000
    629     897458.00000
    630     823264.50000
    631     798699.60000
    632     818693.10000
    633     803934.90000
    634     837873.80000
    635     896902.80000
    636     884525.10000
    637     878220.40000
    638     901305.60000
    639     875045.30000
    640     855705.90000
    641     821134.10000
    642     758830.20000
    643     775051.90000
    644     794756.70000
    645     794097.70000
    646     852782.00000
    647     886285.00000
    648     820975.60000
    649     797755.10000
    650     803472.10000
    651     765147.00000
    652     797610.80000
    653     919846.00000
    654     949339.40000
    655     840360.60000
    656     848579.20000
    657     872845.60000
    658     764368.80000
    659     764393.10000
    660     872055.90000
    661     943155.20000
    662     886489.10000
    663     818588.80000
    664     898996.00000
    665     945700.80000
    666     907830.70000
    667     903356.00000
    668     946683.80000
    669     983399.60000
    670     960484.00000
    671     970780.50000
    672    1029772.00000
    673    1006976.00000
    674     950229.10000
    675     966642.80000
    676     917647.20000
    677     832037.00000
    678     917359.80000
    679     984374.80000
    680     953531.20000
    681     964228.90000
    682     994878.70000
    683    1017674.00000
    684    1036763.00000
    685    1088727.00000
    686    1098687.00000
    687    1062534.00000
    688    1066959.00000
    689    1062450.00000
    690    1027008.00000
    691     958296.30000
    692     978758.80000
    693    1114058.00000
    694    1206650.00000
    695    1162067.00000
    696    1083813.00000
    697    1155313.00000
    698    1216378.00000
    699    1195781.00000
    700    1187457.00000
    701    1143401.00000
    702    1130788.00000
    703    1157251.00000
    704    1149464.00000
    705    1135259.00000
    706    1135863.00000
    707    1169660.00000
    708    1181775.00000
    709    1226142.00000
    710    1321508.00000
    711    1286814.00000
    712    1171574.00000
    713    1166811.00000
    714    1284395.00000
    715    1360980.00000
    716    1372962.00000
    717    1404654.00000
    718    1394018.00000
    719    1394271.00000
    720    1482915.00000
    721    1587554.00000
    722    1661942.00000
    723    1703457.00000
    724    1727532.00000
    725    1731085.00000
    726    1716068.00000
    727    1738699.00000
    728    1811791.00000
    729    1835575.00000
    730    1764508.00000
    731    1774454.00000
    732    1870820.00000
    733    1951210.00000
    734    2131463.00000
    735    2250362.00000
    736    2215410.00000
    737    2280532.00000
    738    2447597.00000
    739    2562197.00000
    740    2637123.00000
    741    2707730.00000
    742    2788729.00000
    743    2922655.00000
    744    2991618.00000
    745    2992320.00000
    746    3123015.00000
    747    3273524.00000
    748    3333367.00000
    749    3429235.00000
    750    3487699.00000
    751    3489182.00000
    752    3570767.00000
    753    3666376.00000
    754    3704508.00000
    755    3784746.00000
    756    3950586.00000
    757    4093222.00000
    758    4147788.00000
    759    4170888.00000
    760    4270934.00000
    761    4436221.00000
    762    4561620.00000
    763    4682068.00000
    764    4880360.00000
    765    5214110.00000
    766    5583260.00000
    767    5935734.00000
    768    6360478.00000
    769    6921654.00000
    770    7690836.00000
    771    8546357.00000
    772    9501436.00000
    773    10642320.00000
    774    11882960.00000
    775    13322560.00000
    776    14904980.00000
    777    16308520.00000
    778    17356050.00000
    779    17925310.00000
    780    17889570.00000
    781    17183930.00000
    782    15912200.00000
    783    14450930.00000
    784    12999310.00000
    785    11488940.00000
    786    10078150.00000
    787    8916432.00000
    788    7904723.00000
    789    7117422.00000
    790    6531810.00000
    791    6007072.00000
    792    5609470.00000
    793    5217631.00000
    794    4794738.00000
    795    4545612.00000
    796    4434338.00000
    797    4251280.00000
    798    4021621.00000
    799    3803803.00000
    800    3673933.00000
    801    3674497.00000
    802    3594979.00000
    803    3495231.00000
    804    3520345.00000
    805    3612112.00000
    806    3790272.00000
    807    4050904.00000
    808    4334420.00000
    809    4709606.00000
    810    5279032.00000
    811    6133772.00000
    812    7340852.00000
    813    8843044.00000
    814    10792510.00000
    815    13432430.00000
    816    17533060.00000
    817    25764650.00000
    818    42659550.00000
    819    66816060.00000
    820    80271910.00000
    821    68919510.00000
    822    46357820.00000
    823    30770130.00000
    824    24447110.00000
    825    21969640.00000
    826    18306340.00000
    827    13307160.00000
    828    9545375.00000
    829    7340236.00000
    830    5875897.00000
    831    4983236.00000
    832    4403130.00000
    833    3932852.00000
    834    3561629.00000
    835    3242073.00000
    836    3036903.00000
    837    2850372.00000
    838    2584813.00000
    839    2360364.00000
    840    2285610.00000
    841    2305402.00000
    842    2228784.00000
    843    2106458.00000
    844    2070260.00000
    845    1990567.00000
    846    1878276.00000
    847    1856252.00000
    848    1838388.00000
    849    1780263.00000
    850    1744475.00000
    851    1736632.00000
    852    1777803.00000
    853    1777637.00000
    854    1667241.00000
    855    1580974.00000
    856    1518970.00000
    857    1454627.00000
    858    1477724.00000
    859    1514007.00000
    860    1472512.00000
    861    1389030.00000
    862    1340341.00000
    863    1349065.00000
    864    1367973.00000
    865    1382060.00000
    866    1363384.00000
    867    1388099.00000
    868    1523241.00000
    869    1521328.00000
    870    1417367.00000
    871    1437472.00000
    872    1356381.00000
    873    1235244.00000
    874    1279073.00000
    875    1316464.00000
    876    1304488.00000
    877    1295489.00000
    878    1255946.00000
    879    1195640.00000
    880    1255656.00000
    881    1384045.00000
    882    1349385.00000
    883    1259366.00000
    884    1259823.00000
    885    1258077.00000
    886    1251532.00000
    887    1289181.00000
    888    1344179.00000
    889    1371731.00000
    890    1334357.00000
    891    1282455.00000
    892    1261496.00000
    893    1227795.00000
    894    1181158.00000
    895    1201100.00000
    896    1248686.00000
    897    1232018.00000
    898    1203990.00000
    899    1228761.00000
    900    1228167.00000
    901    1188700.00000
    902    1188950.00000
    903    1137302.00000
    904    1141606.00000
    905    1265535.00000
    906    1282873.00000
    907    1242131.00000
    908    1183699.00000
    909    1080043.00000
    910    1092672.00000
    911    1166343.00000
    912    1158980.00000
    913    1185148.00000
    914    1239524.00000
    915    1171019.00000
    916    1085983.00000
    917    1117672.00000
    918    1131376.00000
    919    1072737.00000
    920    1057639.00000
    921    1066492.00000
    922    1095038.00000
    923    1143847.00000
    924    1132353.00000
    925    1091672.00000
    926    1117598.00000
    927    1194180.00000
    928    1162630.00000
    929    1056691.00000
    930    1059990.00000
    931    1150576.00000
    932    1176017.00000
    933    1142280.00000
    934    1119206.00000
    935    1152367.00000
    936    1216283.00000
    937    1217019.00000
    938    1177067.00000
    939    1084569.00000
    940    1012896.00000
    941    1030669.00000
    942    1096918.00000
    943    1120600.00000
    944    1055136.00000
    945    1041418.00000
    946    1050303.00000
    947    1078638.00000
    948    1122763.00000
    949    1058470.00000
    950    1000104.00000
    951    1005251.00000
    952    1040716.00000
    953    1116409.00000
    954    1166069.00000
    955    1165022.00000
    956    1188342.00000
    957    1256331.00000
    958    1255123.00000
    959    1208494.00000
    960    1207111.00000
    961    1190690.00000
    962    1149487.00000
    963    1088444.00000
    964    1055295.00000
    965    1068567.00000
    966    1070627.00000
    967    1107517.00000
    968    1164532.00000
    969    1182132.00000
    970    1147962.00000
    971    1025154.00000
    972     972913.10000
    973    1072909.00000
    974    1099164.00000
    975    1065533.00000
    976    1075436.00000
    977    1104904.00000
    978    1147879.00000
    979    1181598.00000
    980    1147875.00000
    981    1069127.00000
    982    1073049.00000
    983    1133514.00000
    984    1144261.00000
    985    1120500.00000
    986    1087017.00000
    987    1077849.00000
    988    1108969.00000
    989    1145038.00000
    990    1179818.00000
    991    1174217.00000
    992    1151932.00000
    993    1167060.00000
    994    1188645.00000
    995    1170205.00000
    996    1154759.00000
    997    1170305.00000
    998    1116586.00000
    999    1070256.00000
   1000    1171504.00000
   1001    1244264.00000
   1002    1174179.00000
   1003    1097046.00000
   1004    1081108.00000
   1005    1141136.00000
   1006    1219762.00000
   1007    1238108.00000
   1008    1256943.00000
   1009    1227988.00000
   1010    1056626.00000
   1011    1022277.00000
   1012    1147472.00000
   1013    1105426.00000
   1014    1065686.00000
   1015    1172080.00000
   1016    1200726.00000
   1017    1095297.00000
   1018    1046515.00000
   1019    1094206.00000
   1020    1129404.00000
   1021    1155420.00000
   1022    1123295.00000
   1023    1052630.00000
   1024    1095460.00000
   1025    1172880.00000
   1026    1135546.00000
   1027    1071781.00000
   1028    1056341.00000
